# wav(mic), n, k
2.999999999999999889e-01        1.447500000000000009e+00        1.800000000000000061e-15
3.099999999999999978e-01        1.447500000000000009e+00        1.800000000000000061e-15
3.200000000000000067e-01        1.447500000000000009e+00        1.800000000000000061e-15
3.300000000000000155e-01        1.447500000000000009e+00        1.800000000000000061e-15
3.400000000000000244e-01        1.447500000000000009e+00        1.800000000000000061e-15
3.499999999999999778e-01        1.447500000000000009e+00        1.800000000000000061e-15
3.599999999999999867e-01        1.447500000000000009e+00        1.800000000000000061e-15
3.699999999999999956e-01        1.447500000000000009e+00        1.800000000000000061e-15
3.800000000000000044e-01        1.447500000000000009e+00        1.800000000000000061e-15
3.900000000000000133e-01        1.447500000000000009e+00        1.800000000000000061e-15
4.000000000000000222e-01        1.447500000000000009e+00        1.800000000000000061e-15
4.099999999999999756e-01        1.447500000000000009e+00        1.800000000000000061e-15
4.199999999999999845e-01        1.447500000000000009e+00        1.800000000000000061e-15
4.299999999999999933e-01        1.447500000000000009e+00        1.800000000000000061e-15
4.400000000000000022e-01        1.447500000000000009e+00        1.800000000000000061e-15
4.500000000000000111e-01        1.447500000000000009e+00        1.800000000000000061e-15
4.600000000000000200e-01        1.447500000000000009e+00        1.800000000000000061e-15
4.699999999999999734e-01        1.447500000000000009e+00        1.800000000000000061e-15
4.799999999999999822e-01        1.447500000000000009e+00        1.800000000000000061e-15
4.899999999999999911e-01        1.447500000000000009e+00        1.800000000000000061e-15
5.000000000000000000e-01        1.447500000000000009e+00        1.800000000000000061e-15
5.100000000000000089e-01        1.447500000000000009e+00        1.800000000000000061e-15
5.200000000000000178e-01        1.447500000000000009e+00        1.800000000000000061e-15
5.300000000000000266e-01        1.447500000000000009e+00        1.800000000000000061e-15
5.400000000000000355e-01        1.447500000000000009e+00        1.800000000000000061e-15
5.500000000000000444e-01        1.447500000000000009e+00        1.800000000000000061e-15
5.600000000000000533e-01        1.447500000000000009e+00        1.800000000000000061e-15
5.699999999999999512e-01        1.447500000000000009e+00        1.800000000000000061e-15
5.799999999999999600e-01        1.447500000000000009e+00        1.800000000000000061e-15
5.899999999999999689e-01        1.447500000000000009e+00        1.800000000000000061e-15
5.999999999999999778e-01        1.447500000000000009e+00        1.800000000000000061e-15
6.099999999999999867e-01        1.447500000000000009e+00        1.800000000000000061e-15
6.199999999999999956e-01        1.447500000000000009e+00        1.800000000000000061e-15
6.300000000000000044e-01        1.447500000000000009e+00        1.800000000000000061e-15
6.400000000000000133e-01        1.447500000000000009e+00        1.800000000000000061e-15
6.500000000000000222e-01        1.447500000000000009e+00        1.800000000000000061e-15
6.600000000000000311e-01        1.447500000000000009e+00        1.800000000000000061e-15
6.700000000000000400e-01        1.447500000000000009e+00        1.800000000000000061e-15
6.800000000000000488e-01        1.447500000000000009e+00        1.800000000000000061e-15
6.899999999999999467e-01        1.447500000000000009e+00        1.800000000000000061e-15
6.999999999999999556e-01        1.447500000000000009e+00        1.800000000000000061e-15
7.099999999999999645e-01        1.447500000000000009e+00        1.800000000000000061e-15
7.199999999999999734e-01        1.447500000000000009e+00        1.800000000000000061e-15
7.299999999999999822e-01        1.447500000000000009e+00        1.800000000000000061e-15
7.399999999999999911e-01        1.447500000000000009e+00        1.800000000000000061e-15
7.500000000000000000e-01        1.447500000000000009e+00        1.800000000000000061e-15
7.600000000000000089e-01        1.447500000000000009e+00        1.800000000000000061e-15
7.700000000000000178e-01        1.447500000000000009e+00        1.800000000000000061e-15
7.800000000000000266e-01        1.447500000000000009e+00        1.800000000000000061e-15
7.900000000000000355e-01        1.447500000000000009e+00        1.800000000000000061e-15
8.000000000000000444e-01        1.447500000000000009e+00        1.800000000000000061e-15
8.100000000000000533e-01        1.447500000000000009e+00        1.800000000000000061e-15
8.199999999999999512e-01        1.447500000000000009e+00        1.800000000000000061e-15
8.299999999999999600e-01        1.447500000000000009e+00        1.800000000000000061e-15
8.399999999999999689e-01        1.447500000000000009e+00        1.800000000000000061e-15
8.499999999999999778e-01        1.447500000000000009e+00        1.800000000000000061e-15
8.599999999999999867e-01        1.447500000000000009e+00        1.800000000000000061e-15
8.699999999999999956e-01        1.447500000000000009e+00        1.800000000000000061e-15
8.800000000000000044e-01        1.447500000000000009e+00        1.800000000000000061e-15
8.900000000000000133e-01        1.447500000000000009e+00        1.800000000000000061e-15
9.000000000000000222e-01        1.447500000000000009e+00        1.800000000000000061e-15
9.100000000000000311e-01        1.447500000000000009e+00        1.800000000000000061e-15
9.200000000000000400e-01        1.447500000000000009e+00        1.800000000000000061e-15
9.300000000000000488e-01        1.447500000000000009e+00        1.800000000000000061e-15
9.399999999999999467e-01        1.447500000000000009e+00        1.800000000000000061e-15
9.499999999999999556e-01        1.447500000000000009e+00        1.800000000000000061e-15
9.599999999999999645e-01        1.447500000000000009e+00        1.800000000000000061e-15
9.699999999999999734e-01        1.447500000000000009e+00        1.800000000000000061e-15
9.799999999999999822e-01        1.447500000000000009e+00        1.800000000000000061e-15
9.899999999999999911e-01        1.447500000000000009e+00        1.800000000000000061e-15
1.000000000000000000e+00        1.447500000000000009e+00        1.800000000000000061e-15
1.010000000000000009e+00        1.447500000000000009e+00        1.800000000000000061e-15
1.020000000000000018e+00        1.447500000000000009e+00        1.800000000000000061e-15
1.030000000000000027e+00        1.447500000000000009e+00        1.800000000000000061e-15
1.040000000000000036e+00        1.447500000000000009e+00        1.800000000000000061e-15
1.050000000000000044e+00        1.447500000000000009e+00        1.800000000000000061e-15
1.060000000000000053e+00        1.447500000000000009e+00        1.800000000000000061e-15
1.070000000000000062e+00        1.447500000000000009e+00        1.800000000000000061e-15
1.080000000000000071e+00        1.447500000000000009e+00        1.800000000000000061e-15
1.090000000000000080e+00        1.447500000000000009e+00        1.800000000000000061e-15
1.100000000000000089e+00        1.447500000000000009e+00        1.800000000000000061e-15
1.110000000000000098e+00        1.447500000000000009e+00        1.800000000000000061e-15
1.120000000000000107e+00        1.447500000000000009e+00        1.800000000000000061e-15
1.129999999999999893e+00        1.447500000000000009e+00        1.800000000000000061e-15
1.139999999999999902e+00        1.447500000000000009e+00        1.800000000000000061e-15
1.149999999999999911e+00        1.447500000000000009e+00        1.800000000000000061e-15
1.159999999999999920e+00        1.447500000000000009e+00        1.800000000000000061e-15
1.169999999999999929e+00        1.447500000000000009e+00        1.800000000000000061e-15
1.179999999999999938e+00        1.447500000000000009e+00        1.800000000000000061e-15
1.189999999999999947e+00        1.447500000000000009e+00        1.800000000000000061e-15
1.199999999999999956e+00        1.447500000000000009e+00        1.800000000000000061e-15
1.209999999999999964e+00        1.447500000000000009e+00        1.800000000000000061e-15
1.219999999999999973e+00        1.447500000000000009e+00        1.800000000000000061e-15
1.229999999999999982e+00        1.447500000000000009e+00        1.800000000000000061e-15
1.239999999999999991e+00        1.447500000000000009e+00        1.800000000000000061e-15
1.250000000000000000e+00        1.447500000000000009e+00        1.800000000000000061e-15
1.260000000000000009e+00        1.447500000000000009e+00        1.800000000000000061e-15
1.270000000000000018e+00        1.447500000000000009e+00        1.800000000000000061e-15
1.280000000000000027e+00        1.447500000000000009e+00        1.800000000000000061e-15
1.290000000000000036e+00        1.447500000000000009e+00        1.800000000000000061e-15
1.300000000000000044e+00        1.447500000000000009e+00        1.800000000000000061e-15
1.310000000000000053e+00        1.447500000000000009e+00        1.800000000000000061e-15
1.320000000000000062e+00        1.447500000000000009e+00        6.624567967351035458e-06
1.330000000000000071e+00        1.447500000000000009e+00        2.258306522450676868e-05
1.340000000000000080e+00        1.447500000000000009e+00        3.854156248166250022e-05
1.350000000000000089e+00        1.447500000000000009e+00        5.450005973881823175e-05
1.360000000000000098e+00        1.447500000000000009e+00        7.045855699597397006e-05
1.370000000000000107e+00        1.447500000000000009e+00        8.641705425312970837e-05
1.379999999999999893e+00        1.447500000000000009e+00        1.023755515102850943e-04
1.389999999999999902e+00        1.447500000000000009e+00        1.183340487674408191e-04
1.399999999999999911e+00        1.447500000000000009e+00        1.342925460245965438e-04
1.409999999999999920e+00        1.447500000000000009e+00        1.502510432817522686e-04
1.419999999999999929e+00        1.447500000000000009e+00        1.662095405389080204e-04
1.429999999999999938e+00        1.447699999999999987e+00        6.999999999999999387e-05
1.439999999999999947e+00        1.447694996947636703e+00        6.000610472635879136e-05
1.449999999999999956e+00        1.447681790317152828e+00        2.820968284717149073e-05
1.459999999999999964e+00        1.447652187355749076e+00        1.437471149786203589e-05
1.469999999999999973e+00        1.447571828979453912e+00        -1.000000000000000082e-05
1.479999999999999982e+00        1.447497300631724659e+00        4.539873655066614926e-05
1.489999999999999991e+00        1.447449999999999903e+00        5.772081979579800121e-05
1.500000000000000000e+00        1.447370000000000045e+00        1.168119913686030983e-04
1.510000000000000009e+00        1.447378804645101935e+00        1.700000000000000122e-04
1.520000000000000018e+00        1.447375258756388838e+00        1.947412436113167046e-04
1.530000000000000027e+00        1.447413525934029277e+00        2.005778020879307017e-04
1.540000000000000036e+00        1.447463373450428525e+00        2.166265495714166231e-04
1.550000000000000044e+00        1.447494577191442255e+00        7.288595721166242264e-05
1.560000000000000053e+00        1.447362325343052980e+00        2.924400728978076823e-05
1.570000000000000062e+00        1.447310187728427122e+00        -1.981227157304640569e-05
1.580000000000000071e+00        1.447219999999999951e+00        1.582677345887620126e-05
1.590000000000000080e+00        1.447187352979938169e+00        1.867648996907523280e-05
1.600000000000000089e+00        1.447120489949792921e+00        -4.650335006899416329e-05
1.610000000000000098e+00        1.447021556840634604e+00        -3.688631873059334946e-05
1.620000000000000107e+00        1.446966669130233640e+00        -1.000000000000000082e-05
1.629999999999999893e+00        1.446882027555369765e+00        3.608266610909184624e-05
1.639999999999999902e+00        1.446896574998044027e+00        1.000000000000000082e-05
1.649999999999999911e+00        1.446865814391187444e+00        2.000000000000000164e-05
1.659999999999999920e+00        1.446801329531483882e+00        7.340937032486077442e-06
1.669999999999999929e+00        1.446749403685751112e+00        3.059631424894426602e-05
1.679999999999999938e+00        1.446700000000000097e+00        -1.425905359562236582e-06
1.689999999999999947e+00        1.446641003045614493e+00        -7.993908771011176150e-06
1.699999999999999956e+00        1.446570826541398125e+00        -1.082654139828335629e-05
1.709999999999999964e+00        1.446477359564611653e+00        -2.578652153723153310e-05
1.719999999999999973e+00        1.446408610910133952e+00        4.930545506694109621e-05
1.729999999999999982e+00        1.446372491487301737e+00        6.126276904750715155e-05
1.739999999999999991e+00        1.446314824696881551e+00        5.482469688155821295e-05
1.750000000000000000e+00        1.446267537280844451e+00        3.000000000000000076e-05
1.760000000000000009e+00        1.446209999999999996e+00        2.000000000000000164e-05
1.770000000000000018e+00        1.446164743351016302e+00        1.000000000000000082e-05
1.780000000000000027e+00        1.446090000000000098e+00        -3.485327922136399590e-06
1.790000000000000036e+00        1.446001278831029246e+00        -2.000000000000000164e-05
1.800000000000000044e+00        1.445915988940839503e+00        -3.600737277361053246e-05
1.810000000000000053e+00        1.445820000000000105e+00        -6.399142449390046386e-06
1.820000000000000062e+00        1.445764068753252030e+00        9.656233739789974764e-06
1.830000000000000071e+00        1.445720171068638926e+00        4.655262090738288618e-05
1.840000000000000080e+00        1.445610000000000062e+00        4.778803367348437089e-06
1.850000000000000089e+00        1.445475523940198626e+00        5.552394019853811404e-05
1.860000000000000098e+00        1.445393848483375487e+00        -1.000000000000000082e-05
1.870000000000000107e+00        1.445281502036160681e+00        6.150203616076411594e-05
1.879999999999999893e+00        1.445219357917812975e+00        1.064208218687382174e-05
1.889999999999999902e+00        1.445085711359798131e+00        4.286592060522358106e-05
1.899999999999999911e+00        1.445071791762036373e+00        9.283295185433785733e-05
1.909999999999999920e+00        1.444890251181033314e+00        3.299842528899752541e-05
1.919999999999999929e+00        1.444760000000000044e+00        0.000000000000000000e+00
1.929999999999999938e+00        1.444600000000000106e+00        -1.160423689148188540e-05
1.939999999999999947e+00        1.444360000000000088e+00        -6.999999999999999387e-05
1.949999999999999956e+00        1.444030463911009310e+00        -4.907217798129976294e-05
1.959999999999999964e+00        1.443620806263776535e+00        -4.306457874118281174e-05
1.969999999999999973e+00        1.442899535421699797e+00        2.500000000000000052e-04
1.979999999999999982e+00        1.442201821705423770e+00        1.175465116271513354e-03
1.989999999999999991e+00        1.442001856804989268e+00        2.612572780042775669e-03
2.000000000000000000e+00        1.443293628634029879e+00        4.766814317014958849e-03
2.009999999999999787e+00        1.446155076943371087e+00        4.229846113257565432e-03
2.020000000000000018e+00        1.446811689717477867e+00        2.418310282522157049e-03
2.029999999999999805e+00        1.446490000000000054e+00        1.378421415584962393e-03
2.040000000000000036e+00        1.446102356017075374e+00        8.576439829246123095e-04
2.049999999999999822e+00        1.445731754197057795e+00        5.282458029421475531e-04
2.060000000000000053e+00        1.445431353590249657e+00        3.299999999999999982e-04
2.069999999999999840e+00        1.445185655615473852e+00        1.986887690520526507e-04
2.080000000000000071e+00        1.444905380224067448e+00        9.269011203375437978e-05
2.089999999999999858e+00        1.444609999999999950e+00        7.871392934344902885e-05
2.100000000000000089e+00        1.444386858722012779e+00        5.371744402538271995e-05
2.109999999999999876e+00        1.444175116241179113e+00        4.883758820846204396e-06
2.120000000000000107e+00        1.443936025581252558e+00        -3.698720937374594435e-05
2.129999999999999893e+00        1.443727748042469283e+00        2.225195753063728010e-05
2.140000000000000124e+00        1.443544575118123952e+00        1.457511812385927109e-05
2.149999999999999911e+00        1.443293444587590679e+00        3.311082481873480350e-05
2.160000000000000142e+00        1.443049989401536726e+00        -1.059846319019361048e-08
2.169999999999999929e+00        1.442717555790010042e+00        2.755579001007409893e-05
2.180000000000000160e+00        1.442290828138673042e+00        5.165627734613191540e-05
2.189999999999999947e+00        1.441719583507683922e+00        1.104164923160840531e-04
2.200000000000000178e+00        1.440868720781150136e+00        4.800000000000000122e-04
2.209999999999999964e+00        1.439941305397783200e+00        1.586520951662600187e-03
2.220000000000000195e+00        1.440514600742425433e+00        3.784600742425370690e-03
2.229999999999999982e+00        1.442071307865209651e+00        4.683769288403230938e-03
2.240000000000000213e+00        1.443853589474639154e+00        4.709999999999999777e-03
2.250000000000000000e+00        1.444941210047446800e+00        3.077983254255283341e-03
2.259999999999999787e+00        1.444761768326639606e+00        1.841768326639642555e-03
2.270000000000000018e+00        1.444099999999999939e+00        1.240000000000000000e-03
2.279999999999999805e+00        1.443570000000000020e+00        1.196839978013932316e-03
2.290000000000000036e+00        1.443349999999999911e+00        1.299999999999999940e-03
2.299999999999999822e+00        1.443349999999999911e+00        1.420000000000000038e-03
2.310000000000000053e+00        1.443480000000000096e+00        1.224418451872741169e-03
2.319999999999999840e+00        1.443449999999999900e+00        9.086174619159640472e-04
2.330000000000000071e+00        1.443229954670512294e+00        5.999999999999999474e-04
2.339999999999999858e+00        1.442979999999999929e+00        3.892279977322132193e-04
2.350000000000000089e+00        1.442660000000000053e+00        2.525122518578662521e-04
2.359999999999999876e+00        1.442377115228936635e+00        1.371152289365989985e-04
2.370000000000000107e+00        1.442035565896633065e+00        1.072170516834466259e-04
2.379999999999999893e+00        1.441785124141334862e+00        6.512414133493805155e-05
2.390000000000000124e+00        1.441570000000000018e+00        6.108342003483274599e-05
2.399999999999999911e+00        1.441297995508068031e+00        2.799550806802949022e-05
2.410000000000000142e+00        1.441019999999999968e+00        5.954591891930157246e-05
2.419999999999999929e+00        1.440790000000000015e+00        5.000000000000000240e-05
2.430000000000000160e+00        1.440552219975250514e+00        3.443995050081901667e-05
2.439999999999999947e+00        1.440267370359876287e+00        4.000000000000000327e-05
2.450000000000000178e+00        1.439994451117141416e+00        7.890223428292950721e-05
2.459999999999999964e+00        1.439711461168445839e+00        5.561649466275032688e-05
2.470000000000000195e+00        1.439479840380476938e+00        4.031923904610256522e-05
2.479999999999999982e+00        1.439153221580580899e+00        3.000000000000000076e-05
2.490000000000000213e+00        1.438819999999999988e+00        6.156246989592127736e-05
2.500000000000000000e+00        1.437346760434273119e+00        4.000000000000000327e-05
2.509999999999999787e+00        1.437709756103151326e+00        6.441811870648584673e-04
2.520000000000000018e+00        1.437409977520453630e+00        1.345723384578222841e-03
2.529999999999999805e+00        1.436767656072745147e+00        2.158034701400990049e-04
2.540000000000000036e+00        1.437001449797376651e+00        9.200000000000000278e-04
2.549999999999999822e+00        1.437017861475399005e+00        2.523268442486433622e-04
2.560000000000000053e+00        1.436070618398806342e+00        7.762191944298621601e-04
2.569999999999999840e+00        1.436108922512681740e+00        3.430930518512860039e-04
2.580000000000000071e+00        1.436162352686851218e+00        5.852946262977515995e-04
2.589999999999999858e+00        1.435138534620281403e+00        3.303799435854826464e-04
2.600000000000000089e+00        1.435021233980203315e+00        8.953899670054994535e-04
2.609999999999999876e+00        1.434654135220680304e+00        8.634503839153255100e-04
2.620000000000000107e+00        1.434721615163337294e+00        7.663615223613144851e-04
2.629999999999999893e+00        1.434211262669108589e+00        5.693456154862794197e-04
2.640000000000000124e+00        1.433230049757992175e+00        1.491786517641417731e-03
2.649999999999999911e+00        1.433245307991180884e+00        9.096625275600979214e-04
2.660000000000000142e+00        1.432781464205946209e+00        1.353915400938871536e-03
2.669999999999999929e+00        1.432306288234252767e+00        1.113600906419125050e-03
2.680000000000000160e+00        1.432209266114121027e+00        1.038215787101208097e-03
2.689999999999999947e+00        1.431375871239983555e+00        1.720549339942539649e-03
2.700000000000000178e+00        1.430689956425722276e+00        7.019956425722187043e-04
2.709999999999999964e+00        1.430534493896134629e+00        8.251012207730705744e-04
2.720000000000000195e+00        1.429249390224799132e+00        9.682498481087601066e-04
2.729999999999999982e+00        1.429028350788033475e+00        1.405490849142307375e-03
2.740000000000000213e+00        1.428007158873168647e+00        8.094093521976723684e-04
2.750000000000000000e+00        1.427622935439973872e+00        1.765349259148569615e-03
2.759999999999999787e+00        1.426595233401774410e+00        1.447397462220958129e-03
2.770000000000000018e+00        1.425512124764936051e+00        1.306097039394662866e-03
2.779999999999999805e+00        1.424501280140873627e+00        1.642225499368839660e-03
2.790000000000000036e+00        1.422757348598661542e+00        1.242932052397146062e-03
2.799999999999999822e+00        1.421585172381105266e+00        1.827413809447442404e-03
2.810000000000000053e+00        1.419990337980796991e+00        2.557685315931679769e-03
2.819999999999999840e+00        1.418583609585432725e+00        2.442758986343151854e-03
2.830000000000000071e+00        1.417148639962682921e+00        2.426711923500010637e-03
2.839999999999999858e+00        1.415134744585433868e+00        2.456894287973193300e-03
2.850000000000000089e+00        1.412634318230260533e+00        3.805909381563588999e-03
2.859999999999999876e+00        1.410671605265832129e+00        3.858026329161072607e-03
2.870000000000000107e+00        1.407492454256165759e+00        3.388116263212434098e-03
2.879999999999999893e+00        1.404179998042930366e+00        3.284965751281072877e-03
2.890000000000000124e+00        1.399576537618510308e+00        3.696889568027739072e-03
2.899999999999999911e+00        1.392690564271877207e+00        3.252225708750913075e-03
2.910000000000000142e+00        1.384012765797204780e+00        3.675077665469257508e-03
2.919999999999999929e+00        1.371999979760584409e+00        3.982319617798471025e-03
2.930000000000000160e+00        1.349458143133663635e+00        7.019993230445978685e-03
2.939999999999999947e+00        1.303111656352827108e+00        2.599592894013559585e-02
2.950000000000000178e+00        1.270336004595138846e+00        1.277754386850397106e-01
2.959999999999999964e+00        1.368836100718346716e+00        2.030754371266512981e-01
2.970000000000000195e+00        1.450268458347511391e+00        1.946480270443033955e-01
2.979999999999999982e+00        1.508011906073117414e+00        1.441228755100801839e-01
2.990000000000000213e+00        1.509538271207514937e+00        9.125086315811607729e-02
3.000000000000000000e+00        1.495565136531876060e+00        6.587231152928180178e-02
3.009999999999999787e+00        1.483646238439854992e+00        5.635016512531400984e-02
3.020000000000000018e+00        1.475119279132757200e+00        5.402905931954295193e-02
3.029999999999999805e+00        1.472351200270299643e+00        5.468457181471368667e-02
3.040000000000000036e+00        1.472251577424176672e+00        5.438316931867615001e-02
3.049999999999999822e+00        1.474113674207228275e+00        5.310206439258570443e-02
3.060000000000000053e+00        1.476258271794530730e+00        5.075348027659324496e-02
3.069999999999999840e+00        1.476879607545304562e+00        4.807462792751282521e-02
3.080000000000000071e+00        1.476109877550083160e+00        4.475809524903102965e-02
3.089999999999999858e+00        1.474227443875243404e+00        4.375843442288720325e-02
3.100000000000000089e+00        1.471816255982624888e+00        4.765881580887479374e-02
3.109999999999999876e+00        1.478291443282256035e+00        5.367814432822560350e-02
3.120000000000000107e+00        1.488389235011624345e+00        5.164539283502238981e-02
3.129999999999999893e+00        1.496121892986054469e+00        4.455031190794835061e-02
3.140000000000000124e+00        1.500287342766311482e+00        3.512056940721897114e-02
3.149999999999999911e+00        1.500583430284312847e+00        2.432486956126733713e-02
3.160000000000000142e+00        1.496359330707514923e+00        1.666768130830602324e-02
3.169999999999999929e+00        1.491171006294804702e+00        1.205301888441410313e-02
3.180000000000000160e+00        1.486412499670525911e+00        1.033352979938150472e-02
3.189999999999999947e+00        1.482732837875119447e+00        9.125486558564264647e-03
3.200000000000000178e+00        1.480500015953673643e+00        8.290518346724746329e-03
3.209999999999999964e+00        1.477993511175702990e+00        7.571002789025170140e-03
3.220000000000000195e+00        1.476457948477600146e+00        7.698133489200475500e-03
3.229999999999999982e+00        1.475315885269143701e+00        7.269314211523945739e-03
3.240000000000000213e+00        1.473740005845270096e+00        7.096676408783533611e-03
3.250000000000000000e+00        1.473047681746195492e+00        6.921711681470898471e-03
3.259999999999999787e+00        1.472785949036723441e+00        6.547210069211660197e-03
3.270000000000000018e+00        1.471697601064262839e+00        6.272200133032845501e-03
3.279999999999999805e+00        1.470747549919479980e+00        5.734900161040040918e-03
3.290000000000000036e+00        1.470369042159869188e+00        5.495684865008176878e-03
3.299999999999999822e+00        1.469606221305260751e+00        5.191835350113336439e-03
3.310000000000000053e+00        1.469375736281203659e+00        4.560366615105239906e-03
3.319999999999999840e+00        1.468684425768871815e+00        4.433538977792386877e-03
3.330000000000000071e+00        1.468241625566077513e+00        3.609999999999999928e-03
3.339999999999999858e+00        1.467495229486008412e+00        2.923118913476773547e-03
3.350000000000000089e+00        1.466702163046426532e+00        2.878107334376768436e-03
3.359999999999999876e+00        1.465809944012550936e+00        2.230093312415321744e-03
3.370000000000000107e+00        1.465485132946455327e+00        1.710265892910650676e-03
3.379999999999999893e+00        1.464543956838753269e+00        1.581798580848764631e-03
3.390000000000000124e+00        1.464545845929243528e+00        1.637590604566198068e-03
3.399999999999999911e+00        1.463568486483640907e+00        7.632895761025982467e-04
3.410000000000000142e+00        1.463469739817587545e+00        1.150104072964958611e-03
3.419999999999999929e+00        1.462761581338279715e+00        6.810693679583630731e-04
3.430000000000000160e+00        1.461739126859953108e+00        3.232217843970331675e-04
3.439999999999999947e+00        1.461317249022542786e+00        -5.930130711428526993e-05
3.450000000000000178e+00        1.460554187136343440e+00        5.727017552354623890e-04
3.459999999999999964e+00        1.459756510526846407e+00        1.546974526945481883e-04
3.470000000000000195e+00        1.459969128379040360e+00        6.999999999999999929e-04
3.479999999999999982e+00        1.459587567331746882e+00        3.862345801045003000e-04
3.490000000000000213e+00        1.459186366837721849e+00        -1.935711287032694441e-04
3.500000000000000000e+00        1.458967910186967698e+00        -1.383170248675355725e-04
3.509999999999999787e+00        1.458181540377547769e+00        1.623147176756306663e-04
3.520000000000000018e+00        1.457704608506845023e+00        -2.345314429233460660e-04
3.529999999999999805e+00        1.457570000000000032e+00        4.634324477389079652e-04
3.540000000000000036e+00        1.457126406914229344e+00        -2.435372236051197136e-05
3.549999999999999822e+00        1.457149344226311927e+00        8.707195599490447557e-05
3.560000000000000053e+00        1.457023941311688553e+00        1.851467207786360145e-04
3.569999999999999840e+00        1.456385037563491469e+00        1.000000000000000048e-04
3.580000000000000071e+00        1.456108202924657924e+00        -3.576963016694607997e-06
3.589999999999999858e+00        1.455974898555225439e+00        9.387680596832858281e-05
3.600000000000000089e+00        1.455564004837351266e+00        1.199677509918723524e-04
3.609999999999999876e+00        1.455678515766624992e+00        1.155931391250660575e-04
3.620000000000000107e+00        1.455054053638834999e+00        2.296939981877128497e-04
3.629999999999999893e+00        1.455194411336779403e+00        -3.704129594206927167e-05
3.640000000000000124e+00        1.454815799577896529e+00        -5.426633410025062394e-05
3.649999999999999911e+00        1.454700081966029623e+00        -7.997267799007994385e-05
3.660000000000000142e+00        1.454393113537380211e+00        -1.193406121404451235e-04
3.669999999999999929e+00        1.453832024785463473e+00        2.150619636583387881e-04
3.680000000000000160e+00        1.453900872131359989e+00        -8.304262288002099463e-05
3.689999999999999947e+00        1.453814587384662849e+00        -1.544036043820445794e-04
3.700000000000000178e+00        1.453535720323675617e+00        3.391858298840909032e-04
3.709999999999999964e+00        1.453745766142738427e+00        4.261559048410229109e-04
3.720000000000000195e+00        1.453268396456298017e+00        -3.544375872248882036e-06
3.729999999999999982e+00        1.453288049242204449e+00        -3.849134196622523967e-04
3.740000000000000213e+00        1.452746759162723444e+00        -2.119755660708306610e-04
3.750000000000000000e+00        1.452409686259599431e+00        -3.764798158941342482e-04
3.759999999999999787e+00        1.452410240136359665e+00        1.784798465953049782e-04
3.770000000000000018e+00        1.452302940904932615e+00        -2.029409049326470510e-04
3.779999999999999805e+00        1.452178596992011572e+00        1.432832001922648008e-06
3.790000000000000036e+00        1.452109233599424343e+00        -4.051916001439071218e-04
3.799999999999999822e+00        1.451659059714892397e+00        6.107194970641407141e-06
3.810000000000000053e+00        1.451836337734086380e+00        -3.823141073627209533e-04
3.819999999999999840e+00        1.451455436423193746e+00        -5.166371719141625053e-05
3.830000000000000071e+00        1.451047585634402726e+00        -3.193637915673153008e-04
3.839999999999999858e+00        1.450866225089495920e+00        -1.412617997124379556e-04
3.850000000000000089e+00        1.450794392746197481e+00        -3.336918394720890654e-04
3.859999999999999876e+00        1.450857646605806295e+00        -4.283389513185507404e-05
3.870000000000000107e+00        1.450783239084773912e+00        3.053575115987474395e-04
3.879999999999999893e+00        1.450725461765705271e+00        5.781030561078891726e-05
3.890000000000000124e+00        1.450460000000000083e+00        -2.500000000000000052e-04
3.899999999999999911e+00        1.449982771024148187e+00        -4.181526505679589644e-04
3.910000000000000142e+00        1.450000515758996800e+00        -3.143982811704034959e-04
3.919999999999999929e+00        1.449546335256398644e+00        -2.093956876351109851e-04
3.930000000000000160e+00        1.449148145386774056e+00        -5.489817403702526620e-04
3.939999999999999947e+00        1.449267367389632133e+00        -1.195354216997943601e-04
3.950000000000000178e+00        1.449366632147800482e+00        1.167874826981460666e-04
3.959999999999999964e+00        1.449213591416634861e+00        -5.681644193425108196e-04
3.970000000000000195e+00        1.449043589104868746e+00        -1.187178209737264011e-04
3.979999999999999982e+00        1.448987693452687964e+00        -3.416691474908476172e-04
3.990000000000000213e+00        1.448694483233207597e+00        -1.607177831001649544e-05
4.000000000000000000e+00        1.448656404549911736e+00        -3.587920376546553571e-04
4.009999999999999787e+00        1.447900065489046595e+00        -1.755628321162978336e-04
4.019999999999999574e+00        1.447868153359090915e+00        -3.249230566287828999e-04
4.030000000000000249e+00        1.447614932635986840e+00        6.565498692475207291e-04
4.040000000000000036e+00        1.447518087593210101e+00        6.595620339493283050e-05
4.049999999999999822e+00        1.447561984768250376e+00        2.659923841251822345e-04
4.059999999999999609e+00        1.447747928849840271e+00        7.261208580549458828e-05
4.070000000000000284e+00        1.447555162875701074e+00        2.832329406548151772e-04
4.080000000000000071e+00        1.447767092041324366e+00        -6.463087442906435346e-06
4.089999999999999858e+00        1.447238233149730657e+00        -7.728457301476730941e-05
4.099999999999999645e+00        1.446935798541223006e+00        2.429832117685902949e-04
4.110000000000000320e+00        1.446574319915917339e+00        2.187573445443641285e-04
4.120000000000000107e+00        1.446671357738262387e+00        4.174675604433508323e-04
4.129999999999999893e+00        1.446742308391933518e+00        3.599977262161731641e-04
4.139999999999999680e+00        1.446499999999999897e+00        5.595602743428929830e-04
4.150000000000000355e+00        1.446334122005569434e+00        6.400000000000000524e-04
4.160000000000000142e+00        1.446309999999999985e+00        6.599999999999999964e-04
4.169999999999999929e+00        1.446243597692050020e+00        6.700000000000000226e-04
4.179999999999999716e+00        1.446165645109129594e+00        6.800000000000000488e-04
4.190000000000000391e+00        1.446080000000000032e+00        6.899999999999999667e-04
4.200000000000000178e+00        1.445990000000000109e+00        6.999999999999999929e-04
4.209999999999999964e+00        1.445899999999999963e+00        7.100000000000000191e-04
4.219999999999999751e+00        1.445805116241179133e+00        7.200000000000000453e-04
4.230000000000000426e+00        1.445710000000000051e+00        7.200000000000000453e-04
4.240000000000000213e+00        1.445610000000000062e+00        7.299999999999999632e-04
4.250000000000000000e+00        1.445519999999999916e+00        7.299999999999999632e-04
4.259999999999999787e+00        1.445419999999999927e+00        7.399999999999999894e-04
4.269999999999999574e+00        1.445310000000000095e+00        7.457618926430511141e-04
4.280000000000000249e+00        1.445219999999999949e+00        7.500000000000000156e-04
4.290000000000000036e+00        1.445121399170596677e+00        7.500000000000000156e-04
4.299999999999999822e+00        1.445016557486170639e+00        7.600000000000000418e-04
4.309999999999999609e+00        1.444919999999999982e+00        7.600000000000000418e-04
4.320000000000000284e+00        1.444819999999999993e+00        7.600000000000000418e-04
4.330000000000000071e+00        1.444720000000000004e+00        7.600000000000000418e-04
4.339999999999999858e+00        1.444630000000000081e+00        7.600000000000000418e-04
4.349999999999999645e+00        1.444552821494398120e+00        8.543570112037111690e-04
4.360000000000000320e+00        1.444162129316362675e+00        1.054043105454230585e-03
4.370009999999999728e+00        1.444069851240377345e+00        9.582851261792553216e-04
4.380010000000000403e+00        1.444034579701142018e+00        3.416811954316495252e-04
4.390010000000000190e+00        1.444133655064713251e+00        6.732414100819321574e-04
4.400009999999999977e+00        1.443973484253723516e+00        2.100000000000000087e-04
4.410009999999999764e+00        1.443529599699331145e+00        4.287990979934870215e-04
4.420010000000000439e+00        1.443077616131910768e+00        5.543032085356575144e-04
4.430010000000000225e+00        1.443076775685738111e+00        7.836611080828305041e-04
4.440010000000000012e+00        1.442889381526096360e+00        7.666234939970198534e-04
4.450009999999999799e+00        1.443189970672730249e+00        1.215200403010254339e-03
4.460009999999999586e+00        1.442996145667572616e+00        9.967526157919619646e-04
4.470010000000000261e+00        1.443210320563938831e+00        1.159572581414715841e-03
4.480010000000000048e+00        1.443046927167736415e+00        6.342450870767686166e-04
4.490009999999999835e+00        1.442840734112794454e+00        8.281089514371627047e-04
4.500009999999999621e+00        1.442961513741899848e+00        8.360582902637939953e-04
4.510010000000000296e+00        1.442320531223440616e+00        6.995750212475464972e-04
4.520010000000000083e+00        1.441915893648802793e+00        8.190283935133424280e-04
4.530009999999999870e+00        1.441882019264704828e+00        6.250120404406003978e-04
4.540009999999999657e+00        1.441616020237616480e+00        8.654412672874163721e-04
4.550010000000000332e+00        1.441494163658305627e+00        1.023451951186503785e-03
4.560010000000000119e+00        1.441256642591896009e+00        1.253357408103874778e-03
4.570009999999999906e+00        1.441202835852069875e+00        1.543880493100734368e-03
4.580009999999999692e+00        1.441135604533649417e+00        1.532526765046892574e-03
4.590010000000000367e+00        1.441641373623643752e+00        1.617843405910901998e-03
4.600010000000000154e+00        1.441265655257781386e+00        1.801432943868040964e-03
4.610009999999999941e+00        1.441722436582692390e+00        1.320897688360406132e-03
4.620009999999999728e+00        1.441428434489333110e+00        1.437739643667199346e-03
4.630010000000000403e+00        1.441661929454664204e+00        1.333506182648907211e-03
4.640010000000000190e+00        1.441129099455814133e+00        9.389883150268420447e-04
4.650009999999999977e+00        1.440926703596474345e+00        1.127613771932233378e-03
4.660009999999999764e+00        1.440599710251421195e+00        1.531402970966326939e-03
4.670010000000000439e+00        1.440683594181533023e+00        1.496369453047875038e-03
4.680010000000000225e+00        1.440389027609196404e+00        1.808849254515298771e-03
4.690010000000000012e+00        1.440322585613723838e+00        2.033999364832887735e-03
4.700009999999999799e+00        1.440040937878403371e+00        2.492844090563074103e-03
4.710009999999999586e+00        1.440339879134949541e+00        2.220906487878617202e-03
4.720010000000000261e+00        1.440451028730358463e+00        1.656057048676522724e-03
4.730010000000000048e+00        1.440341052981977565e+00        1.613655628440979024e-03
4.740009999999999835e+00        1.440383594305100656e+00        1.943995932214751367e-03
4.750009999999999621e+00        1.440394547257687341e+00        2.136251006014455462e-03
4.760010000000000296e+00        1.440179528670270770e+00        1.549764335135381168e-03
4.770010000000000083e+00        1.439666370336089685e+00        1.552740672179257504e-03
4.780009999999999870e+00        1.439727826583980352e+00        1.469275527993449881e-03
4.790009999999999657e+00        1.439977401638471211e+00        1.848504096178060687e-03
4.800010000000000332e+00        1.439525074533231530e+00        1.389999999999999960e-03
4.810019999999999740e+00        1.438866971455160515e+00        1.665969259403725930e-03
4.820020000000000415e+00        1.438729900940531881e+00        1.750198118936563841e-03
4.830020000000000202e+00        1.439113407437820458e+00        2.404064772996775123e-03
4.840019999999999989e+00        1.439145480223345874e+00        2.035480223345960751e-03
4.850019999999999776e+00        1.438703351182234691e+00        1.650654172435717928e-03
4.860019999999999563e+00        1.438855612465123279e+00        1.541803969031819424e-03
4.870020000000000238e+00        1.438716846971545227e+00        1.760324548781500454e-03
4.880020000000000024e+00        1.438307349396212187e+00        1.857831320706777867e-03
4.890019999999999811e+00        1.438088129649730318e+00        1.535261878917949492e-03
4.900019999999999598e+00        1.437877945329356422e+00        1.402876538900818667e-03
4.910020000000000273e+00        1.437297478359674807e+00        1.400318811761535817e-03
4.920020000000000060e+00        1.437359999999999971e+00        1.687961219202845737e-03
4.930019999999999847e+00        1.437200881901108840e+00        1.621385844599569680e-03
4.940019999999999634e+00        1.436586435503506287e+00        1.816416093688624734e-03
4.950020000000000309e+00        1.437017326463396527e+00        2.340822626647234752e-03
4.960020000000000095e+00        1.436463820731110230e+00        2.395094308146871690e-03
4.970019999999999882e+00        1.436523280071215325e+00        2.342356454273991553e-03
4.980019999999999669e+00        1.436810897663978626e+00        2.609811455645841879e-03
4.990020000000000344e+00        1.436511650741617352e+00        2.838154859467536054e-03
