# wav(mic), n, k
2.999999999999999889e-01        1.451143199999999966e+00        4.575306700000000078e-10
3.099999999999999978e-01        1.447603999999999891e+00        4.721156299999999917e-10
3.200000000000000067e-01        1.444941984896775500e+00        4.866518088267723773e-10
3.300000000000000155e-01        1.442279969793550887e+00        5.011879876535446595e-10
3.400000000000000244e-01        1.439617954690326496e+00        5.157241664803170451e-10
3.499999999999999778e-01        1.437358275405266061e+00        5.302281980931853025e-10
3.599999999999999867e-01        1.435474021404233413e+00        5.447022326827568287e-10
3.699999999999999956e-01        1.433589767403200765e+00        5.591762672723283548e-10
3.800000000000000044e-01        1.431705513402168339e+00        5.736503018618998809e-10
3.900000000000000133e-01        1.430169635542560158e+00        5.880797957261208725e-10
4.000000000000000222e-01        1.428826926919149809e+00        6.024845924401281582e-10
4.099999999999999756e-01        1.427484218295739238e+00        6.168893891541353406e-10
4.199999999999999845e-01        1.426141509672328889e+00        6.312941858681425229e-10
4.299999999999999933e-01        1.424932829941168988e+00        6.456784885108690143e-10
4.400000000000000022e-01        1.423991285317311339e+00        6.600219440956314849e-10
4.500000000000000111e-01        1.423049740693453469e+00        6.743653996803938521e-10
4.600000000000000200e-01        1.422108196069595820e+00        6.887088552651562194e-10
4.699999999999999734e-01        1.421166651445737950e+00        7.030523108499185866e-10
4.799999999999999822e-01        1.420372225698638413e+00        7.173587540211560583e-10
4.899999999999999911e-01        1.419702770730334906e+00        7.316337568344648762e-10
5.000000000000000000e-01        1.419033315762031622e+00        7.459087596477736941e-10
5.100000000000000089e-01        1.418363860793728115e+00        7.601837624610825120e-10
5.200000000000000178e-01        1.417694405825424830e+00        7.744587652743914333e-10
5.300000000000000266e-01        1.417065540007418578e+00        7.887211199608829051e-10
5.400000000000000355e-01        1.416590384466101193e+00        8.029355764514660798e-10
5.500000000000000444e-01        1.416115228924783809e+00        8.171500329420493580e-10
5.600000000000000533e-01        1.415640073383466202e+00        8.313644894326325327e-10
5.699999999999999512e-01        1.415164917842148817e+00        8.455789459232157075e-10
5.799999999999999600e-01        1.414689762300831211e+00        8.597934024137988823e-10
5.899999999999999689e-01        1.414248499066270703e+00        8.739890542363426468e-10
5.999999999999999778e-01        1.413895258297459545e+00        8.881358680361365368e-10
6.099999999999999867e-01        1.413542017528648609e+00        9.022826818359304269e-10
6.199999999999999956e-01        1.413188776759837451e+00        9.164294956357242135e-10
6.300000000000000044e-01        1.412835535991026514e+00        9.305763094355181035e-10
6.400000000000000133e-01        1.412482295222215356e+00        9.447231232353118901e-10
6.500000000000000222e-01        1.412129054453404420e+00        9.588699370351058835e-10
6.600000000000000311e-01        1.411846199731545459e+00        9.729707014213101365e-10
6.700000000000000400e-01        1.411596346223239706e+00        9.870498750718832153e-10
6.800000000000000488e-01        1.411346492714933953e+00        1.001129048722456087e-09
6.899999999999999467e-01        1.411096639206628200e+00        1.015208222373029166e-09
6.999999999999999556e-01        1.410846785698322448e+00        1.029287396023602038e-09
7.099999999999999645e-01        1.410596932190016695e+00        1.043366569674175117e-09
7.199999999999999734e-01        1.410347078681711164e+00        1.057445743324748196e-09
7.299999999999999822e-01        1.410118502577546895e+00        1.071504446248836056e-09
7.399999999999999911e-01        1.409930772876954119e+00        1.085523851354927197e-09
7.500000000000000000e-01        1.409743043176361121e+00        1.099543256461018338e-09
7.600000000000000089e-01        1.409555313475768124e+00        1.113562661567109272e-09
7.700000000000000178e-01        1.409367583775175126e+00        1.127582066673200413e-09
7.800000000000000266e-01        1.409179854074582350e+00        1.141601471779291554e-09
7.900000000000000355e-01        1.408992124373989352e+00        1.155620876885382489e-09
8.000000000000000444e-01        1.408804394673396354e+00        1.169640281991473630e-09
8.100000000000000533e-01        1.408625399775325526e+00        1.183647675936694802e-09
8.199999999999999512e-01        1.408486277768232764e+00        1.197600240971166819e-09
8.299999999999999600e-01        1.408347155761140002e+00        1.211552806005638836e-09
8.399999999999999689e-01        1.408208033754047461e+00        1.225505371040111060e-09
8.499999999999999778e-01        1.408068911746954699e+00        1.239457936074583077e-09
8.599999999999999867e-01        1.407929789739862159e+00        1.253410501109055301e-09
8.699999999999999956e-01        1.407790667732769396e+00        1.267363066143527318e-09
8.800000000000000044e-01        1.407651545725676856e+00        1.281315631177999542e-09
8.900000000000000133e-01        1.407512423718584094e+00        1.295268196212471559e-09
9.000000000000000222e-01        1.407376728200279370e+00        1.309214082602798087e-09
9.100000000000000311e-01        1.407271905380251376e+00        1.323099794342518311e-09
9.200000000000000400e-01        1.407167082560223381e+00        1.336985506082238535e-09
9.300000000000000488e-01        1.407062259740195609e+00        1.350871217821958758e-09
9.399999999999999467e-01        1.406957436920167615e+00        1.364756929561678776e-09
9.499999999999999556e-01        1.406852614100139620e+00        1.378642641301398999e-09
9.599999999999999645e-01        1.406747791280111848e+00        1.392528353041119016e-09
9.699999999999999734e-01        1.406642968460083853e+00        1.406414064780839240e-09
9.799999999999999822e-01        1.406538145640055859e+00        1.420299776520559464e-09
9.899999999999999911e-01        1.406433322820028087e+00        1.434185488260279688e-09
1.000000000000000000e+00        1.406328500000000092e+00        1.448071199999999912e-09
1.010000000000000009e+00        1.406238499999999947e+00        1.461909000000000064e-09
1.020000000000000018e+00        1.406148500000000023e+00        1.475328099999999923e-09
1.030000000000000027e+00        1.406061500000000075e+00        1.499545899999999993e-09
1.040000000000000036e+00        1.405976399999999904e+00        4.258445199999999620e-09
1.050000000000000044e+00        1.405893700000000024e+00        1.584311900000000070e-09
1.060000000000000053e+00        1.405812400000000073e+00        1.599822300000000075e-09
1.070000000000000062e+00        1.405732500000000051e+00        1.639096999999999929e-09
1.080000000000000071e+00        1.405655799999999900e+00        1.681487899999999901e-09
1.090000000000000080e+00        1.405579200000000029e+00        1.723859699999999988e-09
1.100000000000000089e+00        1.405502500000000099e+00        1.762171499999999988e-09
1.110000000000000098e+00        1.405431542159429448e+00        1.668757940371941824e-09
1.120000000000000107e+00        1.405360500000000012e+00        1.660431699999999946e-09
1.129999999999999893e+00        1.405289500000000080e+00        1.670401199999999908e-09
1.139999999999999902e+00        1.405218499999999926e+00        1.686090699999999929e-09
1.149999999999999911e+00        1.405147499999999994e+00        1.705182099999999945e-09
1.159999999999999920e+00        1.405081500000000094e+00        1.727209900000000045e-09
1.169999999999999929e+00        1.405015499999999973e+00        1.750851599999999897e-09
1.179999999999999938e+00        1.404949500000000073e+00        1.768633199999999906e-09
1.189999999999999947e+00        1.404883499999999952e+00        1.908432500000000172e-09
1.199999999999999956e+00        1.404820100000000016e+00        6.564663899999999954e-09
1.209999999999999964e+00        1.404757199999999928e+00        4.036809199999999746e-08
1.219999999999999973e+00        1.404695199999999922e+00        1.601214899999999923e-08
1.229999999999999982e+00        1.404635199999999973e+00        1.858648800000000018e-09
1.239999999999999991e+00        1.404574599999999895e+00        1.850965599999999910e-09
1.250000000000000000e+00        1.404515600000000086e+00        1.825109299999999898e-09
1.260000000000000009e+00        1.404456799999999950e+00        1.842216899999999915e-09
1.270000000000000018e+00        1.404398599999999941e+00        1.892816200000000117e-09
1.280000000000000027e+00        1.404342022709163418e+00        1.859444666533864523e-09
1.290000000000000036e+00        1.404285500000000075e+00        1.859388899999999988e-09
1.300000000000000044e+00        1.404228800000000055e+00        2.066014200000000081e-09
1.310000000000000053e+00        1.404173600000000022e+00        1.872579700000000070e-09
1.320000000000000062e+00        1.404118999999999895e+00        9.600022400000000459e-09
1.330000000000000071e+00        1.404064600000000107e+00        1.929744899999999905e-09
1.340000000000000080e+00        1.404010800000000003e+00        1.979550099999999881e-09
1.350000000000000089e+00        1.403957700000000086e+00        2.320264200000000107e-09
1.360000000000000098e+00        1.403904500000000111e+00        3.562778900000000037e-09
1.370000000000000107e+00        1.403852000000000100e+00        5.180248299999999638e-09
1.379999999999999893e+00        1.403799900000000100e+00        7.506315300000000763e-09
1.389999999999999902e+00        1.403747700000000043e+00        1.041130800000000029e-08
1.399999999999999911e+00        1.403696400000000066e+00        3.843926099999999813e-08
1.409999999999999920e+00        1.403644799999999915e+00        1.121268099999999945e-07
1.419999999999999929e+00        1.403594026086956603e+00        6.887704539130215204e-07
1.429999999999999938e+00        1.403540999999999928e+00        3.867504078571518539e-07
1.439999999999999947e+00        1.403500600000000098e+00        4.116472600000000234e-07
1.449999999999999956e+00        1.403448000000000029e+00        8.837515900000000328e-08
1.459999999999999964e+00        1.403397000000000006e+00        4.285994900000000159e-08
1.469999999999999973e+00        1.403347700000000087e+00        3.136671800000000166e-08
1.479999999999999982e+00        1.403299000000000074e+00        1.978143199999999899e-08
1.489999999999999991e+00        1.403249699999999933e+00        1.116980900000000042e-08
1.500000000000000000e+00        1.403200599999999909e+00        3.559142199999999973e-08
1.510000000000000009e+00        1.403151836363636384e+00        1.304664245454545538e-08
1.520000000000000018e+00        1.403103599999999895e+00        2.652361700000000014e-08
1.530000000000000027e+00        1.403055299999999894e+00        1.716846500000000126e-08
1.540000000000000036e+00        1.403006525000000115e+00        7.996618200000778340e-08
1.550000000000000044e+00        1.402959300000000020e+00        5.952510300000000171e-08
1.560000000000000053e+00        1.402910700000000066e+00        1.177289800000000018e-07
1.570000000000000062e+00        1.402862300000000007e+00        8.731446299999999559e-08
1.580000000000000071e+00        1.402821099999999932e+00        6.321825300000000061e-07
1.590000000000000080e+00        1.402769300000000108e+00        2.179827499999999936e-07
1.600000000000000089e+00        1.402720517045454640e+00        7.412698139772908151e-08
1.610000000000000098e+00        1.402682200000000101e+00        4.661636300000000361e-06
1.620000000000000107e+00        1.402626516216216146e+00        7.560817624324288919e-08
1.629999999999999893e+00        1.402578499999999950e+00        5.465773899999999833e-08
1.639999999999999902e+00        1.402530405882353115e+00        5.858189035294205184e-08
1.649999999999999911e+00        1.402482599999999913e+00        7.770764000000000112e-08
1.659999999999999920e+00        1.402434799999999981e+00        4.404959999999999893e-08
1.669999999999999929e+00        1.402386799999999933e+00        5.404947200000000135e-08
1.679999999999999938e+00        1.402338899999999944e+00        7.940526600000000074e-08
1.689999999999999947e+00        1.402291399999999966e+00        3.977286799999999914e-08
1.699999999999999956e+00        1.402243099999999965e+00        2.530444200000000140e-08
1.709999999999999964e+00        1.402195196551724088e+00        2.792938386206962947e-08
1.719999999999999973e+00        1.402147000000000032e+00        2.506286099999999953e-08
1.729999999999999982e+00        1.402098000000000066e+00        2.875079899999999929e-08
1.739999999999999991e+00        1.402049099999999937e+00        3.201998499999999673e-08
1.750000000000000000e+00        1.402000799999999936e+00        2.288468999999999989e-08
1.760000000000000009e+00        1.401951924752475209e+00        1.451119666336635926e-08
1.770000000000000018e+00        1.401902999999999899e+00        8.028007699999999961e-09
1.780000000000000027e+00        1.401853699999999980e+00        8.120815699999999544e-09
1.790000000000000036e+00        1.401803799999999933e+00        1.263090799999999954e-08
1.800000000000000044e+00        1.401753599999999933e+00        1.874288199999999992e-08
1.810000000000000053e+00        1.401703754118365008e+00        1.973028559548505337e-08
1.820000000000000062e+00        1.401652726614363242e+00        1.774448636028964900e-08
1.830000000000000071e+00        1.401602152671755697e+00        2.108204168702292404e-08
1.840000000000000080e+00        1.401551368537666153e+00        3.893638416986705975e-08
1.850000000000000089e+00        1.401499498542273958e+00        4.684904195335288807e-08
1.860000000000000098e+00        1.401447383285302495e+00        1.245093489913567324e-07
1.870000000000000107e+00        1.401394891428571432e+00        4.520497011428678315e-07
1.879999999999999893e+00        1.401342000000000088e+00        1.759862915493028203e-07
1.889999999999999902e+00        1.401288455555555590e+00        5.984074233333376589e-08
1.899999999999999911e+00        1.401234038888888866e+00        1.074116033333332183e-07
1.909999999999999920e+00        1.401177934246575330e+00        2.521107065753403720e-07
1.919999999999999929e+00        1.401119804347826125e+00        8.115180195651930215e-07
1.929999999999999938e+00        1.401061084999999817e+00        2.362226314999999865e-06
1.939999999999999947e+00        1.400997127499999939e+00        4.582836729999969107e-06
1.949999999999999956e+00        1.400926169999999971e+00        5.975466855000013921e-06
1.959999999999999964e+00        1.400798407999999995e+00        7.590170656000127103e-06
1.969999999999999973e+00        1.401007298969072279e+00        1.774349525773236976e-05
1.979999999999999982e+00        1.400828115384615380e+00        1.326131423076924879e-05
1.989999999999999991e+00        1.400748227848101379e+00        1.568586835443048862e-05
2.000000000000000000e+00        1.400639600000000096e+00        1.751506599999997770e-05
2.009999999999999787e+00        1.400052703703703827e+00        1.327090308641841259e-04
2.020000000000000018e+00        1.400763339999999912e+00        9.849380300000112860e-06
2.029999999999999805e+00        1.400620179999999992e+00        3.351753000000047444e-06
2.040000000000000036e+00        1.400528180000000011e+00        6.993194580000232562e-06
2.049999999999999822e+00        1.400478190476190266e+00        3.283560666668996738e-05
2.060000000000000053e+00        1.400388179999999982e+00        1.387186739999977979e-06
2.069999999999999840e+00        1.400649837209302362e+00        2.198202069769598422e-04
2.080000000000000071e+00        1.400295180000000084e+00        1.240680959999947065e-06
2.089999999999999858e+00        1.400221090000000057e+00        7.925823370000411087e-07
2.100000000000000089e+00        1.400153309090909071e+00        4.949262199999986747e-07
2.109999999999999876e+00        1.400087000000000081e+00        3.976574261261224733e-07
2.120000000000000107e+00        1.400020999999999960e+00        7.677540133333236921e-07
2.129999999999999893e+00        1.399955666666666598e+00        1.280688000000102239e-06
2.140000000000000124e+00        1.399888318777292584e+00        1.138282825327476943e-07
2.149999999999999911e+00        1.399820000000000064e+00        1.568684148935507710e-07
2.160000000000000142e+00        1.399752340425532093e+00        1.618265255319138818e-07
2.169999999999999929e+00        1.399683472340425450e+00        1.501151093617021693e-07
2.180000000000000160e+00        1.399613999999999914e+00        3.202007000000000199e-07
2.189999999999999947e+00        1.399543562499999894e+00        8.139199562500631555e-08
2.200000000000000178e+00        1.399471611570247909e+00        2.143089177685852756e-08
2.209999999999999964e+00        1.399399352459016255e+00        1.151041508196720967e-08
2.220000000000000195e+00        1.399325579999999958e+00        1.802507239999813473e-08
2.229999999999999982e+00        1.399251044176706760e+00        2.405071552208863244e-08
2.240000000000000213e+00        1.399174980079681330e+00        3.356637613545812933e-08
2.250000000000000000e+00        1.399097621301775174e+00        3.035997928994092481e-08
2.259999999999999787e+00        1.399018968750000091e+00        1.132442171874986155e-07
2.270000000000000018e+00        1.398939007751938135e+00        1.433482922480609784e-07
2.279999999999999805e+00        1.398856730769230783e+00        1.350843499999993841e-07
2.290000000000000036e+00        1.398774129770992358e+00        8.306860282442362065e-07
2.299999999999999822e+00        1.398689000000000071e+00        7.804284754713608199e-08
2.310000000000000053e+00        1.398602834586466281e+00        4.421508729323352915e-08
2.319999999999999840e+00        1.398513929368029762e+00        6.357603319702542244e-08
2.330000000000000071e+00        1.398422834355828259e+00        7.612898742331355510e-08
2.339999999999999858e+00        1.398329912408759146e+00        1.719272992700648889e-07
2.350000000000000089e+00        1.398235036363636219e+00        8.011944436363720546e-07
2.359999999999999876e+00        1.398137093525179786e+00        1.290394769784189982e-08
2.370000000000000107e+00        1.398036000000000056e+00        1.533034428571473428e-08
2.379999999999999893e+00        1.397933028268551148e+00        1.279169332155468514e-08
2.390000000000000124e+00        1.397826562171628817e+00        1.659164520140107191e-08
2.399999999999999911e+00        1.397716614035087845e+00        4.810854561403508937e-08
2.410000000000000142e+00        1.397602496551724194e+00        9.111825717241375651e-08
2.419999999999999929e+00        1.397484836734693925e+00        8.170252469387723506e-08
2.430000000000000160e+00        1.397361911564625858e+00        1.543313040816330898e-07
2.439999999999999947e+00        1.397234910924369578e+00        1.113778284033624806e-07
2.450000000000000178e+00        1.397102102990033234e+00        7.151766700996653571e-08
2.459999999999999964e+00        1.396963382838283918e+00        8.185485891089098795e-08
2.470000000000000195e+00        1.396817918032786876e+00        1.498779278688338419e-07
2.479999999999999982e+00        1.396664694805194840e+00        2.126003967532454806e-07
2.490000000000000213e+00        1.396502774193548291e+00        2.953250129032294504e-07
2.500000000000000000e+00        1.396330667199999986e+00        4.755209163200002594e-07
2.509999999999999787e+00        1.396146971428571470e+00        6.468255580952370586e-07
2.520000000000000018e+00        1.395951051968503887e+00        7.836219270866190986e-07
2.529999999999999805e+00        1.395738247849882763e+00        1.200685732603597494e-06
2.540000000000000036e+00        1.395507483720930253e+00        1.901319800000015191e-06
2.549999999999999822e+00        1.395254569230769404e+00        3.103632261538407865e-06
2.560000000000000053e+00        1.394974518292682930e+00        4.878299515243917949e-06
2.569999999999999840e+00        1.394659733333333262e+00        7.648816327272662421e-06
2.580000000000000071e+00        1.394299594594594627e+00        1.425121594594598138e-05
2.589999999999999858e+00        1.393882485842026897e+00        3.030460383010420036e-05
2.600000000000000089e+00        1.393394211538461658e+00        6.379186807692273538e-05
2.609999999999999876e+00        1.392805812316715741e+00        1.424163475073282788e-04
2.620000000000000107e+00        1.392179899416909672e+00        2.707112495626829958e-04
2.629999999999999893e+00        1.391497497109826620e+00        3.748501462427749741e-04
2.640000000000000124e+00        1.390428441260745052e+00        2.431524275071636541e-04
2.649999999999999911e+00        1.388734777777777873e+00        2.803865105413121703e-04
2.660000000000000142e+00        1.385781898161244641e+00        1.512309024045292325e-03
2.669999999999999929e+00        1.382457919411352432e+00        3.310302479327248675e-03
2.680000000000000160e+00        1.376738023676880252e+00        6.218380545264669268e-03
2.689999999999999947e+00        1.362129266114180393e+00        2.634130761510147453e-02
2.700000000000000178e+00        1.491697182316654047e+00        2.789077963947830807e-02
2.709999999999999964e+00        1.414791252043597014e+00        7.779794907357075358e-04
2.720000000000000195e+00        1.405593399999999882e+00        5.393044940540546103e-04
2.729999999999999982e+00        1.402331159731543764e+00        1.077146040268520902e-03
2.740000000000000213e+00        1.398642113575865098e+00        1.216717914818107090e-03
2.750000000000000000e+00        1.394532410052909954e+00        3.003212514550438611e-03
2.759999999999999787e+00        1.394413248795444593e+00        2.000098709592640790e-03
2.770000000000000018e+00        1.386741985652173881e+00        4.175066781304339648e-03
2.779999999999999805e+00        1.475051139715393811e+00        4.622004525228948224e-02
2.790000000000000036e+00        1.411196258064516318e+00        2.825846709677426872e-04
2.799999999999999822e+00        1.405600435897435885e+00        3.401619294871872619e-04
2.810000000000000053e+00        1.403381658227848217e+00        1.493407544303762742e-04
2.819999999999999840e+00        1.401903396984924610e+00        6.335194577889448851e-05
2.830000000000000071e+00        1.400923225000000105e+00        6.231924475000038828e-05
2.839999999999999858e+00        1.400155193069307025e+00        5.274528034653446352e-05
2.850000000000000089e+00        1.399796862068965586e+00        6.754952586206764927e-05
2.859999999999999876e+00        1.399254715686274464e+00        4.242233691176469640e-05
2.870000000000000107e+00        1.398825860606060623e+00        2.155399236363613545e-05
2.879999999999999893e+00        1.398447962000000100e+00        6.784808784000066413e-06
2.890000000000000124e+00        1.398104832000000020e+00        3.493045448000004195e-06
2.899999999999999911e+00        1.397792805970149210e+00        6.417138402984869039e-06
2.910000000000000142e+00        1.397520090047393415e+00        2.394751180094770988e-06
2.919999999999999929e+00        1.397251270588235394e+00        1.940963858823497399e-06
2.930000000000000160e+00        1.397001227906976784e+00        1.517070846511628828e-06
2.939999999999999947e+00        1.396762953488372094e+00        1.425880441860461879e-06
2.950000000000000178e+00        1.396535390804597654e+00        1.114939781609194675e-06
2.959999999999999964e+00        1.396315383561643753e+00        7.660367130137057709e-07
2.970000000000000195e+00        1.396101714285714390e+00        5.527469523809490223e-07
2.979999999999999982e+00        1.395893648648648622e+00        4.515686540540539376e-07
2.990000000000000213e+00        1.395689519553072522e+00        4.585140921787753182e-07
3.000000000000000000e+00        1.395485666666666624e+00        3.056937733333377647e-06
3.009999999999999787e+00        1.395310100000000109e+00        1.917689200000028877e-05
3.020000000000000018e+00        1.395108701754385949e+00        5.031330162280666002e-07
3.029999999999999805e+00        1.394914601092896111e+00        5.301069879781298802e-07
3.040000000000000036e+00        1.394723118918918869e+00        4.609075167567581923e-07
3.049999999999999822e+00        1.394533233905579372e+00        5.077579534334745912e-07
3.060000000000000053e+00        1.394344553191489311e+00        6.822068063829843853e-07
3.069999999999999840e+00        1.394155816542948179e+00        6.354591996818654467e-07
3.080000000000000071e+00        1.393966474683544288e+00        7.022833350210968779e-07
3.089999999999999858e+00        1.393778362637362545e+00        7.397220234432234781e-07
3.100000000000000089e+00        1.393588473465140476e+00        7.658660091571278840e-07
3.109999999999999876e+00        1.393398819047618975e+00        7.359014478467918340e-07
3.120000000000000107e+00        1.393207305954825337e+00        7.213432605749488051e-07
3.129999999999999893e+00        1.393014020408163134e+00        1.067436969387740023e-06
3.140000000000000124e+00        1.392823545454545453e+00        2.060910909090665253e-06
3.149999999999999911e+00        1.392626354838709668e+00        7.786624983870968838e-07
3.160000000000000142e+00        1.392429466933867710e+00        8.382053144288592213e-07
3.169999999999999929e+00        1.392230840000000081e+00        1.875769600000402922e-06
3.180000000000000160e+00        1.392028732937685476e+00        1.110521700296737817e-06
3.189999999999999947e+00        1.391825330058939159e+00        1.396677280943020273e-06
3.200000000000000178e+00        1.391619042968749831e+00        1.994710281250013275e-06
3.209999999999999964e+00        1.391410567567567647e+00        2.866221459459440621e-06
3.220000000000000195e+00        1.391199660000000060e+00        3.776350490000020475e-06
3.229999999999999982e+00        1.390986645000000133e+00        4.398933499999990161e-06
3.240000000000000213e+00        1.390769659999999908e+00        4.568299069999996790e-06
3.250000000000000000e+00        1.390549660000000021e+00        4.705449609999993276e-06
3.259999999999999787e+00        1.390325660000000019e+00        4.999794809999997873e-06
3.270000000000000018e+00        1.390096661322645311e+00        4.845964268537078433e-06
3.279999999999999805e+00        1.389861592936803003e+00        6.800585259293669444e-06
3.290000000000000036e+00        1.389622688827331531e+00        1.061105276084943988e-05
3.299999999999999822e+00        1.389377126605504609e+00        1.965467965137583024e-05
3.310000000000000053e+00        1.389131759124087706e+00        3.749603512773719380e-05
3.319999999999999840e+00        1.388890322141560718e+00        6.521152448275766283e-05
3.330000000000000071e+00        1.388682972972972829e+00        9.350363081081066656e-05
3.339999999999999858e+00        1.388487010752688322e+00        4.706683010752880328e-05
3.350000000000000089e+00        1.388206142857142833e+00        7.093935785714285590e-06
3.359999999999999876e+00        1.387922869739478982e+00        2.379400348697419853e-06
3.370000000000000107e+00        1.387644960000000038e+00        2.133435160000002796e-06
3.379999999999999893e+00        1.387364896000000014e+00        2.413070879999997946e-06
3.390000000000000124e+00        1.387080896000000063e+00        3.143667839999997762e-06
3.399999999999999911e+00        1.386791696969696952e+00        4.661312112554072679e-06
3.410000000000000142e+00        1.386499051546391748e+00        2.711649309278353708e-06
3.419999999999999929e+00        1.386197392491467451e+00        2.301704464163821695e-06
3.430000000000000160e+00        1.385889741935483865e+00        2.110486511035651448e-06
3.439999999999999947e+00        1.385575717905405568e+00        2.074435278716215759e-06
3.450000000000000178e+00        1.385254568067226799e+00        2.122209631932770980e-06
3.459999999999999964e+00        1.384925921535893112e+00        2.351777959933219252e-06
3.470000000000000195e+00        1.384589790697674294e+00        2.249652714285684760e-06
3.479999999999999982e+00        1.384245009900990198e+00        1.849310095709570625e-06
3.490000000000000213e+00        1.383892206557377103e+00        1.472200603278678741e-06
3.500000000000000000e+00        1.383530049019607855e+00        1.739817926470591671e-06
3.509999999999999787e+00        1.383159243506493441e+00        2.226509165584413650e-06
3.520000000000000018e+00        1.382779096774193528e+00        2.507442129032258144e-06
3.529999999999999805e+00        1.382389365168539275e+00        1.846436790529706306e-06
3.540000000000000036e+00        1.381988337168584380e+00        1.389352947973993319e-06
3.549999999999999822e+00        1.381576911000000019e+00        1.128335124000001481e-06
3.560000000000000053e+00        1.381153461999999887e+00        1.005416261999999211e-06
3.569999999999999840e+00        1.380718496000000073e+00        1.010412831999998156e-06
3.580000000000000071e+00        1.380270529999999995e+00        1.145786084000002780e-06
3.589999999999999858e+00        1.379809580999999952e+00        1.528437815999983707e-06
3.600000000000000089e+00        1.379334631999999949e+00        2.212590513000011008e-06
3.609999999999999876e+00        1.378846666000000054e+00        3.994806005999925712e-06
3.620000000000000107e+00        1.378345716999999970e+00        4.234379072999989268e-06
3.629999999999999893e+00        1.377825889999999998e+00        4.221990639999998638e-06
3.640000000000000124e+00        1.377290960000000064e+00        3.872870959999998642e-06
3.649999999999999911e+00        1.376738750000000122e+00        5.655866950000129697e-06
3.660000000000000142e+00        1.376167012500000064e+00        6.579481543749999318e-06
3.669999999999999929e+00        1.375578100000000026e+00        8.535779099999996265e-06
3.680000000000000160e+00        1.374971170000000020e+00        6.906343414999999042e-06
3.689999999999999947e+00        1.374339232999999938e+00        5.411845799000001077e-06
3.700000000000000178e+00        1.373684380000000038e+00        4.722175479999999436e-06
3.709999999999999964e+00        1.373006495049504894e+00        4.639086574257437855e-06
3.720000000000000195e+00        1.372302520000000081e+00        4.391123816000007809e-06
3.729999999999999982e+00        1.371571663999999968e+00        4.754847855999997190e-06
3.740000000000000213e+00        1.370813047210300395e+00        4.952359639484983991e-06
3.750000000000000000e+00        1.370023639402560445e+00        5.507021096017075589e-06
3.759999999999999787e+00        1.369204239999999961e+00        6.952735320000258084e-06
3.770000000000000018e+00        1.368348070372976677e+00        7.220194418719194289e-06
3.779999999999999805e+00        1.367455844537815102e+00        8.512790558823514120e-06
3.790000000000000036e+00        1.366525603616133511e+00        1.019343509040332714e-05
3.799999999999999822e+00        1.365554210526315648e+00        1.244681157894731176e-05
3.810000000000000053e+00        1.364537941460055137e+00        1.480853050275480935e-05
3.819999999999999840e+00        1.363474163125428351e+00        1.800324028101432054e-05
3.830000000000000071e+00        1.362356997275204318e+00        2.243764403269754579e-05
3.839999999999999858e+00        1.361192032564450427e+00        2.635543289009496996e-05
3.850000000000000089e+00        1.359960663967611172e+00        3.030366714574894463e-05
3.859999999999999876e+00        1.358664051006711393e+00        3.584766018791927676e-05
3.870000000000000107e+00        1.357295966622162897e+00        4.291779014686256051e-05
3.879999999999999893e+00        1.355850575697211235e+00        5.452158428286823784e-05
3.890000000000000124e+00        1.354321435643564220e+00        7.136777346534691532e-05
3.899999999999999911e+00        1.352703085413929029e+00        8.917638754270673510e-05
3.910000000000000142e+00        1.350983858731196863e+00        1.129785621321125475e-04
3.919999999999999929e+00        1.349155389720234410e+00        1.430472744307089122e-04
3.930000000000000160e+00        1.347199771521035538e+00        1.813356799352760758e-04
3.939999999999999947e+00        1.345110426271732162e+00        2.303244423696069142e-04
3.950000000000000178e+00        1.342867561538461318e+00        2.902561965384640183e-04
3.959999999999999964e+00        1.340450829190567239e+00        3.632895880178449032e-04
3.970000000000000195e+00        1.337796299430739966e+00        4.664252354079729212e-04
3.979999999999999982e+00        1.334911416445287768e+00        6.037982904364320742e-04
3.990000000000000213e+00        1.331825774647887206e+00        7.754914929577502551e-04
4.000000000000000000e+00        1.328376999999999919e+00        1.018358000000000024e-03
4.009999999999999787e+00        1.324459693312597386e+00        1.393146543701384750e-03
4.019999999999999574e+00        1.319955725680132197e+00        2.061695358408838739e-03
4.030000000000000249e+00        1.314801883890052814e+00        3.455174550844408374e-03
4.040000000000000036e+00        1.309164999999999912e+00        5.930000000000000375e-03
4.049999999999999822e+00        1.304537999999999975e+00        1.129999999999999928e-02
4.059999999999999609e+00        1.302507999999999999e+00        1.580000000000000154e-02
4.070000000000000284e+00        1.304032500000000150e+00        1.934999999999998874e-02
4.080000000000000071e+00        1.304025999999999907e+00        1.609999999999999973e-02
4.089999999999999858e+00        1.300659000000000010e+00        1.379999999999999977e-02
4.099999999999999645e+00        1.292917000000000094e+00        8.899999999999999925e-03
4.110000000000000320e+00        1.283395000000000064e+00        8.300000000000000086e-03
4.120000000000000107e+00        1.273506000000000027e+00        8.200000000000000691e-03
4.129999999999999893e+00        1.262736999999999998e+00        7.700000000000000247e-03
4.139999999999999680e+00        1.248161999999999994e+00        7.900000000000000772e-03
4.150000000000000355e+00        1.231899999999999995e+00        1.069999999999999944e-02
4.160000000000000142e+00        1.215365000000000029e+00        1.080000000000000057e-02
4.169999999999999929e+00        1.185969999999999969e+00        1.289000000000000042e-02
4.179999999999999716e+00        1.152524000000000104e+00        1.847000000000000031e-02
4.190000000000000391e+00        1.111129999999999951e+00        4.762000000000000260e-02
4.200000000000000178e+00        1.076996999999999982e+00        7.699999999999999900e-02
4.209999999999999964e+00        1.040361000000000091e+00        1.185999999999999832e-01
4.219999999999999751e+00        1.001846000000000014e+00        1.635000000000000064e-01
4.230000000000000426e+00        9.541030000000000344e-01        2.228999999999999870e-01
4.240000000000000213e+00        8.856530000000000236e-01        2.990999999999999770e-01
4.250000000000000000e+00        7.362670000000000048e-01        3.940000000000000169e-01
#4.259999999999999787e+00        4.721199999999999841e-01        8.860000000000000098e-01
4.269999999999999574e+00        9.012320000000000331e-01        2.279999999999999805e+00
4.280000000000000249e+00        2.750786000000000175e+00        7.191999999999999504e-01
4.290000000000000036e+00        2.214656999999999876e+00        3.010999999999999788e-01
4.299999999999999822e+00        2.010343000000000213e+00        1.479000000000000037e-01
4.309999999999999609e+00        1.874880000000000102e+00        9.175999999999999435e-02
4.320000000000000284e+00        1.795406000000000057e+00        6.124999999999999889e-02
4.330000000000000071e+00        1.738793000000000033e+00        3.558999999999999664e-02
4.339999999999999858e+00        1.686717000000000022e+00        1.600000000000000033e-02
4.349999999999999645e+00        1.642833999999999905e+00        1.069999999999999944e-02
4.360000000000000320e+00        1.608011999999999997e+00        1.140000000000000041e-02
4.370009999999999728e+00        1.576692160000001230e+00        1.881919999999927262e-02
4.380010000000000403e+00        1.554380285000001916e+00        5.525025000000255426e-02
4.390010000000000190e+00        1.613366673749998537e+00        5.494512499999720107e-02
4.400009999999999977e+00        1.584771234000001083e+00        6.801899999999927622e-03
4.410009999999999764e+00        1.563309916000000577e+00        7.817460000000097178e-03
4.420010000000000439e+00        1.550955494999999296e+00        4.798499999999922619e-03
4.430010000000000225e+00        1.540111285999999691e+00        4.673580000000005299e-03
4.440010000000000012e+00        1.531066502000000051e+00        4.920219999999991649e-03
4.450009999999999799e+00        1.524568502000000159e+00        5.140219999999992226e-03
4.460009999999999586e+00        1.518804528000000209e+00        5.309540000000017093e-03
4.470010000000000261e+00        1.514475771999999942e+00        4.648499999999923527e-03
4.480010000000000048e+00        1.510053140000000127e+00        3.048475000000057823e-03
4.490009999999999835e+00        1.505002880000000154e+00        1.689350000000024556e-03
4.500009999999999621e+00        1.500212795837159607e+00        1.259835730027554414e-03
4.510010000000000296e+00        1.496109863256271488e+00        1.088332643384159115e-03
4.520010000000000083e+00        1.492436341326156324e+00        9.222058703205316234e-04
4.530009999999999870e+00        1.489080978796002874e+00        7.815331299536906577e-04
4.540009999999999657e+00        1.485993233026188465e+00        6.625230098933147229e-04
4.550010000000000332e+00        1.483127990825688025e+00        5.682208191211959251e-04
4.560010000000000119e+00        1.480478132692307547e+00        5.202990258173065177e-04
4.570009999999999906e+00        1.478050915189266901e+00        4.946998088164839772e-04
4.580009999999999692e+00        1.475820078683834025e+00        4.370159515498336271e-04
4.590010000000000367e+00        1.473708329852871257e+00        3.629032875652554941e-04
4.600010000000000154e+00        1.471714116202172740e+00        2.913856142654695607e-04
4.610009999999999941e+00        1.469829424920127803e+00        2.424458539372309723e-04
4.620009999999999728e+00        1.468048556309997865e+00        2.030099481620243793e-04
4.630010000000000403e+00        1.466378113339552147e+00        1.664667378731322933e-04
4.640010000000000190e+00        1.464790652719665243e+00        1.336711353556478612e-04
4.650009999999999977e+00        1.463289452358927045e+00        1.106382159111935805e-04
4.660009999999999764e+00        1.461865740331491859e+00        9.274215862799275426e-05
4.670010000000000439e+00        1.460515494495412847e+00        8.147880267889868469e-05
4.680010000000000225e+00        1.459239529680365299e+00        7.573943273972589001e-05
4.690010000000000012e+00        1.458023932727272820e+00        6.208814629090891738e-05
4.700009999999999799e+00        1.456864753548776870e+00        5.137490044699511734e-05
4.710009999999999586e+00        1.455756390441839576e+00        4.219992767358015203e-05
4.720010000000000261e+00        1.454696811490125530e+00        3.531892639587062881e-05
4.730010000000000048e+00        1.453682358659217799e+00        3.218306069273739592e-05
4.740009999999999835e+00        1.452716773798932381e+00        3.053475467081856286e-05
4.750009999999999621e+00        1.451789552182583654e+00        2.736365142920464162e-05
4.760010000000000296e+00        1.450899535864047518e+00        2.466486818141691432e-05
4.770010000000000083e+00        1.450043654945055049e+00        2.146245050549460906e-05
4.780009999999999870e+00        1.449219270341207233e+00        1.814583855643049737e-05
4.790009999999999657e+00        1.448424524847428119e+00        1.541899361813439578e-05
4.800010000000000332e+00        1.447657085937499977e+00        1.353357445312492283e-05
4.810019999999999740e+00        1.446913712186689738e+00        1.226842788245467401e-05
4.820020000000000415e+00        1.446191674698795282e+00        1.182094960413081802e-05
4.830020000000000202e+00        1.445483543739279675e+00        1.360598699828470672e-05
4.840019999999999989e+00        1.444695888888888780e+00        1.043633133333333362e-04
4.850019999999999776e+00        1.444147170212765952e+00        1.452577978723400170e-05
4.860019999999999563e+00        1.443435040169133154e+00        3.506772522198656428e-05
4.870020000000000238e+00        1.442697574198988031e+00        1.115253317875243891e-04
4.880020000000000024e+00        1.441895422268907545e+00        3.302086745798281614e-04
4.890019999999999811e+00        1.441038949790794943e+00        1.075868464435132286e-03
4.900019999999999598e+00        1.442851466666666749e+00        1.713019656250001693e-03
4.910020000000000273e+00        1.441782692946058209e+00        5.307621377593259581e-05
4.920020000000000060e+00        1.440952404123711172e+00        2.991763637113403998e-05
4.930019999999999847e+00        1.440349041322314116e+00        4.951932223140494805e-05
4.940019999999999634e+00        1.439808459016393538e+00        3.112123524590117797e-05
4.950020000000000309e+00        1.439330349593495928e+00        1.693719666666666638e-05
4.960020000000000095e+00        1.438852105691056815e+00        1.653137967479667640e-05
4.970019999999999882e+00        1.438393605177993528e+00        1.338646394822006906e-05
4.980019999999999669e+00        1.437954556451612964e+00        1.464141782258066795e-05
4.990020000000000344e+00        1.437532228915662680e+00        1.782659939759026588e-05
