# wav(mic), n, k
2.999999999999999889e-01        1.292280099999999932e+00        9.999999699999999286e-10
3.099999999999999978e-01        1.292279799999999979e+00        9.999999699999999286e-10
3.200000000000000067e-01        1.292279500000000025e+00        9.999999699999999286e-10
3.300000000000000155e-01        1.292279174358974325e+00        9.999999699999999286e-10
3.400000000000000244e-01        1.292278800000000061e+00        9.999999699999999286e-10
3.499999999999999778e-01        1.292278396594427337e+00        9.999999699999999286e-10
3.599999999999999867e-01        1.292277899999999979e+00        9.999999699999999286e-10
3.699999999999999956e-01        1.292277489923842948e+00        9.999999699999999286e-10
3.800000000000000044e-01        1.292277099999999956e+00        9.999999699999999286e-10
3.900000000000000133e-01        1.292276646826280739e+00        9.999999699999999286e-10
4.000000000000000222e-01        1.292276197020585160e+00        9.999999699999999286e-10
4.099999999999999756e-01        1.292275760878771829e+00        9.999999699999999286e-10
4.199999999999999845e-01        1.292275337609932739e+00        9.999999699999999286e-10
4.299999999999999933e-01        1.292274926643073751e+00        9.999999699999999286e-10
4.400000000000000022e-01        1.292274427420948557e+00        9.999999699999999286e-10
4.500000000000000111e-01        1.292274039430501897e+00        9.999999699999999286e-10
4.600000000000000200e-01        1.292273562169811374e+00        9.999999699999999286e-10
4.699999999999999734e-01        1.292273195112955131e+00        9.999999699999999286e-10
4.799999999999999822e-01        1.292272737980986852e+00        9.999999699999999286e-10
4.899999999999999911e-01        1.292272290225563891e+00        9.999999699999999286e-10
5.000000000000000000e-01        1.292271851541467731e+00        1.012123582453321578e-09
5.100000000000000089e-01        1.292271043052003465e+00        1.210736612617221061e-09
5.200000000000000178e-01        1.292270199666666564e+00        1.421468201333333359e-09
5.300000000000000266e-01        1.292269372433537677e+00        1.632211475787321619e-09
5.400000000000000355e-01        1.292268560722891646e+00        1.842929857951808739e-09
5.500000000000000444e-01        1.292267763801261848e+00        2.053670646253944888e-09
5.600000000000000533e-01        1.292266981262098380e+00        2.264398234456060353e-09
5.699999999999999512e-01        1.292266118785796003e+00        2.475144431729666798e-09
5.799999999999999600e-01        1.292265357271364268e+00        2.685880311844077342e-09
5.899999999999999689e-01        1.292264514937454090e+00        2.896600394701985342e-09
5.999999999999999778e-01        1.292263684904297438e+00        3.107343876778620854e-09
6.099999999999999867e-01        1.292262900676879323e+00        3.318076600748129788e-09
6.199999999999999956e-01        1.292262060895418063e+00        3.528813563693598914e-09
6.300000000000000044e-01        1.292261266022766364e+00        3.739552884787858681e-09
6.400000000000000133e-01        1.292260473078225669e+00        3.950276222146968627e-09
6.500000000000000222e-01        1.292259663126252400e+00        4.161022189712759676e-09
6.600000000000000311e-01        1.292258845667215716e+00        4.371754804019770838e-09
6.700000000000000400e-01        1.292257992561448798e+00        4.582474183667530451e-09
6.800000000000000488e-01        1.292257223827751211e+00        4.793209006539075252e-09
6.899999999999999467e-01        1.292256372790185459e+00        5.003953867442590342e-09
6.999999999999999556e-01        1.292255590288551081e+00        5.214692172106731268e-09
7.099999999999999645e-01        1.292254774296205611e+00        5.425411001958384109e-09
7.199999999999999734e-01        1.292253966827648703e+00        5.636162201026258566e-09
7.299999999999999822e-01        1.292253101726704489e+00        5.846887049568323959e-09
7.399999999999999911e-01        1.292252315384615491e+00        6.057626923076922690e-09
7.500000000000000000e-01        1.292251540966994794e+00        6.268359827591198276e-09
7.600000000000000089e-01        1.292250678149100107e+00        6.479085059897173308e-09
7.700000000000000178e-01        1.292249926499577484e+00        6.689829790340749962e-09
7.800000000000000266e-01        1.292249085833333311e+00        6.900560313333333904e-09
7.900000000000000355e-01        1.292248256069364221e+00        7.111285652408477818e-09
8.000000000000000444e-01        1.292247436682052664e+00        7.322024767933751078e-09
8.100000000000000533e-01        1.292246627389558311e+00        7.532757684444445934e-09
8.199999999999999512e-01        1.292245828010609943e+00        7.743487708169760365e-09
8.299999999999999600e-01        1.292245038461538487e+00        7.954228376923076682e-09
8.399999999999999689e-01        1.292244158193548431e+00        8.164963724258064741e-09
8.499999999999999778e-01        1.292243387292252521e+00        8.375701727230887572e-09
8.599999999999999867e-01        1.292242525340393300e+00        8.586438341603628608e-09
8.699999999999999956e-01        1.292241772263867938e+00        8.797159567566217291e-09
8.800000000000000044e-01        1.292240927754498392e+00        9.007893197756963480e-09
8.900000000000000133e-01        1.292240091648351630e+00        9.218635012747254404e-09
9.000000000000000222e-01        1.292239263719585640e+00        9.429362810286676918e-09
9.100000000000000311e-01        1.292238491980906900e+00        9.640097455011933083e-09
9.200000000000000400e-01        1.292237642553191401e+00        9.850830853191490952e-09
9.300000000000000488e-01        1.292236827658582055e+00        1.006158047621268902e-08
9.399999999999999467e-01        1.292236031007393704e+00        1.027230162569316069e-08
9.499999999999999556e-01        1.292235241552197822e+00        1.048303764720695838e-08
9.599999999999999645e-01        1.292234445889792083e+00        1.069376904674796722e-08
9.699999999999999734e-01        1.292233584403669644e+00        1.090450908256880614e-08
9.799999999999999822e-01        1.292232754998891453e+00        1.111524406340057554e-08
9.899999999999999911e-01        1.292231973094662756e+00        1.132597815879639625e-08
1.000000000000000000e+00        1.292231200000000024e+00        1.153671200000000019e-08
1.010000000000000009e+00        1.292229487339055849e+00        1.206990350429184536e-08
1.020000000000000018e+00        1.292227889999999935e+00        1.260291169999999709e-08
1.030000000000000027e+00        1.292226265822784770e+00        1.313577864556962631e-08
1.040000000000000036e+00        1.292224587473904007e+00        1.366879653027140193e-08
1.050000000000000044e+00        1.292223024637681128e+00        1.420198802898551199e-08
1.060000000000000053e+00        1.292221378688524602e+00        1.473480886885245569e-08
1.070000000000000062e+00        1.292219747154471632e+00        1.526796630081301165e-08
1.080000000000000071e+00        1.292218059475806369e+00        1.580118615322581178e-08
1.090000000000000080e+00        1.292216429940119760e+00        1.633409980838323854e-08
1.100000000000000089e+00        1.292214843478260988e+00        1.686714865217391998e-08
1.110000000000000098e+00        1.292213170841487235e+00        1.740038079256360254e-08
1.120000000000000107e+00        1.292211513178294524e+00        1.793332203875969422e-08
1.129999999999999893e+00        1.292209915384615382e+00        1.846630338461537580e-08
1.139999999999999902e+00        1.292208238857142755e+00        1.899928101714285878e-08
1.149999999999999911e+00        1.292206620754716928e+00        1.953263758490565506e-08
1.159999999999999920e+00        1.292204994766355197e+00        2.006534496635513877e-08
1.169999999999999929e+00        1.292203316666666657e+00        2.059850933333332937e-08
1.179999999999999938e+00        1.292201747232472275e+00        2.113162372324722726e-08
1.189999999999999947e+00        1.292200104021937745e+00        2.166471566179158400e-08
1.199999999999999956e+00        1.292198468478260809e+00        2.219784937681159257e-08
1.209999999999999964e+00        1.292196846774193553e+00        2.273085037634408253e-08
1.219999999999999973e+00        1.292195138543516864e+00        2.326374401420958999e-08
1.229999999999999982e+00        1.292193543008849588e+00        2.379677787610619478e-08
1.239999999999999991e+00        1.292191889473684130e+00        2.432994063157894775e-08
1.250000000000000000e+00        1.292190245138888915e+00        2.486307478819444823e-08
1.260000000000000009e+00        1.292188634251290713e+00        2.539575981239242365e-08
1.270000000000000018e+00        1.292186997770154333e+00        2.592922159005146033e-08
1.280000000000000027e+00        1.292185356027164556e+00        2.646208955178268365e-08
1.290000000000000036e+00        1.292183705882352873e+00        2.699506223529412368e-08
1.300000000000000044e+00        1.292182125628140721e+00        2.752816436515912897e-08
1.310000000000000053e+00        1.292180464842454413e+00        2.806125839137645212e-08
1.320000000000000062e+00        1.292178813815789473e+00        2.859418984868421335e-08
1.330000000000000071e+00        1.292177173649754485e+00        2.912756074304419780e-08
1.340000000000000080e+00        1.292175548051948120e+00        2.966042918831169316e-08
1.350000000000000089e+00        1.292173933065810632e+00        3.019356329213484282e-08
1.360000000000000098e+00        1.292172253440000196e+00        3.072667511520000801e-08
1.370000000000000107e+00        1.292170640253565761e+00        3.125953666877972831e-08
1.379999999999999893e+00        1.292168965930599489e+00        3.179280982965299671e-08
1.389999999999999902e+00        1.292167343125000034e+00        3.232543951249999549e-08
1.399999999999999911e+00        1.292165730185758532e+00        3.285854066563467636e-08
1.409999999999999920e+00        1.292164091371340584e+00        3.339159947611710059e-08
1.419999999999999929e+00        1.292162442137404499e+00        3.392465116641220784e-08
1.429999999999999938e+00        1.292160832826747763e+00        3.445771602583586019e-08
1.439999999999999947e+00        1.292159201204819308e+00        3.499081807228915372e-08
1.449999999999999956e+00        1.292157547976011900e+00        3.552398750824587433e-08
1.459999999999999964e+00        1.292155905786350090e+00        3.605714809050444875e-08
1.469999999999999973e+00        1.292154275887573922e+00        3.659007697781064860e-08
1.479999999999999982e+00        1.292152656661786247e+00        3.712297736310395656e-08
1.489999999999999991e+00        1.292150988759124042e+00        3.765617231386860627e-08
1.500000000000000000e+00        1.292149349206349163e+00        3.818941649927850739e-08
1.510000000000000009e+00        1.292147714676258996e+00        3.872218035683453150e-08
1.520000000000000018e+00        1.292146086552217410e+00        3.925516090414878372e-08
1.530000000000000027e+00        1.292144486382978741e+00        3.978813391914893339e-08
1.540000000000000036e+00        1.292142788135593134e+00        4.032135645480225943e-08
1.550000000000000044e+00        1.292141201958042052e+00        4.085423386433566108e-08
1.560000000000000053e+00        1.292139526462395382e+00        4.138729770194985915e-08
1.570000000000000062e+00        1.292137954923717080e+00        4.192066022191401572e-08
1.580000000000000071e+00        1.292136306043956129e+00        4.245367797664835459e-08
1.590000000000000080e+00        1.292134662295082004e+00        4.298662828825138040e-08
1.600000000000000089e+00        1.292133028455284549e+00        4.351957581842818350e-08
1.610000000000000098e+00        1.292131405121293763e+00        4.405273181132076211e-08
1.620000000000000107e+00        1.292129715838926218e+00        4.458575533154362881e-08
1.629999999999999893e+00        1.292128088297872290e+00        4.511860723670212529e-08
1.639999999999999902e+00        1.292126452450331087e+00        4.565180109668873502e-08
1.649999999999999911e+00        1.292124809881422864e+00        4.618501441238470456e-08
1.659999999999999920e+00        1.292123219712793869e+00        4.677225622584856942e-08
1.669999999999999929e+00        1.292121192067620328e+00        4.821949290767230183e-08
1.679999999999999938e+00        1.292118921733505843e+00        4.897788455627423674e-08
1.689999999999999947e+00        1.292116601930501929e+00        4.937359193436293210e-08
1.699999999999999956e+00        1.292114373469387845e+00        5.089269189795917725e-08
1.709999999999999964e+00        1.292112004568527928e+00        5.256943497969543122e-08
1.719999999999999973e+00        1.292109649178255548e+00        5.343192093931731847e-08
1.729999999999999982e+00        1.292107357142856960e+00        5.472690100000000248e-08
1.739999999999999991e+00        1.292104951371570998e+00        5.522838414214464207e-08
1.750000000000000000e+00        1.292102514640198541e+00        5.665875967741935479e-08
1.760000000000000009e+00        1.292100088888888942e+00        5.750069097777777030e-08
1.770000000000000018e+00        1.292097627060270648e+00        5.963989803321031949e-08
1.780000000000000027e+00        1.292095160048720937e+00        5.986259136419000484e-08
1.790000000000000036e+00        1.292092605461165000e+00        6.099830939077671518e-08
1.800000000000000044e+00        1.292090065018093981e+00        6.267766744993968979e-08
1.810000000000000053e+00        1.292087538221153853e+00        6.407785886298077855e-08
1.820000000000000062e+00        1.292085021428571512e+00        6.512304435714286039e-08
1.830000000000000071e+00        1.292082404739336443e+00        6.633251259952607442e-08
1.840000000000000080e+00        1.292079761556603756e+00        6.797780068396227417e-08
1.850000000000000089e+00        1.292077112573442932e+00        6.919781391656875908e-08
1.860000000000000098e+00        1.292074461565420718e+00        7.095730858761683539e-08
1.870000000000000107e+00        1.292071782072176989e+00        7.181375359371363703e-08
1.879999999999999893e+00        1.292069011764706010e+00        7.335534731372545152e-08
1.889999999999999902e+00        1.292066246788990735e+00        7.510048086123850865e-08
1.899999999999999911e+00        1.292063497600000055e+00        7.679660449599999680e-08
1.909999999999999920e+00        1.292060710227272757e+00        7.814983691363636120e-08
1.919999999999999929e+00        1.292057874858437039e+00        7.939967969195921061e-08
1.929999999999999938e+00        1.292054976801801924e+00        8.147158490990989994e-08
1.939999999999999947e+00        1.292052149439461894e+00        8.281223843385649971e-08
1.949999999999999956e+00        1.292049153777777626e+00        8.465597562666666115e-08
1.959999999999999964e+00        1.292046253922651822e+00        8.611593648287293716e-08
1.969999999999999973e+00        1.292043272577092505e+00        8.765618380066080803e-08
1.979999999999999982e+00        1.292040302960526299e+00        8.967890383223686726e-08
1.989999999999999991e+00        1.292037306106870176e+00        9.154799189967285602e-08
2.000000000000000000e+00        1.292034207491856712e+00        9.318065170032573930e-08
2.009999999999999787e+00        1.292031126054054013e+00        9.498342666270265079e-08
2.020000000000000018e+00        1.292028041720430176e+00        9.654333035913979809e-08
2.029999999999999805e+00        1.292024858029978462e+00        9.869266028051385315e-08
2.040000000000000036e+00        1.292021737953091609e+00        1.006459687185501225e-07
2.049999999999999822e+00        1.292018481740976554e+00        1.024088971337579482e-07
2.060000000000000053e+00        1.292015299577613519e+00        1.044175596092924818e-07
2.069999999999999840e+00        1.292012045636172335e+00        1.063403137539432142e-07
2.080000000000000071e+00        1.292008700000000010e+00        1.085177662500000448e-07
2.089999999999999858e+00        1.292005367634854851e+00        1.106466278838173597e-07
2.100000000000000089e+00        1.292002039009288117e+00        1.127259940144479513e-07
2.109999999999999876e+00        1.291998635354573377e+00        1.147674007194244755e-07
2.120000000000000107e+00        1.291995229856850669e+00        1.168285008997955092e-07
2.129999999999999893e+00        1.291991756008146641e+00        1.188881142973522947e-07
2.140000000000000124e+00        1.291988276595744667e+00        1.212427370212766153e-07
2.149999999999999911e+00        1.291984733602421720e+00        1.239174543289606402e-07
2.160000000000000142e+00        1.291981183132530075e+00        1.261727906827309557e-07
2.169999999999999929e+00        1.291977572827172960e+00        1.284758710489510667e-07
2.180000000000000160e+00        1.291973979701492636e+00        1.310011417412935941e-07
2.189999999999999947e+00        1.291970357227722799e+00        1.332939650891089061e-07
2.200000000000000178e+00        1.291966619132149940e+00        1.357154769625246993e-07
2.209999999999999964e+00        1.291962935294117543e+00        1.384627011764705410e-07
2.220000000000000195e+00        1.291959114453125057e+00        1.409267422265625652e-07
2.229999999999999982e+00        1.291955308171206296e+00        1.435693702334630314e-07
2.240000000000000213e+00        1.291951504356243952e+00        1.462920294772508376e-07
2.250000000000000000e+00        1.291947625120308141e+00        1.491616298363811374e-07
2.259999999999999787e+00        1.291943679654510513e+00        1.520050016122839803e-07
2.270000000000000018e+00        1.291939743893129711e+00        1.545512832442748386e-07
2.279999999999999805e+00        1.291935736259542056e+00        1.575379435496183143e-07
2.290000000000000036e+00        1.291931655270655233e+00        1.605362607122507279e-07
2.299999999999999822e+00        1.291927585808893220e+00        1.634717735666981753e-07
2.310000000000000053e+00        1.291923453483992512e+00        1.666122582674200469e-07
2.319999999999999840e+00        1.291919328838951220e+00        1.698868586891385469e-07
2.330000000000000071e+00        1.291915152425373137e+00        1.730562977238806069e-07
2.339999999999999858e+00        1.291910906685236782e+00        1.762561155710305771e-07
2.350000000000000089e+00        1.291906593622920596e+00        1.794533703696858137e-07
2.359999999999999876e+00        1.291902259705611788e+00        1.827192239098435883e-07
2.370000000000000107e+00        1.291897906593406642e+00        1.861661282417582797e-07
2.379999999999999893e+00        1.291893488514129329e+00        1.896409913855970231e-07
2.390000000000000124e+00        1.291889026225045312e+00        1.929929501542650189e-07
2.399999999999999911e+00        1.291884561462093961e+00        1.965796265523466088e-07
2.410000000000000142e+00        1.291879958723021415e+00        2.003142406474820699e-07
2.419999999999999929e+00        1.291875372392086385e+00        2.040143125899280437e-07
2.430000000000000160e+00        1.291870724171888973e+00        2.078413615398389531e-07
2.439999999999999947e+00        1.291866018788958126e+00        2.117153370970613914e-07
2.450000000000000178e+00        1.291861254787234126e+00        2.156127026861702641e-07
2.459999999999999964e+00        1.291856478729038082e+00        2.196519683936451985e-07
2.470000000000000195e+00        1.291851651318101979e+00        2.237568773813709070e-07
2.479999999999999982e+00        1.291846737062937178e+00        2.278388576748251837e-07
2.490000000000000213e+00        1.291841834464751981e+00        2.320799795300262619e-07
2.500000000000000000e+00        1.291836873629242710e+00        2.362271683899042365e-07
2.509999999999999787e+00        1.291831766291161143e+00        2.406643205632580499e-07
2.520000000000000018e+00        1.291826671527178672e+00        2.450370554184641207e-07
2.529999999999999805e+00        1.291821542060085815e+00        2.495607101888410729e-07
2.540000000000000036e+00        1.291816360940170938e+00        2.542605213162393131e-07
2.549999999999999822e+00        1.291811101785714344e+00        2.590443257482992808e-07
2.560000000000000053e+00        1.291805747840812923e+00        2.638172930228619651e-07
2.569999999999999840e+00        1.291800413378492829e+00        2.686147612701101050e-07
2.580000000000000071e+00        1.291794938617200517e+00        2.736189230691399065e-07
2.589999999999999858e+00        1.291789479362416060e+00        2.786695811241609038e-07
2.600000000000000089e+00        1.291783942355889669e+00        2.838303437092731974e-07
2.609999999999999876e+00        1.291778323773898673e+00        2.891357705153781119e-07
2.620000000000000107e+00        1.291772661290322644e+00        2.945602751612903233e-07
2.629999999999999893e+00        1.291766954094292874e+00        2.999920617617865854e-07
2.640000000000000124e+00        1.291761109472817193e+00        3.054532636326195302e-07
2.649999999999999911e+00        1.291755220655737890e+00        3.111104243196721276e-07
2.660000000000000142e+00        1.291749288000000107e+00        3.169392544000001638e-07
2.669999999999999929e+00        1.291743312428919488e+00        3.228893297969131634e-07
2.680000000000000160e+00        1.291737289644012909e+00        3.289041752427184998e-07
2.689999999999999947e+00        1.291731140776698927e+00        3.349729131067959455e-07
2.700000000000000178e+00        1.291724953097345141e+00        3.412337004424779618e-07
2.709999999999999964e+00        1.291718724999999957e+00        3.476431176282051476e-07
2.720000000000000195e+00        1.291712428867623608e+00        3.541530832057417534e-07
2.729999999999999982e+00        1.291706035663224839e+00        3.607327193486894157e-07
2.740000000000000213e+00        1.291699522557585356e+00        3.675140855123116077e-07
2.750000000000000000e+00        1.291692973222748675e+00        3.744415586492890792e-07
2.759999999999999787e+00        1.291686386624705030e+00        3.814530422737999472e-07
2.770000000000000018e+00        1.291679715270164452e+00        3.885479613390759547e-07
2.779999999999999805e+00        1.291672901091192482e+00        3.957465314419327130e-07
2.790000000000000036e+00        1.291666042166796702e+00        4.032417535775527595e-07
2.799999999999999822e+00        1.291659149185415023e+00        4.108211589294026536e-07
2.810000000000000053e+00        1.291652153359073463e+00        4.185467385173746840e-07
2.819999999999999840e+00        1.291645041967717011e+00        4.264473601076095166e-07
2.830000000000000071e+00        1.291637893620292132e+00        4.345311879323599015e-07
2.839999999999999858e+00        1.291630641775057375e+00        4.427431756618207584e-07
2.850000000000000089e+00        1.291623265041888846e+00        4.511285617440974386e-07
2.859999999999999876e+00        1.291615791129643531e+00        4.596792247308565965e-07
2.870000000000000107e+00        1.291608285443517801e+00        4.683632277634573705e-07
2.879999999999999893e+00        1.291600671924528321e+00        4.772992854037735314e-07
2.890000000000000124e+00        1.291592980090157772e+00        4.864490591885801260e-07
2.899999999999999911e+00        1.291585212556053852e+00        4.957720617787743309e-07
2.910000000000000142e+00        1.291577365022421597e+00        5.052147000448432063e-07
2.919999999999999929e+00        1.291569337304542042e+00        5.149636313849590471e-07
2.930000000000000160e+00        1.291561233333333281e+00        5.248481620000001533e-07
2.939999999999999947e+00        1.291553058997050085e+00        5.348897254203538137e-07
2.950000000000000178e+00        1.291544799410029309e+00        5.451842165707965601e-07
2.959999999999999964e+00        1.291536378193832713e+00        5.557441780176210254e-07
2.970000000000000195e+00        1.291527881519357157e+00        5.664780844850256891e-07
2.979999999999999982e+00        1.291519307423580676e+00        5.773984099854438693e-07
2.990000000000000213e+00        1.291510573799126593e+00        5.886529369141196803e-07
3.000000000000000000e+00        1.291501767293777192e+00        6.001140321128800110e-07
3.009999999999999787e+00        1.291492867195385807e+00        6.117986821268924135e-07
3.020000000000000018e+00        1.291483854088952610e+00        6.237380917647057478e-07
3.029999999999999805e+00        1.291474671879483616e+00        6.359904447058820950e-07
3.040000000000000036e+00        1.291465382785714322e+00        6.484943183642856289e-07
3.049999999999999822e+00        1.291455990476190419e+00        6.612423928784643864e-07
3.060000000000000053e+00        1.291446466666666515e+00        6.743048235820895862e-07
3.069999999999999840e+00        1.291436810183875572e+00        6.877089446110324582e-07
3.080000000000000071e+00        1.291427027464788768e+00        7.013452926056341010e-07
3.089999999999999858e+00        1.291417097887323839e+00        7.152145813380279838e-07
3.100000000000000089e+00        1.291407072791023847e+00        7.295405756381485621e-07
3.109999999999999876e+00        1.291396919539427701e+00        7.441421144382410666e-07
3.120000000000000107e+00        1.291386636041666813e+00        7.590183418125002548e-07
3.129999999999999893e+00        1.291376149930555606e+00        7.743395293124996466e-07
3.140000000000000124e+00        1.291365553803596189e+00        7.899769141355465130e-07
3.149999999999999911e+00        1.291354837852718651e+00        8.058941798830007628e-07
3.160000000000000142e+00        1.291343894975911955e+00        8.222414682518928955e-07
3.169999999999999929e+00        1.291332828101439345e+00        8.390265828855377997e-07
3.180000000000000160e+00        1.291321658214042323e+00        8.561200398568509078e-07
3.189999999999999947e+00        1.291310342603953609e+00        8.736064611247445794e-07
3.200000000000000178e+00        1.291298778818737336e+00        8.916351560285137892e-07
3.209999999999999964e+00        1.291287089527026977e+00        9.099956594932432714e-07
3.220000000000000195e+00        1.291275265202702638e+00        9.287479905743245649e-07
3.229999999999999982e+00        1.291263250369872218e+00        9.481058523335576825e-07
3.240000000000000213e+00        1.291251096383121189e+00        9.678251214199606704e-07
3.250000000000000000e+00        1.291238772203616714e+00        9.879669968385802273e-07
3.259999999999999787e+00        1.291226143037974561e+00        1.008791405143237331e-06
3.270000000000000018e+00        1.291213396217650855e+00        1.030010535102853178e-06
3.279999999999999805e+00        1.291200522959522257e+00        1.051700183410749731e-06
3.290000000000000036e+00        1.291187352805280630e+00        1.074116509570957250e-06
3.299999999999999822e+00        1.291174043589743636e+00        1.096940410256409664e-06
3.310000000000000053e+00        1.291160565614727140e+00        1.120282487836949012e-06
3.319999999999999840e+00        1.291146807913668981e+00        1.144437051079136004e-06
3.330000000000000071e+00        1.291132893485341882e+00        1.169047303257328940e-06
3.339999999999999858e+00        1.291118756677524404e+00        1.194304371661236926e-06
3.350000000000000089e+00        1.291104365845755053e+00        1.220352741736876083e-06
3.359999999999999876e+00        1.291089809748224626e+00        1.246884386507423962e-06
3.370000000000000107e+00        1.291074961459005799e+00        1.274237388444158357e-06
3.379999999999999893e+00        1.291059847013487527e+00        1.302370008477841842e-06
3.390000000000000124e+00        1.291044576214833928e+00        1.331003830946291620e-06
3.399999999999999911e+00        1.291029039130434874e+00        1.360651465217390971e-06
3.410000000000000142e+00        1.291013203882877214e+00        1.391065559197963682e-06
3.419999999999999929e+00        1.290997155541481867e+00        1.422035200379987343e-06
3.430000000000000160e+00        1.290980752754908201e+00        1.454278075617480217e-06
3.439999999999999947e+00        1.290964159016393387e+00        1.487153601639344557e-06
3.450000000000000178e+00        1.290947324211853653e+00        1.520827813493065397e-06
3.459999999999999964e+00        1.290930122849968553e+00        1.555791710797238202e-06
3.470000000000000195e+00        1.290912731749999987e+00        1.591396591875001278e-06
3.479999999999999982e+00        1.290894981749999948e+00        1.628189716875000386e-06
3.490000000000000213e+00        1.290876877985074556e+00        1.666097595149254916e-06
3.500000000000000000e+00        1.290858564705882561e+00        1.704671934674922845e-06
3.509999999999999787e+00        1.290839741176470490e+00        1.744961656037150707e-06
3.520000000000000018e+00        1.290820714479359088e+00        1.786089432963647499e-06
3.529999999999999805e+00        1.290801429205175710e+00        1.828283826062846370e-06
3.540000000000000036e+00        1.290781610122699430e+00        1.872182911840491522e-06
3.549999999999999822e+00        1.290761564102564041e+00        1.916867086813185990e-06
3.560000000000000053e+00        1.290741051282051410e+00        1.963304449450550222e-06
3.569999999999999840e+00        1.290720219270516722e+00        2.011033159696048054e-06
3.580000000000000071e+00        1.290699125045592810e+00        2.059822703768996691e-06
3.589999999999999858e+00        1.290677412159709547e+00        2.110858894918329141e-06
3.600000000000000089e+00        1.290655448344370848e+00        2.162801772606863465e-06
3.609999999999999876e+00        1.290632931788079585e+00        2.216738316857313772e-06
3.620000000000000107e+00        1.290610011151079206e+00        2.272376856954436249e-06
3.629999999999999893e+00        1.290586809712230387e+00        2.329198139928056093e-06
3.640000000000000124e+00        1.290562885202863885e+00        2.388851178520287703e-06
3.649999999999999911e+00        1.290538708432303894e+00        2.449556479691211931e-06
3.660000000000000142e+00        1.290513945961995201e+00        2.512752738598576350e-06
3.669999999999999929e+00        1.290488676108811461e+00        2.577963332525132158e-06
3.680000000000000160e+00        1.290463010821998768e+00        2.644743817445298647e-06
3.689999999999999947e+00        1.290436579281930563e+00        2.714861763213654256e-06
3.700000000000000178e+00        1.290409864206209845e+00        2.786186561511424897e-06
3.709999999999999964e+00        1.290382330521382626e+00        2.860941570298769933e-06
3.720000000000000195e+00        1.290354341399416960e+00        2.937770983381926250e-06
3.729999999999999982e+00        1.290325828279883513e+00        3.016987076676385242e-06
3.740000000000000213e+00        1.290296500348229847e+00        3.099841201567036265e-06
3.750000000000000000e+00        1.290266870190641235e+00        3.184049713344886986e-06
3.759999999999999787e+00        1.290236136510687581e+00        3.273365022414786353e-06
3.770000000000000018e+00        1.290205036170212871e+00        3.364373212765956384e-06
3.779999999999999805e+00        1.290173063772283024e+00        3.459407715353649386e-06
3.790000000000000036e+00        1.290140365234822450e+00        3.557940075372279513e-06
3.799999999999999822e+00        1.290107089175257737e+00        3.659254393814429274e-06
3.810000000000000053e+00        1.290072750028490089e+00        3.766026844444442840e-06
3.819999999999999840e+00        1.290038076630742880e+00        3.874486728984681787e-06
3.830000000000000071e+00        1.290001945036868936e+00        3.989949746568348462e-06
3.839999999999999858e+00        1.289965364935064862e+00        4.107792929361938822e-06
3.850000000000000089e+00        1.289927702597402526e+00        4.231379377696218617e-06
3.859999999999999876e+00        1.289889171910112209e+00        4.359580488426965693e-06
3.870000000000000107e+00        1.289849846067415706e+00        4.492007286179775863e-06
3.879999999999999893e+00        1.289809181253497528e+00        4.631780221264687203e-06
3.890000000000000124e+00        1.289768050867375671e+00        4.774107473642978539e-06
3.899999999999999911e+00        1.289725043541202654e+00        4.926691061636970745e-06
3.910000000000000142e+00        1.289681616796008790e+00        5.081659539412420195e-06
3.919999999999999929e+00        1.289636439412416680e+00        5.246686202383591384e-06
3.930000000000000160e+00        1.289590451214128075e+00        5.416422098399561368e-06
3.939999999999999947e+00        1.289542989845474663e+00        5.594714206567326633e-06
3.950000000000000178e+00        1.289494194728171506e+00        5.780957841845142438e-06
3.959999999999999964e+00        1.289444277100494363e+00        5.973893646348159893e-06
3.970000000000000195e+00        1.289392503881902741e+00        6.178696230836527947e-06
3.979999999999999982e+00        1.289340016183706972e+00        6.388068018698744276e-06
3.990000000000000213e+00        1.289284940043525562e+00        6.613746508324272619e-06
4.000000000000000000e+00        1.289229379252437857e+00        6.842512829144097222e-06
4.009999999999999787e+00        1.289170820205850498e+00        7.090762449945828743e-06
4.019999999999999574e+00        1.289111558683926573e+00        7.343864252966554831e-06
4.030000000000000249e+00        1.289049638511326812e+00        7.615330056634309447e-06
4.040000000000000036e+00        1.288986388841201869e+00        7.896001585836905407e-06
4.049999999999999822e+00        1.288920723605150309e+00        8.193399010729609394e-06
4.059999999999999609e+00        1.288853053340459631e+00        8.505494266862627969e-06
4.070000000000000284e+00        1.288783304543025254e+00        8.832826174933193801e-06
4.080000000000000071e+00        1.288710753216374183e+00        9.180946040563529948e-06
4.089999999999999858e+00        1.288636484210526234e+00        9.541806912440196607e-06
4.099999999999999645e+00        1.288558496400211695e+00        9.931341380624657860e-06
4.110000000000000320e+00        1.288479195182636206e+00        1.033100278877713008e-05
4.120000000000000107e+00        1.288395197787144397e+00        1.076838872286616282e-05
4.129999999999999893e+00        1.288310371654372899e+00        1.121243192623812339e-05
4.139999999999999680e+00        1.288219690975865639e+00        1.170556738929693203e-05
4.150000000000000355e+00        1.288128396083550786e+00        1.220392261096607815e-05
4.160000000000000142e+00        1.288030484856396818e+00        1.275919676240210313e-05
4.169999999999999929e+00        1.287931571844155743e+00        1.332356552987013705e-05
4.179999999999999716e+00        1.287826013402597392e+00        1.394826423116881143e-05
4.190000000000000391e+00        1.287718648008277400e+00        1.458994097827212718e-05
4.200000000000000178e+00        1.287604317951370980e+00        1.529705737765131191e-05
4.209999999999999964e+00        1.287487278836251248e+00        1.603073391503602769e-05
4.219999999999999751e+00        1.287363025489186352e+00        1.683514019721935357e-05
4.230000000000000426e+00        1.287235025832906166e+00        1.767801633828812647e-05
4.240000000000000213e+00        1.287099454331112280e+00        1.859864575909793202e-05
4.250000000000000000e+00        1.286958962244898030e+00        1.957244965306123669e-05
4.259999999999999787e+00        1.286810441836734764e+00        2.063301189795919443e-05
4.269999999999999574e+00        1.286655594057897423e+00        2.176502809649566615e-05
4.280000000000000249e+00        1.286492008481462612e+00        2.299571880243781114e-05
4.290000000000000036e+00        1.286320550303336585e+00        2.432061464914051833e-05
4.299999999999999822e+00        1.286139508847320423e+00        2.576018593326587515e-05
4.309999999999999609e+00        1.285948738248616108e+00        2.732248223502758592e-05
4.320000000000000284e+00        1.285747127780573651e+00        2.902151444438854267e-05
4.330000000000000071e+00        1.285533638677354595e+00        3.087914474549094336e-05
4.339999999999999858e+00        1.285307586573146255e+00        3.290451047695380749e-05
4.349999999999999645e+00        1.285067308474576286e+00        3.513321163609154268e-05
4.360000000000000320e+00        1.284812223728813541e+00        3.757354762811563936e-05
4.370009999999999728e+00        1.284539649131513528e+00        4.027790021588075571e-05
4.380010000000000403e+00        1.284249028784119062e+00        4.325756870223342705e-05
4.390010000000000190e+00        1.283937907608695639e+00        4.657185094466422497e-05
4.400009999999999977e+00        1.283603668478260795e+00        5.026346359288545100e-05
4.410009999999999764e+00        1.283245123807181587e+00        5.438316307476627362e-05
4.420010000000000439e+00        1.282856387948844157e+00        5.903461167289733455e-05
4.430010000000000225e+00        1.282439085217816910e+00        6.423257844346545351e-05
4.440010000000000012e+00        1.281981180176211543e+00        7.020731559471343546e-05
4.450009999999999799e+00        1.281490001997077410e+00        7.687805043351144372e-05
4.460009999999999586e+00        1.280942169556746224e+00        8.473386241597598441e-05
4.470010000000000261e+00        1.280356112954876169e+00        9.347053288112561664e-05
4.480010000000000048e+00        1.279687699563318848e+00        1.041050782474526459e-04
4.490009999999999835e+00        1.278977087258687417e+00        1.158265996138994788e-04
4.500009999999999621e+00        1.278143834362934550e+00        1.307071449806946391e-04
4.510010000000000296e+00        1.277266955454108732e+00        1.468552721912553096e-04
4.520010000000000083e+00        1.276196604661220535e+00        1.686248493176364059e-04
4.530009999999999870e+00        1.275089505693780101e+00        1.916225582200959776e-04
4.540009999999999657e+00        1.273662376507177063e+00        2.253157448229658566e-04
4.550010000000000332e+00        1.272227797523809434e+00        2.593020962714308688e-04
4.560010000000000119e+00        1.270227607047619056e+00        3.155464248428584747e-04
4.570009999999999906e+00        1.268227416571428678e+00        3.717907534142860806e-04
4.580009999999999692e+00        1.265303755545023945e+00        4.722401131090006999e-04
4.590010000000000367e+00        1.262292096777251293e+00        5.769017813554504995e-04
4.600010000000000154e+00        1.257632286792452758e+00        7.825733246273578218e-04
4.610009999999999941e+00        1.252568135849056574e+00        1.013025621797170256e-03
4.620009999999999728e+00        1.243897455331141488e+00        1.553755181681522888e-03
4.630010000000000403e+00        1.233552880413339325e+00        2.238493368623780191e-03
4.640010000000000190e+00        1.210633294343150812e+00        4.844641451612922631e-03
4.650009999999999977e+00        1.177590143338008044e+00        8.997628548387152231e-03
4.660009999999999764e+00        1.323935354164731626e+00        1.400062735849262052e-01
4.670010000000000439e+00        1.723153316007476121e+00        4.498355448739186357e-01
4.680010000000000225e+00        1.940600962714206235e+00        5.947534905703421027e-01
4.690010000000000012e+00        1.656471875173692876e+00        2.846153724138043017e-01
4.700009999999999799e+00        1.400171163669895025e+00        7.388343539511428061e-03
4.710009999999999586e+00        1.376120356846474158e+00        4.830499048962788936e-03
4.720010000000000261e+00        1.352069550023051292e+00        2.272654558413922561e-03
4.730010000000000048e+00        1.342573372831574074e+00        1.623711321817343078e-03
4.740009999999999835e+00        1.334039228728775006e+00        1.100942794970181417e-03
4.750009999999999621e+00        1.328676013065326789e+00        8.310876258291542262e-04
4.760010000000000296e+00        1.324319640292370925e+00        6.415382790954727351e-04
4.770010000000000083e+00        1.320943170804911304e+00        5.091250022919498620e-04
4.780009999999999870e+00        1.318305926603001277e+00        4.198143747339697822e-04
4.790009999999999657e+00        1.315992299275690280e+00        3.454532024671806223e-04
4.800010000000000332e+00        1.314227337754640068e+00        2.964376026482556069e-04
4.810019999999999740e+00        1.312542655675675629e+00        2.505164401441453584e-04
4.820020000000000415e+00        1.311281034054053940e+00        2.207858275315304234e-04
4.830020000000000202e+00        1.310019412432432473e+00        1.910552149189181448e-04
4.840019999999999989e+00        1.309055140242260995e+00        1.710818286002690027e-04
4.850019999999999776e+00        1.308108841453566651e+00        1.516982216016152555e-04
4.860019999999999563e+00        1.307313633124999930e+00        1.366457066250004735e-04
4.870020000000000238e+00        1.306578945625000099e+00        1.233280548392854249e-04
4.880020000000000024e+00        1.305914606708129755e+00        1.118024781155041762e-04
4.890019999999999811e+00        1.305328333940470875e+00        1.022655754055974887e-04
4.900019999999999598e+00        1.304766093365767432e+00        9.328046859310045369e-05
4.910020000000000273e+00        1.304287588279522403e+00        8.621798694781034750e-05
4.920020000000000060e+00        1.303809083193277374e+00        7.915550530252087828e-05
4.930019999999999847e+00        1.303408429810656077e+00        7.371779625407311946e-05
4.940019999999999634e+00        1.303010851651255075e+00        6.834426741215336937e-05
4.950020000000000309e+00        1.302656252959228489e+00        6.379435643182794708e-05
4.960020000000000095e+00        1.302320873739587936e+00        5.961274924199896647e-05
4.970019999999999882e+00        1.302005599040139572e+00        5.578625494415350680e-05
4.980019999999999669e+00        1.301719255235602057e+00        5.247077675916231190e-05
4.990020000000000344e+00        1.301437530481980076e+00        4.923121731784612211e-05
