# wav(mic), n, k
2.999999999999999889e-01        1.416889999999999983e+00        0.000000000000000000e+00
3.099999999999999978e-01        1.416889999999999983e+00        0.000000000000000000e+00
3.200000000000000067e-01        1.416889999999999983e+00        0.000000000000000000e+00
3.300000000000000155e-01        1.416889999999999983e+00        0.000000000000000000e+00
3.400000000000000244e-01        1.416889999999999983e+00        0.000000000000000000e+00
3.499999999999999778e-01        1.416889999999999983e+00        0.000000000000000000e+00
3.599999999999999867e-01        1.416889999999999983e+00        0.000000000000000000e+00
3.699999999999999956e-01        1.416889999999999983e+00        0.000000000000000000e+00
3.800000000000000044e-01        1.416889999999999983e+00        0.000000000000000000e+00
3.900000000000000133e-01        1.416889999999999983e+00        0.000000000000000000e+00
4.000000000000000222e-01        1.416889999999999983e+00        0.000000000000000000e+00
4.099999999999999756e-01        1.416889999999999983e+00        0.000000000000000000e+00
4.199999999999999845e-01        1.416889999999999983e+00        0.000000000000000000e+00
4.299999999999999933e-01        1.416889999999999983e+00        0.000000000000000000e+00
4.400000000000000022e-01        1.416889999999999983e+00        0.000000000000000000e+00
4.500000000000000111e-01        1.416889999999999983e+00        0.000000000000000000e+00
4.600000000000000200e-01        1.416889999999999983e+00        0.000000000000000000e+00
4.699999999999999734e-01        1.416889999999999983e+00        0.000000000000000000e+00
4.799999999999999822e-01        1.416889999999999983e+00        0.000000000000000000e+00
4.899999999999999911e-01        1.416889999999999983e+00        0.000000000000000000e+00
5.000000000000000000e-01        1.416889999999999983e+00        0.000000000000000000e+00
5.100000000000000089e-01        1.416889999999999983e+00        0.000000000000000000e+00
5.200000000000000178e-01        1.416889999999999983e+00        0.000000000000000000e+00
5.300000000000000266e-01        1.416889999999999983e+00        0.000000000000000000e+00
5.400000000000000355e-01        1.416889999999999983e+00        0.000000000000000000e+00
5.500000000000000444e-01        1.416889999999999983e+00        0.000000000000000000e+00
5.600000000000000533e-01        1.416889999999999983e+00        0.000000000000000000e+00
5.699999999999999512e-01        1.416889999999999983e+00        0.000000000000000000e+00
5.799999999999999600e-01        1.416889999999999983e+00        0.000000000000000000e+00
5.899999999999999689e-01        1.416889999999999983e+00        0.000000000000000000e+00
5.999999999999999778e-01        1.416889999999999983e+00        0.000000000000000000e+00
6.099999999999999867e-01        1.416889999999999983e+00        0.000000000000000000e+00
6.199999999999999956e-01        1.416889999999999983e+00        0.000000000000000000e+00
6.300000000000000044e-01        1.416889999999999983e+00        0.000000000000000000e+00
6.400000000000000133e-01        1.416889999999999983e+00        0.000000000000000000e+00
6.500000000000000222e-01        1.416889999999999983e+00        0.000000000000000000e+00
6.600000000000000311e-01        1.416889999999999983e+00        0.000000000000000000e+00
6.700000000000000400e-01        1.416889999999999983e+00        0.000000000000000000e+00
6.800000000000000488e-01        1.416889999999999983e+00        0.000000000000000000e+00
6.899999999999999467e-01        1.416889999999999983e+00        0.000000000000000000e+00
6.999999999999999556e-01        1.416889999999999983e+00        0.000000000000000000e+00
7.099999999999999645e-01        1.416889999999999983e+00        0.000000000000000000e+00
7.199999999999999734e-01        1.416889999999999983e+00        0.000000000000000000e+00
7.299999999999999822e-01        1.416889999999999983e+00        0.000000000000000000e+00
7.399999999999999911e-01        1.416889999999999983e+00        0.000000000000000000e+00
7.500000000000000000e-01        1.416889999999999983e+00        0.000000000000000000e+00
7.600000000000000089e-01        1.416889999999999983e+00        0.000000000000000000e+00
7.700000000000000178e-01        1.416889999999999983e+00        0.000000000000000000e+00
7.800000000000000266e-01        1.416889999999999983e+00        0.000000000000000000e+00
7.900000000000000355e-01        1.416889999999999983e+00        0.000000000000000000e+00
8.000000000000000444e-01        1.416889999999999983e+00        0.000000000000000000e+00
8.100000000000000533e-01        1.416889999999999983e+00        0.000000000000000000e+00
8.199999999999999512e-01        1.416889999999999983e+00        0.000000000000000000e+00
8.299999999999999600e-01        1.416889999999999983e+00        0.000000000000000000e+00
8.399999999999999689e-01        1.416889999999999983e+00        0.000000000000000000e+00
8.499999999999999778e-01        1.416889999999999983e+00        0.000000000000000000e+00
8.599999999999999867e-01        1.416889999999999983e+00        0.000000000000000000e+00
8.699999999999999956e-01        1.416889999999999983e+00        0.000000000000000000e+00
8.800000000000000044e-01        1.416889999999999983e+00        0.000000000000000000e+00
8.900000000000000133e-01        1.416889999999999983e+00        0.000000000000000000e+00
9.000000000000000222e-01        1.416889999999999983e+00        0.000000000000000000e+00
9.100000000000000311e-01        1.416889999999999983e+00        0.000000000000000000e+00
9.200000000000000400e-01        1.416889999999999983e+00        0.000000000000000000e+00
9.300000000000000488e-01        1.416889999999999983e+00        0.000000000000000000e+00
9.399999999999999467e-01        1.416889999999999983e+00        0.000000000000000000e+00
9.499999999999999556e-01        1.416889999999999983e+00        0.000000000000000000e+00
9.599999999999999645e-01        1.416889999999999983e+00        0.000000000000000000e+00
9.699999999999999734e-01        1.416889999999999983e+00        0.000000000000000000e+00
9.799999999999999822e-01        1.416889999999999983e+00        0.000000000000000000e+00
9.899999999999999911e-01        1.416889999999999983e+00        0.000000000000000000e+00
1.000000000000000000e+00        1.416889999999999983e+00        0.000000000000000000e+00
1.010000000000000009e+00        1.416889999999999983e+00        0.000000000000000000e+00
1.020000000000000018e+00        1.416889999999999983e+00        0.000000000000000000e+00
1.030000000000000027e+00        1.416889999999999983e+00        0.000000000000000000e+00
1.040000000000000036e+00        1.416889999999999983e+00        0.000000000000000000e+00
1.050000000000000044e+00        1.416889999999999983e+00        0.000000000000000000e+00
1.060000000000000053e+00        1.416889999999999983e+00        0.000000000000000000e+00
1.070000000000000062e+00        1.416889999999999983e+00        0.000000000000000000e+00
1.080000000000000071e+00        1.416889999999999983e+00        0.000000000000000000e+00
1.090000000000000080e+00        1.416889999999999983e+00        0.000000000000000000e+00
1.100000000000000089e+00        1.416889999999999983e+00        0.000000000000000000e+00
1.110000000000000098e+00        1.416889999999999983e+00        0.000000000000000000e+00
1.120000000000000107e+00        1.416889999999999983e+00        0.000000000000000000e+00
1.129999999999999893e+00        1.416889999999999983e+00        0.000000000000000000e+00
1.139999999999999902e+00        1.416889999999999983e+00        0.000000000000000000e+00
1.149999999999999911e+00        1.416889999999999983e+00        0.000000000000000000e+00
1.159999999999999920e+00        1.416889999999999983e+00        0.000000000000000000e+00
1.169999999999999929e+00        1.416889999999999983e+00        0.000000000000000000e+00
1.179999999999999938e+00        1.416889999999999983e+00        0.000000000000000000e+00
1.189999999999999947e+00        1.416889999999999983e+00        0.000000000000000000e+00
1.199999999999999956e+00        1.416889999999999983e+00        0.000000000000000000e+00
1.209999999999999964e+00        1.416889999999999983e+00        0.000000000000000000e+00
1.219999999999999973e+00        1.416889999999999983e+00        0.000000000000000000e+00
1.229999999999999982e+00        1.416889999999999983e+00        0.000000000000000000e+00
1.239999999999999991e+00        1.416889999999999983e+00        0.000000000000000000e+00
1.250000000000000000e+00        1.416889999999999983e+00        0.000000000000000000e+00
1.260000000000000009e+00        1.416889999999999983e+00        0.000000000000000000e+00
1.270000000000000018e+00        1.416889999999999983e+00        0.000000000000000000e+00
1.280000000000000027e+00        1.416889999999999983e+00        0.000000000000000000e+00
1.290000000000000036e+00        1.416889999999999983e+00        0.000000000000000000e+00
1.300000000000000044e+00        1.416889999999999983e+00        0.000000000000000000e+00
1.310000000000000053e+00        1.416889999999999983e+00        0.000000000000000000e+00
1.320000000000000062e+00        1.416889999999999983e+00        0.000000000000000000e+00
1.330000000000000071e+00        1.416889999999999983e+00        0.000000000000000000e+00
1.340000000000000080e+00        1.416889999999999983e+00        0.000000000000000000e+00
1.350000000000000089e+00        1.416889999999999983e+00        0.000000000000000000e+00
1.360000000000000098e+00        1.416889999999999983e+00        0.000000000000000000e+00
1.370000000000000107e+00        1.416889999999999983e+00        0.000000000000000000e+00
1.379999999999999893e+00        1.416889999999999983e+00        0.000000000000000000e+00
1.389999999999999902e+00        1.416889999999999983e+00        0.000000000000000000e+00
1.399999999999999911e+00        1.416889999999999983e+00        0.000000000000000000e+00
1.409999999999999920e+00        1.416889999999999983e+00        0.000000000000000000e+00
1.419999999999999929e+00        1.416889999999999983e+00        0.000000000000000000e+00
1.429999999999999938e+00        1.416889999999999983e+00        0.000000000000000000e+00
1.439999999999999947e+00        1.416889999999999983e+00        0.000000000000000000e+00
1.449999999999999956e+00        1.416889999999999983e+00        0.000000000000000000e+00
1.459999999999999964e+00        1.416889999999999983e+00        0.000000000000000000e+00
1.469999999999999973e+00        1.416889999999999983e+00        0.000000000000000000e+00
1.479999999999999982e+00        1.416889999999999983e+00        0.000000000000000000e+00
1.489999999999999991e+00        1.416889999999999983e+00        0.000000000000000000e+00
1.500000000000000000e+00        1.416889999999999983e+00        0.000000000000000000e+00
1.510000000000000009e+00        1.416889999999999983e+00        0.000000000000000000e+00
1.520000000000000018e+00        1.416889999999999983e+00        0.000000000000000000e+00
1.530000000000000027e+00        1.416889999999999983e+00        0.000000000000000000e+00
1.540000000000000036e+00        1.416889999999999983e+00        0.000000000000000000e+00
1.550000000000000044e+00        1.416889999999999983e+00        0.000000000000000000e+00
1.560000000000000053e+00        1.416889999999999983e+00        0.000000000000000000e+00
1.570000000000000062e+00        1.416889999999999983e+00        0.000000000000000000e+00
1.580000000000000071e+00        1.416889999999999983e+00        0.000000000000000000e+00
1.590000000000000080e+00        1.416889999999999983e+00        0.000000000000000000e+00
1.600000000000000089e+00        1.416889999999999983e+00        0.000000000000000000e+00
1.610000000000000098e+00        1.416889999999999983e+00        0.000000000000000000e+00
1.620000000000000107e+00        1.416889999999999983e+00        0.000000000000000000e+00
1.629999999999999893e+00        1.416889999999999983e+00        0.000000000000000000e+00
1.639999999999999902e+00        1.416889999999999983e+00        0.000000000000000000e+00
1.649999999999999911e+00        1.416889999999999983e+00        0.000000000000000000e+00
1.659999999999999920e+00        1.416889999999999983e+00        0.000000000000000000e+00
1.669999999999999929e+00        1.416889999999999983e+00        0.000000000000000000e+00
1.679999999999999938e+00        1.416889999999999983e+00        0.000000000000000000e+00
1.689999999999999947e+00        1.416889999999999983e+00        0.000000000000000000e+00
1.699999999999999956e+00        1.416889999999999983e+00        0.000000000000000000e+00
1.709999999999999964e+00        1.416889999999999983e+00        0.000000000000000000e+00
1.719999999999999973e+00        1.416889999999999983e+00        0.000000000000000000e+00
1.729999999999999982e+00        1.416889999999999983e+00        0.000000000000000000e+00
1.739999999999999991e+00        1.416889999999999983e+00        0.000000000000000000e+00
1.750000000000000000e+00        1.416889999999999983e+00        0.000000000000000000e+00
1.760000000000000009e+00        1.416889999999999983e+00        0.000000000000000000e+00
1.770000000000000018e+00        1.416889999999999983e+00        0.000000000000000000e+00
1.780000000000000027e+00        1.416889999999999983e+00        0.000000000000000000e+00
1.790000000000000036e+00        1.416889999999999983e+00        0.000000000000000000e+00
1.800000000000000044e+00        1.416889999999999983e+00        0.000000000000000000e+00
1.810000000000000053e+00        1.416889999999999983e+00        0.000000000000000000e+00
1.820000000000000062e+00        1.416889999999999983e+00        0.000000000000000000e+00
1.830000000000000071e+00        1.416889999999999983e+00        0.000000000000000000e+00
1.840000000000000080e+00        1.416889999999999983e+00        0.000000000000000000e+00
1.850000000000000089e+00        1.416889999999999983e+00        0.000000000000000000e+00
1.860000000000000098e+00        1.416889999999999983e+00        0.000000000000000000e+00
1.870000000000000107e+00        1.416889999999999983e+00        0.000000000000000000e+00
1.879999999999999893e+00        1.416889999999999983e+00        0.000000000000000000e+00
1.889999999999999902e+00        1.416889999999999983e+00        0.000000000000000000e+00
1.899999999999999911e+00        1.416889999999999983e+00        0.000000000000000000e+00
1.909999999999999920e+00        1.416889999999999983e+00        0.000000000000000000e+00
1.919999999999999929e+00        1.416889999999999983e+00        0.000000000000000000e+00
1.929999999999999938e+00        1.416889999999999983e+00        0.000000000000000000e+00
1.939999999999999947e+00        1.416889999999999983e+00        0.000000000000000000e+00
1.949999999999999956e+00        1.416889999999999983e+00        0.000000000000000000e+00
1.959999999999999964e+00        1.416889999999999983e+00        0.000000000000000000e+00
1.969999999999999973e+00        1.416889999999999983e+00        0.000000000000000000e+00
1.979999999999999982e+00        1.416889999999999983e+00        0.000000000000000000e+00
1.989999999999999991e+00        1.416889999999999983e+00        0.000000000000000000e+00
2.000000000000000000e+00        1.416889999999999983e+00        0.000000000000000000e+00
2.009999999999999787e+00        1.416889999999999983e+00        0.000000000000000000e+00
2.020000000000000018e+00        1.416889999999999983e+00        0.000000000000000000e+00
2.029999999999999805e+00        1.416889999999999983e+00        0.000000000000000000e+00
2.040000000000000036e+00        1.416889999999999983e+00        0.000000000000000000e+00
2.049999999999999822e+00        1.416889999999999983e+00        0.000000000000000000e+00
2.060000000000000053e+00        1.416889999999999983e+00        0.000000000000000000e+00
2.069999999999999840e+00        1.416889999999999983e+00        0.000000000000000000e+00
2.080000000000000071e+00        1.416889999999999983e+00        0.000000000000000000e+00
2.089999999999999858e+00        1.416889999999999983e+00        0.000000000000000000e+00
2.100000000000000089e+00        1.416889999999999983e+00        0.000000000000000000e+00
2.109999999999999876e+00        1.416889999999999983e+00        0.000000000000000000e+00
2.120000000000000107e+00        1.416889999999999983e+00        0.000000000000000000e+00
2.129999999999999893e+00        1.416889999999999983e+00        0.000000000000000000e+00
2.140000000000000124e+00        1.416889999999999983e+00        0.000000000000000000e+00
2.149999999999999911e+00        1.416889999999999983e+00        0.000000000000000000e+00
2.160000000000000142e+00        1.416889999999999983e+00        0.000000000000000000e+00
2.169999999999999929e+00        1.416889999999999983e+00        0.000000000000000000e+00
2.180000000000000160e+00        1.416889999999999983e+00        0.000000000000000000e+00
2.189999999999999947e+00        1.416889999999999983e+00        0.000000000000000000e+00
2.200000000000000178e+00        1.416889999999999983e+00        0.000000000000000000e+00
2.209999999999999964e+00        1.416889999999999983e+00        0.000000000000000000e+00
2.220000000000000195e+00        1.416889999999999983e+00        0.000000000000000000e+00
2.229999999999999982e+00        1.417394755385406935e+00        -4.509784636170162148e-05
2.240000000000000213e+00        1.417219999999999924e+00        -5.428467453383481825e-05
2.250000000000000000e+00        1.416742147325901424e+00        7.252430541445835735e-05
2.259999999999999787e+00        1.416196839546035813e+00        5.541588499597510349e-04
2.270000000000000018e+00        1.416015686237712456e+00        2.687058813137132695e-03
2.279999999999999805e+00        1.419811835041679071e+00        1.584742297942146527e-03
2.290000000000000036e+00        1.417850620759670388e+00        2.661241425548271163e-04
2.299999999999999822e+00        1.418107373825374662e+00        5.924948719549041638e-04
2.310000000000000053e+00        1.414241513706363529e+00        8.933565475929535014e-04
2.319999999999999840e+00        1.422121699428973152e+00        1.087938681656368386e-03
2.330000000000000071e+00        1.419124564955764223e+00        -1.522824855996354569e-04
2.339999999999999858e+00        1.418539999999999912e+00        2.929145733242315358e-04
2.350000000000000089e+00        1.418037929048179713e+00        -1.540435115446563271e-04
2.359999999999999876e+00        1.417868851036775846e+00        -5.691754826220918925e-05
2.370000000000000107e+00        1.417099535999325921e+00        1.608125249801845458e-04
2.379999999999999893e+00        1.416600000000000081e+00        4.346139219344021193e-04
2.390000000000000124e+00        1.415915048072647231e+00        9.069807808769809630e-04
2.399999999999999911e+00        1.413356634184321559e+00        3.333331775574252965e-03
2.410000000000000142e+00        1.420072092451645451e+00        5.509947451464190316e-04
2.419999999999999929e+00        1.416796234995594705e+00        1.045312033387420497e-03
2.430000000000000160e+00        1.418782617781765065e+00        1.092617781765103544e-03
2.439999999999999947e+00        1.418250000000000011e+00        7.536069710768054280e-04
2.450000000000000178e+00        1.417216514136248051e+00        2.555114414099276393e-04
2.459999999999999964e+00        1.414886257725999741e+00        8.206500340651927058e-03
2.470000000000000195e+00        1.418958282838018725e+00        -2.108543094434562487e-04
2.479999999999999982e+00        1.417910000000000004e+00        -7.883808558224904414e-05
2.490000000000000213e+00        1.417419671009600091e+00        -4.792777635740057133e-05
2.500000000000000000e+00        1.417200000000000015e+00        2.730000099999999822e-04
2.509999999999999787e+00        1.416789999999999994e+00        1.907250659999896948e-04
2.520000000000000018e+00        1.416837273139518460e+00        9.815098150220853950e-04
2.529999999999999805e+00        1.416809999999999903e+00        4.292359126848010868e-04
2.540000000000000036e+00        1.416509999999999936e+00        5.920156815748672807e-04
2.549999999999999822e+00        1.416778428012242852e+00        3.750568142017532956e-04
2.560000000000000053e+00        1.416682501346609335e+00        2.017504039827894388e-04
2.569999999999999840e+00        1.416409999999999947e+00        3.039999900000000025e-04
2.580000000000000071e+00        1.416106899360000115e+00        2.815503284496744538e-04
2.589999999999999858e+00        1.416419806940000026e+00        3.060772240000051532e-04
2.600000000000000089e+00        1.416122361448000078e+00        2.073845599999971849e-04
2.609999999999999876e+00        1.415920885382878414e+00        2.165312297269592480e-04
2.620000000000000107e+00        1.415719694519251615e+00        4.805920764156800402e-05
2.629999999999999893e+00        1.415442152515615781e+00        -1.281412063892196983e-04
2.640000000000000124e+00        1.415081879164800105e+00        -3.175766499998270711e-05
2.649999999999999911e+00        1.415148482158371745e+00        6.761518103682074860e-04
2.660000000000000142e+00        1.415629929780626295e+00        -1.797893518087201117e-05
2.669999999999999929e+00        1.415017762076564267e+00        -8.057793931082062359e-05
2.680000000000000160e+00        1.414957167871743859e+00        1.057167871743877819e-04
2.689999999999999947e+00        1.414933607464804455e+00        1.445252253630420600e-04
2.700000000000000178e+00        1.414760365822651300e+00        2.866646153759907839e-04
2.709999999999999964e+00        1.415267380399999997e+00        -6.694078126194492797e-05
2.720000000000000195e+00        1.414760593015800483e+00        -1.370620140647183535e-04
2.729999999999999982e+00        1.414700000000000069e+00        -1.203663200000133640e-04
2.740000000000000213e+00        1.414368169700113809e+00        -1.417477794105947227e-04
2.750000000000000000e+00        1.414401814007228753e+00        -1.236280144572394449e-04
2.759999999999999787e+00        1.414139999999999953e+00        -2.505796894203074238e-04
2.770000000000000018e+00        1.413899999999999935e+00        -2.200000000000000078e-04
2.779999999999999805e+00        1.413722230480000119e+00        -2.300000099999999941e-04
2.790000000000000036e+00        1.413561470339128601e+00        -1.500000100000000011e-04
2.799999999999999822e+00        1.413371432208072154e+00        -2.885677933601226504e-04
2.810000000000000053e+00        1.413091882332938365e+00        -3.000000099999999880e-04
2.819999999999999840e+00        1.412825035320000033e+00        -1.649646800000257175e-04
2.830000000000000071e+00        1.412526799306217162e+00        -1.753255888202978781e-04
2.839999999999999858e+00        1.412502676319999928e+00        -1.236618399999909047e-04
2.850000000000000089e+00        1.412179899999999932e+00        -1.285958578889209107e-04
2.859999999999999876e+00        1.411944825206507437e+00        -1.051747920451020103e-04
2.870000000000000107e+00        1.411653908662385826e+00        -5.101551446413239260e-05
2.879999999999999893e+00        1.411421111723829780e+00        -4.111172282992542446e-05
2.890000000000000124e+00        1.411240000000000050e+00        8.064471907435952745e-05
2.899999999999999911e+00        1.410931347461001684e+00        -6.145173481839362440e-05
2.910000000000000142e+00        1.410619999999999985e+00        3.085829677166381131e-05
2.919999999999999929e+00        1.410339999999999927e+00        1.174253463147586438e-04
2.930000000000000160e+00        1.410060000000000091e+00        1.816928479999996011e-04
2.939999999999999947e+00        1.409807970693035095e+00        2.306375813397728235e-04
2.950000000000000178e+00        1.409510000000000041e+00        3.560847084745114802e-04
2.959999999999999964e+00        1.409158923437454636e+00        5.714139121293285552e-04
2.970000000000000195e+00        1.409240168359999990e+00        1.940336619999975484e-04
2.979999999999999982e+00        1.408839900000000034e+00        1.197559358417672607e-04
2.990000000000000213e+00        1.408320000000000016e+00        7.118147875310338604e-05
3.000000000000000000e+00        1.408026659730265084e+00        3.433433944558493003e-04
3.009999999999999787e+00        1.407499999999999973e+00        -3.274574377787990167e-05
3.020000000000000018e+00        1.406872915489656872e+00        -5.900000200000000310e-05
3.029999999999999805e+00        1.406303045030243171e+00        -9.903024263808896471e-06
3.040000000000000036e+00        1.405767371333275007e+00        -8.535473360734748338e-06
3.049999999999999822e+00        1.404764423591625899e+00        -3.525469725116628957e-06
3.060000000000000053e+00        1.402469543040000044e+00        8.311562273071286273e-04
3.069999999999999840e+00        1.406791282730553316e+00        3.300981689710074350e-03
3.080000000000000071e+00        1.405310645114268953e+00        -5.193548780696614296e-05
3.089999999999999858e+00        1.403866896980277224e+00        -1.522990011267344478e-04
3.100000000000000089e+00        1.402960548425999932e+00        -5.290436064485991665e-07
3.109999999999999876e+00        1.402335122682251356e+00        4.351001556620172437e-05
3.120000000000000107e+00        1.401556382192000072e+00        -1.142057599999913915e-05
3.129999999999999893e+00        1.400678874108999938e+00        -2.755909011817996306e-04
3.140000000000000124e+00        1.399524376554974969e+00        -1.343332227473841933e-04
3.149999999999999911e+00        1.398490307633196705e+00        -2.601538164444837983e-04
3.160000000000000142e+00        1.397337923816582839e+00        -1.156907252599959112e-04
3.169999999999999929e+00        1.396196021950038224e+00        -1.700000000000000122e-04
3.180000000000000160e+00        1.394848102634621334e+00        -1.672991217929112990e-04
3.189999999999999947e+00        1.393399435489726779e+00        -2.301881797147068602e-04
3.200000000000000178e+00        1.391540100000000058e+00        -3.099999999999999999e-04
3.209999999999999964e+00        1.389239449820286243e+00        -2.800000099999999897e-04
3.220000000000000195e+00        1.386145989101475795e+00        5.462060036869905268e-04
3.229999999999999982e+00        1.384827523360000034e+00        2.842476627616789299e-03
3.240000000000000213e+00        1.383564868520223756e+00        2.510991730520754743e-03
3.250000000000000000e+00        1.379477755539999961e+00        2.353076000000032478e-03
3.259999999999999787e+00        1.377088468108543795e+00        4.705765903387556376e-03
3.270000000000000018e+00        1.373676344569400021e+00        5.294005351989419447e-03
3.279999999999999805e+00        1.371584153520088556e+00        5.626095859312712361e-03
3.290000000000000036e+00        1.365812300641283672e+00        3.032733462173427697e-03
3.299999999999999822e+00        1.356288596367475563e+00        2.334845694584081980e-03
3.310000000000000053e+00        1.344552450440000380e+00        3.727401914019413520e-03
3.319999999999999840e+00        1.329326129440000503e+00        4.344819544097629563e-03
3.330000000000000071e+00        1.304430210879999885e+00        5.919399263003205687e-03
3.339999999999999858e+00        1.260579046880001330e+00        1.009161626395344707e-02
3.350000000000000089e+00        1.154454545000002330e+00        1.934447112684977571e-02
3.359999999999999876e+00        6.191637667884654084e-01        5.837483981560901425e-01
3.370000000000000107e+00        1.943990818668040133e+00        7.292317710654146190e-02
3.379999999999999893e+00        1.555729780418164898e+00        1.524403938326403772e-02
3.390000000000000124e+00        1.440085641999996335e+00        2.913895647490116064e-02
3.399999999999999911e+00        1.516992891199992588e+00        2.089194467764064200e-01
3.410000000000000142e+00        1.528489851157465607e+00        7.597660638975894942e-02
3.419999999999999929e+00        1.499271086624800242e+00        4.836947332000005734e-02
3.430000000000000160e+00        1.488050389148224406e+00        4.909740323240129739e-02
3.439999999999999947e+00        1.486813269067200016e+00        3.932721096372804315e-02
3.450000000000000178e+00        1.481638255031017204e+00        1.629503749566319978e-02
3.459999999999999964e+00        1.431730649000002353e+00        5.739305699999901027e-03
3.470000000000000195e+00        1.146056782039952759e+00        1.428791681000633751e-01
3.479999999999999982e+00        1.580007339375781639e+00        3.656576954273484375e-03
3.490000000000000213e+00        1.510025400586627820e+00        -3.894371198869500499e-04
3.500000000000000000e+00        1.489515746569999965e+00        3.515712999999991064e-03
3.509999999999999787e+00        1.482082135475400131e+00        4.270712198575413350e-03
3.520000000000000018e+00        1.474850001920000153e+00        4.483635749094406868e-03
3.529999999999999805e+00        1.470812238559999985e+00        5.410000199999999947e-03
3.540000000000000036e+00        1.469472442620000097e+00        6.260566029380002298e-03
3.549999999999999822e+00        1.465955727305999989e+00        3.474505749293989830e-03
3.560000000000000053e+00        1.464828859182399912e+00        -2.111235205617648005e-04
3.569999999999999840e+00        1.459510225799999894e+00        -2.399999899999999918e-04
3.580000000000000071e+00        1.456008456410829544e+00        -8.903859072926321853e-05
3.589999999999999858e+00        1.453376123415458077e+00        -2.184691503700691506e-04
3.600000000000000089e+00        1.450883241540930735e+00        -3.099999999999999999e-04
3.609999999999999876e+00        1.448604931800000051e+00        -3.641553016894031269e-04
3.620000000000000107e+00        1.446736202023425344e+00        -1.131010117126418327e-05
3.629999999999999893e+00        1.444994187599999869e+00        1.837906200000021580e-04
3.640000000000000124e+00        1.442701110586525282e+00        3.172083630053004364e-04
3.649999999999999911e+00        1.437261155549933500e+00        2.727003139904544959e-03
3.660000000000000142e+00        1.468057011635437448e+00        2.598011446467339905e-02
3.669999999999999929e+00        1.448956412948026129e+00        9.436447674613748803e-05
3.680000000000000160e+00        1.445446894528323645e+00        1.244827349889814895e-05
3.689999999999999947e+00        1.443855420400000034e+00        -1.878040913550084508e-05
3.700000000000000178e+00        1.442595132886263176e+00        7.092572047397108107e-07
3.709999999999999964e+00        1.441583665682318660e+00        -1.500000100000000011e-04
3.720000000000000195e+00        1.440605892742399918e+00        -2.313977672044816600e-04
3.729999999999999982e+00        1.439504755014800130e+00        -2.900000000000000017e-04
3.740000000000000213e+00        1.438379999999999992e+00        1.545135781737763550e-04
3.750000000000000000e+00        1.437543320659329549e+00        1.470038022011088870e-04
3.759999999999999787e+00        1.436427439537215189e+00        1.107681388354491477e-03
3.770000000000000018e+00        1.436267981647484149e+00        2.034036605031869574e-03
3.779999999999999805e+00        1.437423809011584730e+00        4.195132183369466167e-03
3.790000000000000036e+00        1.440238361295841818e+00        1.927324812623912396e-03
3.799999999999999822e+00        1.438663660981299719e+00        -1.521130151768837555e-04
3.810000000000000053e+00        1.437290842388704748e+00        -3.699999899999999804e-04
3.819999999999999840e+00        1.436480104719999984e+00        -3.899999999999999929e-04
3.830000000000000071e+00        1.435846605960000133e+00        -3.816970283029833444e-04
3.839999999999999858e+00        1.435266666880000042e+00        -3.483334316665661397e-04
3.850000000000000089e+00        1.434770269491279171e+00        -2.699999899999999892e-04
3.859999999999999876e+00        1.434323675773642837e+00        -1.800000000000000113e-04
3.870000000000000107e+00        1.433978966480000006e+00        -2.848324099999510156e-05
3.879999999999999893e+00        1.433795982559047388e+00        9.830831375836256104e-05
3.890000000000000124e+00        1.433469403829502831e+00        -1.247019147513686035e-04
3.899999999999999911e+00        1.432825336484000012e+00        -9.610271943580823214e-05
3.910000000000000142e+00        1.431790406501195712e+00        1.358048775010175981e-03
3.919999999999999929e+00        1.433767143359999885e+00        -3.689795120409621672e-04
3.930000000000000160e+00        1.432772923645141194e+00        -4.299999899999999752e-04
3.939999999999999947e+00        1.432303553479999936e+00        -3.999999900000000049e-04
3.950000000000000178e+00        1.431872274757073571e+00        -3.722747516230397614e-04
3.959999999999999964e+00        1.431522627729760799e+00        -2.952554595217898870e-04
3.970000000000000195e+00        1.431269169159999910e+00        -2.300000099999999941e-04
3.979999999999999982e+00        1.431000000000000050e+00        -1.118623132885141570e-04
3.990000000000000213e+00        1.430743285026382150e+00        6.382271896598008209e-06
4.000000000000000000e+00        1.430630000000000068e+00        6.119999999999999681e-05
4.009999999999999787e+00        1.430409999999999959e+00        8.649248596903797175e-05
4.019999999999999574e+00        1.430293787060135546e+00        2.694023028713385436e-04
4.030000000000000249e+00        1.430069999999999952e+00        2.512065142149087923e-04
4.040000000000000036e+00        1.430012377572690285e+00        3.292377596466067595e-04
4.049999999999999822e+00        1.429826758202999981e+00        2.220000000000000022e-04
4.059999999999999609e+00        1.429610000000000047e+00        2.853742852904665121e-04
4.070000000000000284e+00        1.429420122859999864e+00        3.230737061228557724e-04
4.080000000000000071e+00        1.429291070516800044e+00        4.992941120787220159e-04
4.089999999999999858e+00        1.429269388800000096e+00        4.694499193888050344e-04
4.099999999999999645e+00        1.429119900000000110e+00        4.751219675608023187e-04
4.110000000000000320e+00        1.428989999999999982e+00        4.853988640000046284e-04
4.120000000000000107e+00        1.428889223359999905e+00        4.979903864467314072e-04
4.129999999999999893e+00        1.428735378196876349e+00        4.712352721864912519e-04
4.139999999999999680e+00        1.428593019592497626e+00        4.424610900029343633e-04
4.150000000000000355e+00        1.428513847603131381e+00        3.804628366659717782e-04
4.160000000000000142e+00        1.428299999999999903e+00        3.678460746156881549e-04
4.169999999999999929e+00        1.428050000000000042e+00        3.093692339999975323e-04
4.179999999999999716e+00        1.427797300948649317e+00        2.426143310145126395e-04
4.190000000000000391e+00        1.427431738232770364e+00        2.217382345086075981e-04
4.200000000000000178e+00        1.426955238399999937e+00        2.530476899999975732e-04
4.209999999999999964e+00        1.426279392959663994e+00        3.466365889238625774e-04
4.219999999999999751e+00        1.425177111989487599e+00        7.441360211784331987e-04
4.230000000000000426e+00        1.423916619759999946e+00        2.580211180000047209e-03
4.240000000000000213e+00        1.417374927470104629e+00        9.477029320622122263e-03
4.250000000000000000e+00        1.431128238999999969e+00        2.215295029410011690e-03
4.259999999999999787e+00        1.428334389923092251e+00        2.485519129868095714e-03
4.269999999999999574e+00        1.428471943180000148e+00        4.177867359810584144e-03
4.280000000000000249e+00        1.431789184205089382e+00        5.169191581557072528e-03
4.290000000000000036e+00        1.432011380994399952e+00        2.618159297668029226e-04
4.299999999999999822e+00        1.430064394647933446e+00        -1.790657746555646102e-04
4.309999999999999609e+00        1.429287935208000127e+00        -9.728079728769841719e-05
4.320000000000000284e+00        1.428960000000000008e+00        1.695188792591257931e-05
4.330000000000000071e+00        1.428673408432955982e+00        -8.617999407827048113e-05
4.339999999999999858e+00        1.428297373439999962e+00        -1.247468800000256365e-04
4.349999999999999645e+00        1.428002528900000012e+00        -1.625289000000106608e-04
4.360000000000000320e+00        1.427728895273163046e+00        -6.866858383844221913e-05
4.370009999999999728e+00        1.427466217464616660e+00        7.451515169749132041e-05
4.380010000000000403e+00        1.427315009267279944e+00        3.170129691827458648e-04
4.390010000000000190e+00        1.427340000000000053e+00        4.194871586168176145e-04
4.400009999999999977e+00        1.427289999999999948e+00        3.980000000000000248e-04
4.410009999999999764e+00        1.427108408650285210e+00        5.456785109964910679e-04
4.420010000000000439e+00        1.427608080768101750e+00        6.086869427384025266e-04
4.430010000000000225e+00        1.427323131720951155e+00        1.149697581426569062e-04
4.440010000000000012e+00        1.427052360321291902e+00        1.635838072248489174e-04
4.450009999999999799e+00        1.426939298127080091e+00        2.183683050738826942e-04
4.460009999999999586e+00        1.426797372129380070e+00        2.552627796898687901e-04
4.470010000000000261e+00        1.426736638961471737e+00        2.992866114435432652e-04
4.480010000000000048e+00        1.426596893926480147e+00        3.045530405478500129e-04
4.490009999999999835e+00        1.426468326721279878e+00        3.400079411174373708e-04
4.500009999999999621e+00        1.426230864701447887e+00        5.172217578322371766e-04
4.510010000000000296e+00        1.426139999999999963e+00        9.127973504328626550e-04
4.520010000000000083e+00        1.426691542054989270e+00        1.349228972505314835e-03
4.530009999999999870e+00        1.427214967520837874e+00        9.936071762672838391e-04
4.540009999999999657e+00        1.427249999999999908e+00        5.745890246840429198e-04
4.550010000000000332e+00        1.427099769636690940e+00        2.919078336596005489e-04
4.560010000000000119e+00        1.426847776054565253e+00        -1.255878026000037937e-05
4.570009999999999906e+00        1.426561059438570922e+00        6.333217062272579652e-05
4.580009999999999692e+00        1.426399972971083674e+00        5.823858869922668278e-05
4.590010000000000367e+00        1.426350000000000007e+00        9.715431694988269258e-05
4.600010000000000154e+00        1.426250000000000018e+00        1.499577233178765831e-04
4.610009999999999941e+00        1.426299999999999901e+00        2.365249933380235447e-04
4.620009999999999728e+00        1.426220100000000102e+00        1.154622987363358803e-04
4.630010000000000403e+00        1.426150000000000029e+00        5.338244148496465956e-05
4.640010000000000190e+00        1.426048320805656022e+00        2.903268838800310744e-05
4.650009999999999977e+00        1.426020000000000065e+00        -1.243596054828901914e-06
4.660009999999999764e+00        1.425904092684340041e+00        -1.859073138453707402e-05
4.670010000000000439e+00        1.425856155191024266e+00        -4.099999899999999769e-05
4.680010000000000225e+00        1.425720000000000098e+00        -5.580387411559001065e-05
4.690010000000000012e+00        1.425729161654959887e+00        -9.999999700000000323e-05
4.700009999999999799e+00        1.425650000000000084e+00        -8.435063619136910708e-05
4.710009999999999586e+00        1.425566887342319955e+00        -1.462253153599811473e-04
4.720010000000000261e+00        1.425471975094684707e+00        -1.500000100000000011e-04
4.730010000000000048e+00        1.425346043818120023e+00        -1.380219090600089626e-04
4.740009999999999835e+00        1.425294992734307709e+00        -8.299563958316927747e-05
4.750009999999999621e+00        1.425250099999999964e+00        -1.032427048023612471e-04
4.760010000000000296e+00        1.425121796270959917e+00        -9.425739077385228469e-05
4.770010000000000083e+00        1.425061586724141183e+00        -2.353875894310021637e-05
4.780009999999999870e+00        1.425092291795879929e+00        2.432072683675408069e-05
4.790009999999999657e+00        1.425189999999999957e+00        -3.152197579342171704e-05
4.800010000000000332e+00        1.425130000000000008e+00        -1.600000000000000131e-04
4.810019999999999740e+00        1.425029671757479965e+00        -2.596717578082487709e-04
4.820020000000000415e+00        1.424940000000000095e+00        -3.199999900000000119e-04
4.830020000000000202e+00        1.424779999999999935e+00        -3.899999999999999929e-04
4.840019999999999989e+00        1.424670716966160100e+00        -4.200000000000000174e-04
4.850019999999999776e+00        1.424539999999999917e+00        -4.499999899999999734e-04
4.860019999999999563e+00        1.424379899999999921e+00        -4.402301974660815229e-04
4.870020000000000238e+00        1.424190000000000067e+00        -4.499999899999999734e-04
4.880020000000000024e+00        1.424060000000000104e+00        -4.499999899999999734e-04
4.890019999999999811e+00        1.423927211915199997e+00        -4.100000100000000054e-04
4.900019999999999598e+00        1.423720399872720144e+00        -3.503998635197562873e-04
4.910020000000000273e+00        1.423542579281312115e+00        -2.951585626240030595e-04
4.920020000000000060e+00        1.423370000000000024e+00        -2.300000099999999941e-04
4.930019999999999847e+00        1.423070000000000057e+00        -1.700000000000000122e-04
4.940019999999999634e+00        1.422580826824759948e+00        -1.541653707866391296e-04
4.950020000000000309e+00        1.421629692919599952e+00        8.472243638929640927e-04
4.960020000000000095e+00        1.423171410136959913e+00        2.734181456773749491e-03
4.970019999999999882e+00        1.424343914473199968e+00        1.712519669691043959e-03
4.980019999999999669e+00        1.423996016567200096e+00        6.128879434593278086e-04
4.990020000000000344e+00        1.422719991183279964e+00        1.819983168080024677e-04
