# wav(mic), n, k
2.999999999999999889e-01        1.420400000000000107e+00        1.494119899999999929e-15
3.099999999999999978e-01        1.420400000000000107e+00        1.494119899999999929e-15
3.200000000000000067e-01        1.420400000000000107e+00        1.494119899999999929e-15
3.300000000000000155e-01        1.420400000000000107e+00        1.494119899999999929e-15
3.400000000000000244e-01        1.420400000000000107e+00        1.494119899999999929e-15
3.499999999999999778e-01        1.420400000000000107e+00        1.494119899999999929e-15
3.599999999999999867e-01        1.420400000000000107e+00        1.494119899999999929e-15
3.699999999999999956e-01        1.420400000000000107e+00        1.494119899999999929e-15
3.800000000000000044e-01        1.420400000000000107e+00        1.494119899999999929e-15
3.900000000000000133e-01        1.420400000000000107e+00        1.494119899999999929e-15
4.000000000000000222e-01        1.420400000000000107e+00        1.494119899999999929e-15
4.099999999999999756e-01        1.420400000000000107e+00        1.494119899999999929e-15
4.199999999999999845e-01        1.420400000000000107e+00        1.494119899999999929e-15
4.299999999999999933e-01        1.420400000000000107e+00        1.494119899999999929e-15
4.400000000000000022e-01        1.420400000000000107e+00        1.494119899999999929e-15
4.500000000000000111e-01        1.420400000000000107e+00        1.494119899999999929e-15
4.600000000000000200e-01        1.420400000000000107e+00        1.494119899999999929e-15
4.699999999999999734e-01        1.420400000000000107e+00        1.494119899999999929e-15
4.799999999999999822e-01        1.420400000000000107e+00        1.494119899999999929e-15
4.899999999999999911e-01        1.420400000000000107e+00        1.494119899999999929e-15
5.000000000000000000e-01        1.420400000000000107e+00        1.494119899999999929e-15
5.100000000000000089e-01        1.420400000000000107e+00        1.494119899999999929e-15
5.200000000000000178e-01        1.420400000000000107e+00        1.494119899999999929e-15
5.300000000000000266e-01        1.420400000000000107e+00        1.494119899999999929e-15
5.400000000000000355e-01        1.420400000000000107e+00        1.494119899999999929e-15
5.500000000000000444e-01        1.420400000000000107e+00        1.494119899999999929e-15
5.600000000000000533e-01        1.420400000000000107e+00        1.494119899999999929e-15
5.699999999999999512e-01        1.420400000000000107e+00        1.494119899999999929e-15
5.799999999999999600e-01        1.420400000000000107e+00        1.494119899999999929e-15
5.899999999999999689e-01        1.420400000000000107e+00        1.494119899999999929e-15
5.999999999999999778e-01        1.420400000000000107e+00        1.494119899999999929e-15
6.099999999999999867e-01        1.420400000000000107e+00        1.494119899999999929e-15
6.199999999999999956e-01        1.420400000000000107e+00        1.494119899999999929e-15
6.300000000000000044e-01        1.420400000000000107e+00        1.494119899999999929e-15
6.400000000000000133e-01        1.420400000000000107e+00        1.494119899999999929e-15
6.500000000000000222e-01        1.420400000000000107e+00        1.494119899999999929e-15
6.600000000000000311e-01        1.420400000000000107e+00        1.494119899999999929e-15
6.700000000000000400e-01        1.420400000000000107e+00        1.494119899999999929e-15
6.800000000000000488e-01        1.420400000000000107e+00        1.494119899999999929e-15
6.899999999999999467e-01        1.420400000000000107e+00        1.494119899999999929e-15
6.999999999999999556e-01        1.420400000000000107e+00        1.494119899999999929e-15
7.099999999999999645e-01        1.420400000000000107e+00        1.494119899999999929e-15
7.199999999999999734e-01        1.420400000000000107e+00        1.494119899999999929e-15
7.299999999999999822e-01        1.420400000000000107e+00        1.494119899999999929e-15
7.399999999999999911e-01        1.420400000000000107e+00        1.494119899999999929e-15
7.500000000000000000e-01        1.420400000000000107e+00        1.494119899999999929e-15
7.600000000000000089e-01        1.420400000000000107e+00        1.494119899999999929e-15
7.700000000000000178e-01        1.420400000000000107e+00        1.494119899999999929e-15
7.800000000000000266e-01        1.420400000000000107e+00        1.494119899999999929e-15
7.900000000000000355e-01        1.420400000000000107e+00        1.494119899999999929e-15
8.000000000000000444e-01        1.420400000000000107e+00        1.494119899999999929e-15
8.100000000000000533e-01        1.420400000000000107e+00        1.494119899999999929e-15
8.199999999999999512e-01        1.420400000000000107e+00        1.494119899999999929e-15
8.299999999999999600e-01        1.420400000000000107e+00        1.494119899999999929e-15
8.399999999999999689e-01        1.420400000000000107e+00        1.494119899999999929e-15
8.499999999999999778e-01        1.420400000000000107e+00        1.494119899999999929e-15
8.599999999999999867e-01        1.420400000000000107e+00        1.494119899999999929e-15
8.699999999999999956e-01        1.420400000000000107e+00        1.494119899999999929e-15
8.800000000000000044e-01        1.420400000000000107e+00        1.494119899999999929e-15
8.900000000000000133e-01        1.420400000000000107e+00        1.494119899999999929e-15
9.000000000000000222e-01        1.420400000000000107e+00        1.494119899999999929e-15
9.100000000000000311e-01        1.420400000000000107e+00        1.494119899999999929e-15
9.200000000000000400e-01        1.420400000000000107e+00        1.494119899999999929e-15
9.300000000000000488e-01        1.420400000000000107e+00        1.494119899999999929e-15
9.399999999999999467e-01        1.420400000000000107e+00        1.494119899999999929e-15
9.499999999999999556e-01        1.420400000000000107e+00        1.494119899999999929e-15
9.599999999999999645e-01        1.420400000000000107e+00        1.494119899999999929e-15
9.699999999999999734e-01        1.420400000000000107e+00        1.494119899999999929e-15
9.799999999999999822e-01        1.420400000000000107e+00        1.494119899999999929e-15
9.899999999999999911e-01        1.420400000000000107e+00        1.494119899999999929e-15
1.000000000000000000e+00        1.420400000000000107e+00        1.494119899999999929e-15
1.010000000000000009e+00        1.420400000000000107e+00        1.494119899999999929e-15
1.020000000000000018e+00        1.420400000000000107e+00        1.494119899999999929e-15
1.030000000000000027e+00        1.420400000000000107e+00        1.494119899999999929e-15
1.040000000000000036e+00        1.420400000000000107e+00        1.494119899999999929e-15
1.050000000000000044e+00        1.420400000000000107e+00        1.494119899999999929e-15
1.060000000000000053e+00        1.420400000000000107e+00        1.494119899999999929e-15
1.070000000000000062e+00        1.420400000000000107e+00        1.494119899999999929e-15
1.080000000000000071e+00        1.420400000000000107e+00        1.494119899999999929e-15
1.090000000000000080e+00        1.420400000000000107e+00        1.494119899999999929e-15
1.100000000000000089e+00        1.420400000000000107e+00        1.494119899999999929e-15
1.110000000000000098e+00        1.420400000000000107e+00        1.494119899999999929e-15
1.120000000000000107e+00        1.420400000000000107e+00        1.494119899999999929e-15
1.129999999999999893e+00        1.420400000000000107e+00        1.494119899999999929e-15
1.139999999999999902e+00        1.420400000000000107e+00        1.494119899999999929e-15
1.149999999999999911e+00        1.420400000000000107e+00        1.494119899999999929e-15
1.159999999999999920e+00        1.420400000000000107e+00        1.494119899999999929e-15
1.169999999999999929e+00        1.420400000000000107e+00        1.494119899999999929e-15
1.179999999999999938e+00        1.420400000000000107e+00        1.494119899999999929e-15
1.189999999999999947e+00        1.420400000000000107e+00        1.494119899999999929e-15
1.199999999999999956e+00        1.420400000000000107e+00        1.494119899999999929e-15
1.209999999999999964e+00        1.420400000000000107e+00        1.494119899999999929e-15
1.219999999999999973e+00        1.420400000000000107e+00        1.494119899999999929e-15
1.229999999999999982e+00        1.420400000000000107e+00        1.494119899999999929e-15
1.239999999999999991e+00        1.420400000000000107e+00        1.494119899999999929e-15
1.250000000000000000e+00        1.420400000000000107e+00        1.494119899999999929e-15
1.260000000000000009e+00        1.420400000000000107e+00        1.494119899999999929e-15
1.270000000000000018e+00        1.420400000000000107e+00        1.494119899999999929e-15
1.280000000000000027e+00        1.420400000000000107e+00        1.494119899999999929e-15
1.290000000000000036e+00        1.420400000000000107e+00        1.494119899999999929e-15
1.300000000000000044e+00        1.420400000000000107e+00        1.494119899999999929e-15
1.310000000000000053e+00        1.420400000000000107e+00        1.494119899999999929e-15
1.320000000000000062e+00        1.420400000000000107e+00        1.494119899999999929e-15
1.330000000000000071e+00        1.420400000000000107e+00        1.494119899999999929e-15
1.340000000000000080e+00        1.420400000000000107e+00        1.494119899999999929e-15
1.350000000000000089e+00        1.420400000000000107e+00        1.494119899999999929e-15
1.360000000000000098e+00        1.420400000000000107e+00        1.494119899999999929e-15
1.370000000000000107e+00        1.420400000000000107e+00        1.494119899999999929e-15
1.379999999999999893e+00        1.420400000000000107e+00        1.494119899999999929e-15
1.389999999999999902e+00        1.420400000000000107e+00        1.494119899999999929e-15
1.399999999999999911e+00        1.420400000000000107e+00        1.494119899999999929e-15
1.409999999999999920e+00        1.420400000000000107e+00        1.494119899999999929e-15
1.419999999999999929e+00        1.420400000000000107e+00        1.494119899999999929e-15
1.429999999999999938e+00        1.420400000000000107e+00        1.494119899999999929e-15
1.439999999999999947e+00        1.420400000000000107e+00        1.494119899999999929e-15
1.449999999999999956e+00        1.420400000000000107e+00        1.494119899999999929e-15
1.459999999999999964e+00        1.420400000000000107e+00        1.494119899999999929e-15
1.469999999999999973e+00        1.420400000000000107e+00        1.494119899999999929e-15
1.479999999999999982e+00        1.420400000000000107e+00        1.494119899999999929e-15
1.489999999999999991e+00        1.420400000000000107e+00        1.494119899999999929e-15
1.500000000000000000e+00        1.420400000000000107e+00        1.494119899999999929e-15
1.510000000000000009e+00        1.420400000000000107e+00        1.494119899999999929e-15
1.520000000000000018e+00        1.420400000000000107e+00        1.494119899999999929e-15
1.530000000000000027e+00        1.420400000000000107e+00        1.494119899999999929e-15
1.540000000000000036e+00        1.420400000000000107e+00        1.494119899999999929e-15
1.550000000000000044e+00        1.420400000000000107e+00        1.494119899999999929e-15
1.560000000000000053e+00        1.420400000000000107e+00        1.494119899999999929e-15
1.570000000000000062e+00        1.420400000000000107e+00        1.494119899999999929e-15
1.580000000000000071e+00        1.420400000000000107e+00        1.494119899999999929e-15
1.590000000000000080e+00        1.420400000000000107e+00        1.494119899999999929e-15
1.600000000000000089e+00        1.420400000000000107e+00        1.494119899999999929e-15
1.610000000000000098e+00        1.420400000000000107e+00        1.494119899999999929e-15
1.620000000000000107e+00        1.420400000000000107e+00        1.494119899999999929e-15
1.629999999999999893e+00        1.420400000000000107e+00        1.494119899999999929e-15
1.639999999999999902e+00        1.420400000000000107e+00        1.494119899999999929e-15
1.649999999999999911e+00        1.420400000000000107e+00        1.494119899999999929e-15
1.659999999999999920e+00        1.420400000000000107e+00        1.494119899999999929e-15
1.669999999999999929e+00        1.420400000000000107e+00        1.494119899999999929e-15
1.679999999999999938e+00        1.420400000000000107e+00        1.494119899999999929e-15
1.689999999999999947e+00        1.420400000000000107e+00        1.494119899999999929e-15
1.699999999999999956e+00        1.420400000000000107e+00        1.494119899999999929e-15
1.709999999999999964e+00        1.420400000000000107e+00        1.494119899999999929e-15
1.719999999999999973e+00        1.420400000000000107e+00        1.494119899999999929e-15
1.729999999999999982e+00        1.420400000000000107e+00        1.494119899999999929e-15
1.739999999999999991e+00        1.420400000000000107e+00        1.494119899999999929e-15
1.750000000000000000e+00        1.420400000000000107e+00        1.494119899999999929e-15
1.760000000000000009e+00        1.420400000000000107e+00        1.494119899999999929e-15
1.770000000000000018e+00        1.420400000000000107e+00        1.494119899999999929e-15
1.780000000000000027e+00        1.420400000000000107e+00        1.494119899999999929e-15
1.790000000000000036e+00        1.420400000000000107e+00        1.494119899999999929e-15
1.800000000000000044e+00        1.420400000000000107e+00        1.494119899999999929e-15
1.810000000000000053e+00        1.420400000000000107e+00        1.494119899999999929e-15
1.820000000000000062e+00        1.420400000000000107e+00        1.494119899999999929e-15
1.830000000000000071e+00        1.420400000000000107e+00        1.494119899999999929e-15
1.840000000000000080e+00        1.420400000000000107e+00        1.494119899999999929e-15
1.850000000000000089e+00        1.420400000000000107e+00        1.494119899999999929e-15
1.860000000000000098e+00        1.420400000000000107e+00        1.494119899999999929e-15
1.870000000000000107e+00        1.420400000000000107e+00        1.494119899999999929e-15
1.879999999999999893e+00        1.420400000000000107e+00        1.494119899999999929e-15
1.889999999999999902e+00        1.420400000000000107e+00        1.494119899999999929e-15
1.899999999999999911e+00        1.420400000000000107e+00        1.494119899999999929e-15
1.909999999999999920e+00        1.420400000000000107e+00        1.494119899999999929e-15
1.919999999999999929e+00        1.420400000000000107e+00        1.494119899999999929e-15
1.929999999999999938e+00        1.420400000000000107e+00        1.494119899999999929e-15
1.939999999999999947e+00        1.420400000000000107e+00        1.494119899999999929e-15
1.949999999999999956e+00        1.420400000000000107e+00        1.494119899999999929e-15
1.959999999999999964e+00        1.420400000000000107e+00        1.494119899999999929e-15
1.969999999999999973e+00        1.420400000000000107e+00        1.494119899999999929e-15
1.979999999999999982e+00        1.420400000000000107e+00        1.494119899999999929e-15
1.989999999999999991e+00        1.420400000000000107e+00        1.494119899999999929e-15
2.000000000000000000e+00        1.420400000000000107e+00        1.494119899999999929e-15
2.009999999999999787e+00        1.420400000000000107e+00        1.494119899999999929e-15
2.020000000000000018e+00        1.420400000000000107e+00        1.494119899999999929e-15
2.029999999999999805e+00        1.420400000000000107e+00        1.494119899999999929e-15
2.040000000000000036e+00        1.420400000000000107e+00        1.494119899999999929e-15
2.049999999999999822e+00        1.420400000000000107e+00        1.494119899999999929e-15
2.060000000000000053e+00        1.420400000000000107e+00        1.494119899999999929e-15
2.069999999999999840e+00        1.420400000000000107e+00        1.494119899999999929e-15
2.080000000000000071e+00        1.420400000000000107e+00        1.494119899999999929e-15
2.089999999999999858e+00        1.420400000000000107e+00        1.494119899999999929e-15
2.100000000000000089e+00        1.420400000000000107e+00        1.494119899999999929e-15
2.109999999999999876e+00        1.420400000000000107e+00        1.494119899999999929e-15
2.120000000000000107e+00        1.420400000000000107e+00        1.494119899999999929e-15
2.129999999999999893e+00        1.420400000000000107e+00        1.494119899999999929e-15
2.140000000000000124e+00        1.420400000000000107e+00        1.494119899999999929e-15
2.149999999999999911e+00        1.420400000000000107e+00        1.494119899999999929e-15
2.160000000000000142e+00        1.420400000000000107e+00        1.494119899999999929e-15
2.169999999999999929e+00        1.420400000000000107e+00        1.494119899999999929e-15
2.180000000000000160e+00        1.420400000000000107e+00        1.494119899999999929e-15
2.189999999999999947e+00        1.420400000000000107e+00        1.494119899999999929e-15
2.200000000000000178e+00        1.420400000000000107e+00        1.494119899999999929e-15
2.209999999999999964e+00        1.420400000000000107e+00        1.494119899999999929e-15
2.220000000000000195e+00        1.420400000000000107e+00        1.494119899999999929e-15
2.229999999999999982e+00        1.417334755385406986e+00        4.089096838352978473e-04
2.240000000000000213e+00        1.417184225069488823e+00        4.016177567450138208e-04
2.250000000000000000e+00        1.416900000000000048e+00        6.329438669709884502e-04
2.259999999999999787e+00        1.416460000000000052e+00        1.041053484654731829e-03
2.270000000000000018e+00        1.416404313762287703e+00        2.577058613137132338e-03
2.279999999999999805e+00        1.419030000000000014e+00        1.764742297942146565e-03
2.290000000000000036e+00        1.417820620759670414e+00        1.099379240329662792e-03
2.299999999999999822e+00        1.418081313087312667e+00        1.112626174625438048e-03
2.310000000000000053e+00        1.415541081218831154e+00        1.638702537402665681e-03
2.319999999999999840e+00        1.420501799428973255e+00        1.328969340828184192e-03
2.330000000000000071e+00        1.418892282477882016e+00        5.184813689901143947e-04
2.339999999999999858e+00        1.418475213578655358e+00        5.887440762361449871e-04
2.350000000000000089e+00        1.418215956494411900e+00        2.724542172056942848e-04
2.359999999999999876e+00        1.417999999999999927e+00        3.268678677932508863e-04
2.370000000000000107e+00        1.417570468687549434e+00        4.762776621146254364e-04
2.379999999999999893e+00        1.417269899999999971e+00        6.490545399324358210e-04
2.390000000000000124e+00        1.416915015703731351e+00        1.074983975784231469e-03
2.399999999999999911e+00        1.415480000319520038e+00        2.763332095094284298e-03
2.410000000000000142e+00        1.419305532161170724e+00        8.996913782085082288e-04
2.419999999999999929e+00        1.417423140937630333e+00        1.325312033387420580e-03
2.430000000000000160e+00        1.418931382713064959e+00        1.261308890882551804e-03
2.439999999999999947e+00        1.418708034916082328e+00        9.221748058263866269e-04
2.450000000000000178e+00        1.418009999999999993e+00        6.353611381440517304e-04
2.459999999999999964e+00        1.418028532999999980e+00        6.131543560977978195e-03
2.470000000000000195e+00        1.419219145690556516e+00        2.684768094645259215e-04
2.479999999999999982e+00        1.418660000000000032e+00        2.860198066992173413e-04
2.490000000000000213e+00        1.418339999999999934e+00        1.966877676929655626e-04
2.500000000000000000e+00        1.418140100000000015e+00        2.765730000000000098e-04
2.509999999999999787e+00        1.417829999999999924e+00        2.509121016765984550e-04
2.520000000000000018e+00        1.417934600276274049e+00        7.631825952624682764e-04
2.529999999999999805e+00        1.417801460339764397e+00        3.380301016257146940e-04
2.540000000000000036e+00        1.417589999999999906e+00        3.957268308737173744e-04
2.549999999999999822e+00        1.417499999999999982e+00        4.002591800220516591e-04
2.560000000000000053e+00        1.417442576333143300e+00        4.752153960927238017e-04
2.569999999999999840e+00        1.417470000000000008e+00        5.356107592531054312e-04
2.580000000000000071e+00        1.417300000000000004e+00        5.599113513132710765e-04
2.589999999999999858e+00        1.417499999999999982e+00        4.355353739680114752e-04
2.600000000000000089e+00        1.417375361724000138e+00        3.690906532799980550e-04
2.609999999999999876e+00        1.417340894236707172e+00        4.484170673830252117e-04
2.620000000000000107e+00        1.417399999999999993e+00        5.681341317340019405e-04
2.629999999999999893e+00        1.417311858793610657e+00        5.135572279982853882e-04
2.640000000000000124e+00        1.416900000000000048e+00        2.995895480284905968e-04
2.649999999999999911e+00        1.416828389747579964e+00        6.166868116399236432e-04
2.660000000000000142e+00        1.417079859561252597e+00        3.249722060416637432e-04
2.669999999999999929e+00        1.417010396539059469e+00        6.811054915620612295e-04
2.680000000000000160e+00        1.416794335743487787e+00        3.840104926116208787e-04
2.689999999999999947e+00        1.416617214929608570e+00        4.555975285763285624e-04
2.700000000000000178e+00        1.416455182911325661e+00        6.078897506031974559e-04
2.709999999999999964e+00        1.416678154900000042e+00        6.666246639046707065e-04
2.720000000000000195e+00        1.416502937989466249e+00        6.496981911884439683e-04
2.729999999999999982e+00        1.416370183159999963e+00        4.484077805103167560e-04
2.740000000000000213e+00        1.416349999999999998e+00        6.766891471686865920e-04
2.750000000000000000e+00        1.416308204132843640e+00        5.110299853420648608e-04
2.759999999999999787e+00        1.416229414523200170e+00        4.515874475199932155e-04
2.770000000000000018e+00        1.416169169400000039e+00        5.299594456847116697e-04
2.779999999999999805e+00        1.415953823607599915e+00        4.681162599984626214e-04
2.790000000000000036e+00        1.415920000000000067e+00        4.388688547090352911e-04
2.799999999999999822e+00        1.415750000000000064e+00        4.675556226996560854e-04
2.810000000000000053e+00        1.415655941166469312e+00        3.958577575020784259e-04
2.819999999999999840e+00        1.415494964679999912e+00        4.264382461199758660e-04
2.830000000000000071e+00        1.415410000000000057e+00        4.092937822546436830e-04
2.839999999999999858e+00        1.415189999999999948e+00        4.149049817759997011e-04
2.850000000000000089e+00        1.415031404142111038e+00        4.499447653830333468e-04
2.859999999999999876e+00        1.414874825206507314e+00        5.158634269869663775e-04
2.870000000000000107e+00        1.414696031027340650e+00        5.163812638819742160e-04
2.879999999999999893e+00        1.414549899999999916e+00        6.104740807242878872e-04
2.890000000000000124e+00        1.414429619165593843e+00        7.053371673730877197e-04
2.899999999999999911e+00        1.414316204862541282e+00        7.418973410996009725e-04
2.910000000000000142e+00        1.414299999999999891e+00        6.782496941442521868e-04
2.919999999999999929e+00        1.413969999999999949e+00        7.354284978387622866e-04
2.930000000000000160e+00        1.413828464239999860e+00        7.530783210724793829e-04
2.939999999999999947e+00        1.413718031319423751e+00        8.212407342481320123e-04
2.950000000000000178e+00        1.413540000000000019e+00        8.807785843755086249e-04
2.959999999999999964e+00        1.413441076562545362e+00        1.110000000000000092e-03
2.970000000000000195e+00        1.413370000000000015e+00        7.861096758516406078e-04
2.979999999999999982e+00        1.413110000000000088e+00        7.387260499730586650e-04
2.990000000000000213e+00        1.412819999999999965e+00        7.214294784793468494e-04
3.000000000000000000e+00        1.412616636732169972e+00        7.987734687375356744e-04
3.009999999999999787e+00        1.412260099999999907e+00        7.292405274972005736e-04
3.020000000000000018e+00        1.411912986334760367e+00        7.621337585006119448e-04
3.029999999999999805e+00        1.411599999999999966e+00        8.114916125004109724e-04
3.040000000000000036e+00        1.411200000000000010e+00        8.071569768006646136e-04
3.049999999999999822e+00        1.410648847183251675e+00        8.774173476275589191e-04
3.060000000000000053e+00        1.409454684591200158e+00        1.375228480000003544e-03
3.069999999999999840e+00        1.411807735608794356e+00        3.205170118630395679e-03
3.080000000000000071e+00        1.411155322557134495e+00        9.861281220895344070e-04
3.089999999999999858e+00        1.410242353013557270e+00        9.333456862625377120e-04
3.100000000000000089e+00        1.409630548426000107e+00        9.914885562817999255e-04
3.109999999999999876e+00        1.409159999999999968e+00        1.088292439249579670e-03
3.120000000000000107e+00        1.408596410399999943e+00        1.119999999999999902e-03
3.129999999999999893e+00        1.408024409100000041e+00        1.209999999999999921e-03
3.140000000000000124e+00        1.407504333222747483e+00        1.435666733920388377e-03
3.149999999999999911e+00        1.406930153816598361e+00        1.320153816598300389e-03
3.160000000000000142e+00        1.406237845362953154e+00        1.420000000000000038e-03
3.169999999999999929e+00        1.405557405986647579e+00        1.388702993323842356e-03
3.180000000000000160e+00        1.404685401756414098e+00        1.449999999999999900e-03
3.189999999999999947e+00        1.403839715593310666e+00        1.529811829908952819e-03
3.200000000000000178e+00        1.402690100000000051e+00        1.479999999999999979e-03
3.209999999999999964e+00        1.401429724910143282e+00        1.580000000000000024e-03
3.220000000000000195e+00        1.399857994550737894e+00        1.770501362315534842e-03
3.229999999999999982e+00        1.398156297423200023e+00        2.532476564766389555e-03
3.240000000000000213e+00        1.397182975161810781e+00        2.929999999999999879e-03
3.250000000000000000e+00        1.395016924000000103e+00        2.723846038460005399e-03
3.259999999999999787e+00        1.392662702162815735e+00        4.043063855890769234e-03
3.270000000000000018e+00        1.390755994699999887e+00        4.609602075968207389e-03
3.279999999999999805e+00        1.389006095839792065e+00        5.088048010135555986e-03
3.290000000000000036e+00        1.385598200427522464e+00        3.607050206880605195e-03
3.299999999999999822e+00        1.379107622368294095e+00        3.100000099999999925e-03
3.310000000000000053e+00        1.371118457020600090e+00        4.687794031961158882e-03
3.319999999999999840e+00        1.360842292800000575e+00        5.895180655902370476e-03
3.330000000000000071e+00        1.344447057520000044e+00        8.568798324504810909e-03
3.339999999999999858e+00        1.315693296760000797e+00        1.479742435999977304e-02
3.350000000000000089e+00        1.248796458500001538e+00        3.385028524629952323e-02
3.359999999999999876e+00        9.959385483046377940e-01        3.606589722476439275e-01
3.370000000000000107e+00        1.743195020855204724e+00        6.890284878054836470e-02
3.379999999999999893e+00        1.516651971761902251e+00        8.522931279287935744e-03
3.390000000000000124e+00        1.446155330999997712e+00        1.567822300000071278e-02
3.399999999999999911e+00        1.481243501599995849e+00        1.066653148000030193e-01
3.410000000000000142e+00        1.482897160523076519e+00        3.620523066988939886e-02
3.419999999999999929e+00        1.466308346350400083e+00        2.554000000000000020e-02
3.430000000000000160e+00        1.460015583722336530e+00        2.606740345321518007e-02
3.439999999999999947e+00        1.458959523892800147e+00        2.184302279627202067e-02
3.450000000000000178e+00        1.454959292805487969e+00        9.056149875618917100e-03
3.459999999999999964e+00        1.425929705506001399e+00        5.529940973411787489e-03
3.470000000000000195e+00        1.306208210799995717e+00        1.288738004400371284e-01
3.479999999999999982e+00        1.511181491717673797e+00        3.306051172145048171e-03
3.490000000000000213e+00        1.472398035991600018e+00        -1.072958086591300044e-03
3.500000000000000000e+00        1.460364288000000066e+00        9.079148500289930569e-04
3.509999999999999787e+00        1.456061665635399960e+00        1.080712300000013278e-03
3.520000000000000018e+00        1.451812728319999968e+00        1.474545280000002200e-03
3.529999999999999805e+00        1.449252238559999961e+00        1.866940359999997787e-03
3.540000000000000036e+00        1.448767061999999939e+00        2.184689970620001549e-03
3.549999999999999822e+00        1.447055211800000185e+00        7.819619741023946290e-04
3.560000000000000053e+00        1.445924382399999875e+00        -2.011123431235204741e-03
3.569999999999999840e+00        1.442956195705799916e+00        -2.196022540225805227e-03
3.580000000000000071e+00        1.440943987186254827e+00        -2.079999999999999818e-03
3.589999999999999858e+00        1.439433061707728889e+00        -1.879999999999999944e-03
3.600000000000000089e+00        1.438027776808324054e+00        -1.708888404162074888e-03
3.609999999999999876e+00        1.436772407452999945e+00        -1.484155341553003134e-03
3.620000000000000107e+00        1.435764636012510254e+00        -1.111550505856321019e-03
3.629999999999999893e+00        1.434793151168999970e+00        -8.685858653500026522e-04
3.640000000000000124e+00        1.433470581681495881e+00        -6.823976035113586778e-04
3.649999999999999911e+00        1.430730397517678831e+00        1.137003139904544692e-03
3.660000000000000142e+00        1.444391678176124127e+00        7.608942489723170485e-03
3.669999999999999929e+00        1.436528691537720892e+00        -8.985231301642296851e-04
3.680000000000000160e+00        1.434748710097992985e+00        -9.197209134584787352e-04
3.689999999999999947e+00        1.433884065300000010e+00        -8.848233572851060911e-04
3.700000000000000178e+00        1.433235184215125635e+00        -8.543185733426162916e-04
3.709999999999999964e+00        1.432641787309432813e+00        -9.074395662222383774e-04
3.720000000000000195e+00        1.432067204480000022e+00        -9.006618183884803307e-04
3.729999999999999982e+00        1.431468257479999950e+00        -7.710655114345199828e-04
3.740000000000000213e+00        1.430949839503745880e+00        -5.055897771052903552e-04
3.750000000000000000e+00        1.430516660329664846e+00        -4.218998325812346891e-04
3.759999999999999787e+00        1.430038719768607525e+00        1.347749553344558516e-04
3.770000000000000018e+00        1.429961987764989395e+00        6.118812696079154118e-04
3.779999999999999805e+00        1.430619470671815385e+00        1.644867667953854281e-03
3.790000000000000036e+00        1.432082240863894462e+00        3.088420119765045136e-04
3.799999999999999822e+00        1.431107886993766787e+00        -7.161367739141348467e-04
3.810000000000000053e+00        1.430423628699863503e+00        -8.005702208801118496e-04
3.819999999999999840e+00        1.429960052359999789e+00        -8.017034554399990465e-04
3.830000000000000071e+00        1.429608302979999968e+00        -7.537542583999997823e-04
3.839999999999999858e+00        1.429328333439999987e+00        -6.939102271840040873e-04
3.850000000000000089e+00        1.429119900000000110e+00        -6.594539185755920584e-04
3.859999999999999876e+00        1.428900000000000059e+00        -6.630529445582168191e-04
3.870000000000000107e+00        1.428700000000000081e+00        -6.854530603115939740e-04
3.879999999999999893e+00        1.428479999999999972e+00        -7.192280147984991562e-04
3.890000000000000124e+00        1.428184701914751331e+00        -7.521781271561723582e-04
3.899999999999999911e+00        1.427745128400000008e+00        -5.954145035768187554e-04
3.910000000000000142e+00        1.427520406501195716e+00        5.990833455184459231e-04
3.919999999999999929e+00        1.428252040959999913e+00        -6.818539548799995662e-04
3.930000000000000160e+00        1.427756461822570655e+00        -6.375542311985324612e-04
3.939999999999999947e+00        1.427513553480000086e+00        -6.211494317850435772e-04
3.950000000000000178e+00        1.427360100000000021e+00        -5.172765672463590413e-04
3.959999999999999964e+00        1.427222627729760829e+00        -4.800814935741498537e-04
3.970000000000000195e+00        1.427104530425800100e+00        -4.384451540894214873e-04
3.979999999999999982e+00        1.426979999999999915e+00        -4.044450828746924817e-04
3.990000000000000213e+00        1.426870000000000083e+00        -3.431075819058419189e-04
4.000000000000000000e+00        1.426819999999999977e+00        -2.997030099999999737e-04
4.009999999999999787e+00        1.426730000000000054e+00        -3.218543810686881590e-04
4.019999999999999574e+00        1.426659899999999981e+00        -2.563680705655747957e-04
4.030000000000000249e+00        1.426599483689462877e+00        -2.563056521067834143e-04
4.040000000000000036e+00        1.426582377572690241e+00        -2.892049998383418308e-04
4.049999999999999822e+00        1.426513580599999997e+00        -3.853846947296878491e-04
4.059999999999999609e+00        1.426399900000000054e+00        -3.430844903169514388e-04
4.070000000000000284e+00        1.426310024088599970e+00        -4.140972083502820035e-04
4.080000000000000071e+00        1.426160980320000160e+00        -3.850908788159947897e-04
4.089999999999999858e+00        1.426119388800000110e+00        -4.407325293888004775e-04
4.099999999999999645e+00        1.426040100000000033e+00        -4.450101832995864704e-04
4.110000000000000320e+00        1.425950942174200042e+00        -4.604149563834240887e-04
4.120000000000000107e+00        1.425839999999999996e+00        -4.976825771519947580e-04
4.129999999999999893e+00        1.425750000000000073e+00        -5.139845856745814141e-04
4.139999999999999680e+00        1.425609899999999985e+00        -5.679307973237075107e-04
4.150000000000000355e+00        1.425501923801565818e+00        -6.250247593976820644e-04
4.160000000000000142e+00        1.425402307839999994e+00        -6.829955175353685532e-04
4.169999999999999929e+00        1.425244117709399960e+00        -7.316482777879967057e-04
4.179999999999999716e+00        1.425017228662029067e+00        -7.612861515714544050e-04
4.190000000000000391e+00        1.424751738232770348e+00        -7.764935985819810269e-04
4.200000000000000178e+00        1.424477595391999918e+00        -7.289189149023956541e-04
4.209999999999999964e+00        1.424219696479831931e+00        -6.628383680533445413e-04
4.219999999999999751e+00        1.423813409216330150e+00        -5.466455274814609709e-04
4.230000000000000426e+00        1.423063239520000023e+00        -1.638675157879819272e-04
4.240000000000000213e+00        1.421986558109468612e+00        5.160906110757759561e-03
4.250000000000000000e+00        1.425024708000000029e+00        -5.235916630999992889e-04
4.259999999999999787e+00        1.423173584768935962e+00        4.871088800866378837e-04
4.269999999999999574e+00        1.423677867420000132e+00        2.263886459999986563e-03
4.280000000000000249e+00        1.423611699887035398e+00        2.280538996975982596e-03
4.290000000000000036e+00        1.428903263679999647e+00        -7.781910165304136654e-04
4.299999999999999822e+00        1.426218222207057851e+00        -7.334196549492673660e-04
4.309999999999999609e+00        1.425499280799999990e+00        -6.804504319984126066e-04
4.320000000000000284e+00        1.425122222399999972e+00        -6.630169022992123389e-04
4.330000000000000071e+00        1.424810099999999968e+00        -5.238064136490645784e-04
4.339999999999999858e+00        1.424577373440000017e+00        -4.270903363814493661e-04
4.349999999999999645e+00        1.424402528900000187e+00        -3.001044393089073248e-04
4.360000000000000320e+00        1.424320000000000030e+00        -1.896724830706616744e-04
4.370009999999999728e+00        1.424239999999999950e+00        -7.008340033808951517e-05
4.380010000000000403e+00        1.424185009267280089e+00        7.163568694811900872e-05
4.390010000000000190e+00        1.424225042821420040e+00        2.097132791620313441e-04
4.400009999999999977e+00        1.424256103633381398e+00        1.956621365773057101e-04
4.410009999999999764e+00        1.424320000000000030e+00        3.631864906065647479e-04
4.420010000000000439e+00        1.424579999999999957e+00        2.034568499550898964e-04
4.430010000000000225e+00        1.424366631519080384e+00        2.078957464028661254e-06
4.440010000000000012e+00        1.424250000000000016e+00        4.238523219121861235e-05
4.450009999999999799e+00        1.424180000000000001e+00        1.077048278701509156e-04
4.460009999999999586e+00        1.424180000000000001e+00        1.315151901645460197e-04
4.470010000000000261e+00        1.424123361038528213e+00        1.473865678483791324e-04
4.480010000000000048e+00        1.424090000000000078e+00        1.441631554827314755e-04
4.490009999999999835e+00        1.423999999999999932e+00        1.526114967234579449e-04
4.500009999999999621e+00        1.423880000000000035e+00        2.646878978044879213e-04
4.510010000000000296e+00        1.423850099999999896e+00        5.461784200634715565e-04
4.520010000000000083e+00        1.424281542054989247e+00        8.126569283645623419e-04
4.530009999999999870e+00        1.424604967520837873e+00        5.427332311687001719e-04
4.540009999999999657e+00        1.424681912105321580e+00        1.866824914197300219e-04
4.550010000000000332e+00        1.424609868319889783e+00        -1.751446632259581504e-05
4.560010000000000119e+00        1.424507764878959915e+00        -2.257253444438686346e-04
4.570009999999999906e+00        1.424298940561429028e+00        -2.550133866909750366e-04
4.580009999999999692e+00        1.424209999999999976e+00        -2.816318421450276642e-04
4.590010000000000367e+00        1.424099999999999921e+00        -2.868797069986467763e-04
4.600010000000000154e+00        1.424060000000000104e+00        -3.005519217576247391e-04
4.610009999999999941e+00        1.424069999999999947e+00        -2.984075574048011804e-04
4.620009999999999728e+00        1.423990000000000089e+00        -3.367243055090116404e-04
4.630010000000000403e+00        1.423950000000000049e+00        -3.827685911321493796e-04
4.640010000000000190e+00        1.423869999999999969e+00        -4.203520417075180034e-04
4.650009999999999977e+00        1.423796649038914230e+00        -4.758841299287243950e-04
4.660009999999999764e+00        1.423689999999999900e+00        -4.996453917653345331e-04
4.670010000000000439e+00        1.423629999999999951e+00        -4.846049550607353824e-04
4.680010000000000225e+00        1.423589900000000075e+00        -4.890817896710623067e-04
4.690010000000000012e+00        1.423519999999999897e+00        -5.186044520564084574e-04
4.700009999999999799e+00        1.423450000000000104e+00        -5.435120434821827081e-04
4.710009999999999586e+00        1.423380000000000090e+00        -5.808458270323267093e-04
4.720010000000000261e+00        1.423301975094684702e+00        -6.010557319150115329e-04
4.730010000000000048e+00        1.423218021909059994e+00        -6.159702920335589828e-04
4.740009999999999835e+00        1.423119999999999941e+00        -5.849321599226993537e-04
4.750009999999999621e+00        1.423063008574889432e+00        -6.202097477129867248e-04
4.760010000000000296e+00        1.422960000000000003e+00        -6.063599546482543274e-04
4.770010000000000083e+00        1.422851586724141137e+00        -5.759723886513046145e-04
4.780009999999999870e+00        1.422772291795880051e+00        -5.360311934820442608e-04
4.790009999999999657e+00        1.422679999999999945e+00        -4.570775406229693125e-04
4.800010000000000332e+00        1.422626488568303094e+00        -4.838143913041724410e-04
4.810019999999999740e+00        1.422579999999999956e+00        -3.845537560786600642e-04
4.820020000000000415e+00        1.422479999999999967e+00        -3.099406651826323682e-04
4.830020000000000202e+00        1.422479999999999967e+00        -2.568337915260590371e-04
4.840019999999999989e+00        1.422475358483080043e+00        -2.074353091038284250e-04
4.850019999999999776e+00        1.422530099999999909e+00        -1.763470062364353157e-04
4.860019999999999563e+00        1.422530099999999909e+00        -1.907295133659048225e-04
4.870020000000000238e+00        1.422508987461205132e+00        -2.757769154618696511e-04
4.880020000000000024e+00        1.422400000000000109e+00        -2.457748557237121405e-04
4.890019999999999811e+00        1.422350920067984026e+00        -2.343782782850445693e-04
4.900019999999999598e+00        1.422290000000000054e+00        -2.813398110126154881e-04
4.910020000000000273e+00        1.422190000000000065e+00        -2.527692864478701083e-04
4.920020000000000060e+00        1.422069999999999945e+00        -2.907102631290182622e-04
4.930019999999999847e+00        1.421839999999999993e+00        -2.568042643555326523e-04
4.940019999999999634e+00        1.421529999999999960e+00        -1.686258446802483732e-04
4.950020000000000309e+00        1.420939385839200098e+00        3.778225438768299002e-04
4.960020000000000095e+00        1.422007455511040019e+00        1.734181556773749721e-03
4.970019999999999882e+00        1.422733565789279897e+00        8.827490240430850696e-04
4.980019999999999669e+00        1.422491203313440034e+00        1.875658598089368007e-04
4.990020000000000344e+00        1.421609993587840126e+00        -8.922206381200659836e-07
