# wav(mic), n, k
2.999999999999999889e-01        1.420400000000000107e+00        1.494119900000000042e-12
3.099999999999999978e-01        1.420400000000000107e+00        1.494119900000000042e-12
3.200000000000000067e-01        1.420400000000000107e+00        1.494119900000000042e-12
3.300000000000000155e-01        1.420400000000000107e+00        1.494119900000000042e-12
3.400000000000000244e-01        1.420400000000000107e+00        1.494119900000000042e-12
3.499999999999999778e-01        1.420400000000000107e+00        1.494119900000000042e-12
3.599999999999999867e-01        1.420400000000000107e+00        1.494119900000000042e-12
3.699999999999999956e-01        1.420400000000000107e+00        1.494119900000000042e-12
3.800000000000000044e-01        1.420400000000000107e+00        1.494119900000000042e-12
3.900000000000000133e-01        1.420400000000000107e+00        1.494119900000000042e-12
4.000000000000000222e-01        1.420400000000000107e+00        1.494119900000000042e-12
4.099999999999999756e-01        1.420400000000000107e+00        1.494119900000000042e-12
4.199999999999999845e-01        1.420400000000000107e+00        1.494119900000000042e-12
4.299999999999999933e-01        1.420400000000000107e+00        1.494119900000000042e-12
4.400000000000000022e-01        1.420400000000000107e+00        1.494119900000000042e-12
4.500000000000000111e-01        1.420400000000000107e+00        1.494119900000000042e-12
4.600000000000000200e-01        1.420400000000000107e+00        1.494119900000000042e-12
4.699999999999999734e-01        1.420400000000000107e+00        1.494119900000000042e-12
4.799999999999999822e-01        1.420400000000000107e+00        1.494119900000000042e-12
4.899999999999999911e-01        1.420400000000000107e+00        1.494119900000000042e-12
5.000000000000000000e-01        1.420400000000000107e+00        1.494119900000000042e-12
5.100000000000000089e-01        1.420400000000000107e+00        1.494119900000000042e-12
5.200000000000000178e-01        1.420400000000000107e+00        1.494119900000000042e-12
5.300000000000000266e-01        1.420400000000000107e+00        1.494119900000000042e-12
5.400000000000000355e-01        1.420400000000000107e+00        1.494119900000000042e-12
5.500000000000000444e-01        1.420400000000000107e+00        1.494119900000000042e-12
5.600000000000000533e-01        1.420400000000000107e+00        1.494119900000000042e-12
5.699999999999999512e-01        1.420400000000000107e+00        1.494119900000000042e-12
5.799999999999999600e-01        1.420400000000000107e+00        1.494119900000000042e-12
5.899999999999999689e-01        1.420400000000000107e+00        1.494119900000000042e-12
5.999999999999999778e-01        1.420400000000000107e+00        1.494119900000000042e-12
6.099999999999999867e-01        1.420400000000000107e+00        1.494119900000000042e-12
6.199999999999999956e-01        1.420400000000000107e+00        1.494119900000000042e-12
6.300000000000000044e-01        1.420400000000000107e+00        1.494119900000000042e-12
6.400000000000000133e-01        1.420400000000000107e+00        1.494119900000000042e-12
6.500000000000000222e-01        1.420400000000000107e+00        1.494119900000000042e-12
6.600000000000000311e-01        1.420400000000000107e+00        1.494119900000000042e-12
6.700000000000000400e-01        1.420400000000000107e+00        1.494119900000000042e-12
6.800000000000000488e-01        1.420400000000000107e+00        1.494119900000000042e-12
6.899999999999999467e-01        1.420400000000000107e+00        1.494119900000000042e-12
6.999999999999999556e-01        1.420400000000000107e+00        1.494119900000000042e-12
7.099999999999999645e-01        1.420400000000000107e+00        1.494119900000000042e-12
7.199999999999999734e-01        1.420400000000000107e+00        1.494119900000000042e-12
7.299999999999999822e-01        1.420400000000000107e+00        1.494119900000000042e-12
7.399999999999999911e-01        1.420400000000000107e+00        1.494119900000000042e-12
7.500000000000000000e-01        1.420400000000000107e+00        1.494119900000000042e-12
7.600000000000000089e-01        1.420400000000000107e+00        1.494119900000000042e-12
7.700000000000000178e-01        1.420400000000000107e+00        1.494119900000000042e-12
7.800000000000000266e-01        1.420400000000000107e+00        1.494119900000000042e-12
7.900000000000000355e-01        1.420400000000000107e+00        1.494119900000000042e-12
8.000000000000000444e-01        1.420400000000000107e+00        1.494119900000000042e-12
8.100000000000000533e-01        1.420400000000000107e+00        1.494119900000000042e-12
8.199999999999999512e-01        1.420400000000000107e+00        1.494119900000000042e-12
8.299999999999999600e-01        1.420400000000000107e+00        1.494119900000000042e-12
8.399999999999999689e-01        1.420400000000000107e+00        1.494119900000000042e-12
8.499999999999999778e-01        1.420400000000000107e+00        1.494119900000000042e-12
8.599999999999999867e-01        1.420400000000000107e+00        1.494119900000000042e-12
8.699999999999999956e-01        1.420400000000000107e+00        1.494119900000000042e-12
8.800000000000000044e-01        1.420400000000000107e+00        1.494119900000000042e-12
8.900000000000000133e-01        1.420400000000000107e+00        1.494119900000000042e-12
9.000000000000000222e-01        1.420400000000000107e+00        1.494119900000000042e-12
9.100000000000000311e-01        1.420400000000000107e+00        1.494119900000000042e-12
9.200000000000000400e-01        1.420400000000000107e+00        1.494119900000000042e-12
9.300000000000000488e-01        1.420400000000000107e+00        1.494119900000000042e-12
9.399999999999999467e-01        1.420400000000000107e+00        1.494119900000000042e-12
9.499999999999999556e-01        1.420400000000000107e+00        1.494119900000000042e-12
9.599999999999999645e-01        1.420400000000000107e+00        1.494119900000000042e-12
9.699999999999999734e-01        1.420400000000000107e+00        1.494119900000000042e-12
9.799999999999999822e-01        1.420400000000000107e+00        1.494119900000000042e-12
9.899999999999999911e-01        1.420400000000000107e+00        1.494119900000000042e-12
1.000000000000000000e+00        1.420400000000000107e+00        1.494119900000000042e-12
1.010000000000000009e+00        1.420400000000000107e+00        1.494119900000000042e-12
1.020000000000000018e+00        1.420400000000000107e+00        1.494119900000000042e-12
1.030000000000000027e+00        1.420400000000000107e+00        1.494119900000000042e-12
1.040000000000000036e+00        1.420400000000000107e+00        1.494119900000000042e-12
1.050000000000000044e+00        1.420400000000000107e+00        1.494119900000000042e-12
1.060000000000000053e+00        1.420400000000000107e+00        1.494119900000000042e-12
1.070000000000000062e+00        1.420400000000000107e+00        1.494119900000000042e-12
1.080000000000000071e+00        1.420400000000000107e+00        1.494119900000000042e-12
1.090000000000000080e+00        1.420400000000000107e+00        1.494119900000000042e-12
1.100000000000000089e+00        1.420400000000000107e+00        1.494119900000000042e-12
1.110000000000000098e+00        1.420400000000000107e+00        1.494119900000000042e-12
1.120000000000000107e+00        1.420400000000000107e+00        1.494119900000000042e-12
1.129999999999999893e+00        1.420400000000000107e+00        1.494119900000000042e-12
1.139999999999999902e+00        1.420400000000000107e+00        1.494119900000000042e-12
1.149999999999999911e+00        1.420400000000000107e+00        1.494119900000000042e-12
1.159999999999999920e+00        1.420400000000000107e+00        1.494119900000000042e-12
1.169999999999999929e+00        1.420400000000000107e+00        1.494119900000000042e-12
1.179999999999999938e+00        1.420400000000000107e+00        1.494119900000000042e-12
1.189999999999999947e+00        1.420400000000000107e+00        1.494119900000000042e-12
1.199999999999999956e+00        1.420400000000000107e+00        1.494119900000000042e-12
1.209999999999999964e+00        1.420400000000000107e+00        1.494119900000000042e-12
1.219999999999999973e+00        1.420400000000000107e+00        1.494119900000000042e-12
1.229999999999999982e+00        1.420400000000000107e+00        1.494119900000000042e-12
1.239999999999999991e+00        1.420400000000000107e+00        1.494119900000000042e-12
1.250000000000000000e+00        1.420400000000000107e+00        1.494119900000000042e-12
1.260000000000000009e+00        1.420400000000000107e+00        1.494119900000000042e-12
1.270000000000000018e+00        1.420400000000000107e+00        1.494119900000000042e-12
1.280000000000000027e+00        1.420400000000000107e+00        1.494119900000000042e-12
1.290000000000000036e+00        1.420400000000000107e+00        1.494119900000000042e-12
1.300000000000000044e+00        1.420400000000000107e+00        1.494119900000000042e-12
1.310000000000000053e+00        1.420400000000000107e+00        1.494119900000000042e-12
1.320000000000000062e+00        1.420400000000000107e+00        1.494119900000000042e-12
1.330000000000000071e+00        1.420400000000000107e+00        1.494119900000000042e-12
1.340000000000000080e+00        1.420400000000000107e+00        1.494119900000000042e-12
1.350000000000000089e+00        1.420400000000000107e+00        1.494119900000000042e-12
1.360000000000000098e+00        1.420400000000000107e+00        1.494119900000000042e-12
1.370000000000000107e+00        1.420400000000000107e+00        1.494119900000000042e-12
1.379999999999999893e+00        1.420400000000000107e+00        1.494119900000000042e-12
1.389999999999999902e+00        1.420400000000000107e+00        1.494119900000000042e-12
1.399999999999999911e+00        1.420400000000000107e+00        1.494119900000000042e-12
1.409999999999999920e+00        1.420400000000000107e+00        1.494119900000000042e-12
1.419999999999999929e+00        1.420400000000000107e+00        1.494119900000000042e-12
1.429999999999999938e+00        1.420400000000000107e+00        1.494119900000000042e-12
1.439999999999999947e+00        1.420400000000000107e+00        1.494119900000000042e-12
1.449999999999999956e+00        1.420400000000000107e+00        1.494119900000000042e-12
1.459999999999999964e+00        1.420400000000000107e+00        1.494119900000000042e-12
1.469999999999999973e+00        1.420400000000000107e+00        1.494119900000000042e-12
1.479999999999999982e+00        1.420400000000000107e+00        1.494119900000000042e-12
1.489999999999999991e+00        1.420400000000000107e+00        1.494119900000000042e-12
1.500000000000000000e+00        1.420400000000000107e+00        1.494119900000000042e-12
1.510000000000000009e+00        1.420400000000000107e+00        1.494119900000000042e-12
1.520000000000000018e+00        1.420400000000000107e+00        1.494119900000000042e-12
1.530000000000000027e+00        1.420400000000000107e+00        1.494119900000000042e-12
1.540000000000000036e+00        1.420400000000000107e+00        1.494119900000000042e-12
1.550000000000000044e+00        1.420400000000000107e+00        1.494119900000000042e-12
1.560000000000000053e+00        1.420400000000000107e+00        1.494119900000000042e-12
1.570000000000000062e+00        1.420400000000000107e+00        1.494119900000000042e-12
1.580000000000000071e+00        1.420400000000000107e+00        1.494119900000000042e-12
1.590000000000000080e+00        1.420400000000000107e+00        1.494119900000000042e-12
1.600000000000000089e+00        1.420400000000000107e+00        1.494119900000000042e-12
1.610000000000000098e+00        1.420400000000000107e+00        1.494119900000000042e-12
1.620000000000000107e+00        1.420400000000000107e+00        1.494119900000000042e-12
1.629999999999999893e+00        1.420400000000000107e+00        1.494119900000000042e-12
1.639999999999999902e+00        1.420400000000000107e+00        1.494119900000000042e-12
1.649999999999999911e+00        1.420400000000000107e+00        1.494119900000000042e-12
1.659999999999999920e+00        1.420400000000000107e+00        1.494119900000000042e-12
1.669999999999999929e+00        1.420400000000000107e+00        1.494119900000000042e-12
1.679999999999999938e+00        1.420400000000000107e+00        1.494119900000000042e-12
1.689999999999999947e+00        1.420400000000000107e+00        1.494119900000000042e-12
1.699999999999999956e+00        1.420400000000000107e+00        1.494119900000000042e-12
1.709999999999999964e+00        1.420400000000000107e+00        1.494119900000000042e-12
1.719999999999999973e+00        1.420400000000000107e+00        1.494119900000000042e-12
1.729999999999999982e+00        1.420400000000000107e+00        1.494119900000000042e-12
1.739999999999999991e+00        1.420400000000000107e+00        1.494119900000000042e-12
1.750000000000000000e+00        1.420400000000000107e+00        1.494119900000000042e-12
1.760000000000000009e+00        1.420400000000000107e+00        1.494119900000000042e-12
1.770000000000000018e+00        1.420400000000000107e+00        1.494119900000000042e-12
1.780000000000000027e+00        1.420400000000000107e+00        1.494119900000000042e-12
1.790000000000000036e+00        1.420400000000000107e+00        1.494119900000000042e-12
1.800000000000000044e+00        1.420400000000000107e+00        1.494119900000000042e-12
1.810000000000000053e+00        1.420400000000000107e+00        1.494119900000000042e-12
1.820000000000000062e+00        1.420400000000000107e+00        1.494119900000000042e-12
1.830000000000000071e+00        1.420400000000000107e+00        1.494119900000000042e-12
1.840000000000000080e+00        1.420400000000000107e+00        1.494119900000000042e-12
1.850000000000000089e+00        1.420400000000000107e+00        1.494119900000000042e-12
1.860000000000000098e+00        1.420400000000000107e+00        1.494119900000000042e-12
1.870000000000000107e+00        1.420400000000000107e+00        1.494119900000000042e-12
1.879999999999999893e+00        1.420400000000000107e+00        1.494119900000000042e-12
1.889999999999999902e+00        1.420400000000000107e+00        1.494119900000000042e-12
1.899999999999999911e+00        1.420400000000000107e+00        1.494119900000000042e-12
1.909999999999999920e+00        1.420400000000000107e+00        1.494119900000000042e-12
1.919999999999999929e+00        1.420400000000000107e+00        1.494119900000000042e-12
1.929999999999999938e+00        1.420400000000000107e+00        1.494119900000000042e-12
1.939999999999999947e+00        1.420400000000000107e+00        1.494119900000000042e-12
1.949999999999999956e+00        1.420400000000000107e+00        1.494119900000000042e-12
1.959999999999999964e+00        1.420400000000000107e+00        1.494119900000000042e-12
1.969999999999999973e+00        1.420400000000000107e+00        1.494119900000000042e-12
1.979999999999999982e+00        1.420400000000000107e+00        1.494119900000000042e-12
1.989999999999999991e+00        1.420400000000000107e+00        1.494119900000000042e-12
2.000000000000000000e+00        1.420400000000000107e+00        1.494119900000000042e-12
2.009999999999999787e+00        1.420400000000000107e+00        1.494119900000000042e-12
2.020000000000000018e+00        1.420400000000000107e+00        1.494119900000000042e-12
2.029999999999999805e+00        1.420400000000000107e+00        1.494119900000000042e-12
2.040000000000000036e+00        1.420400000000000107e+00        1.494119900000000042e-12
2.049999999999999822e+00        1.420400000000000107e+00        1.494119900000000042e-12
2.060000000000000053e+00        1.420400000000000107e+00        1.494119900000000042e-12
2.069999999999999840e+00        1.420400000000000107e+00        1.494119900000000042e-12
2.080000000000000071e+00        1.420400000000000107e+00        1.494119900000000042e-12
2.089999999999999858e+00        1.420400000000000107e+00        1.494119900000000042e-12
2.100000000000000089e+00        1.420400000000000107e+00        1.494119900000000042e-12
2.109999999999999876e+00        1.420400000000000107e+00        1.494119900000000042e-12
2.120000000000000107e+00        1.420400000000000107e+00        1.494119900000000042e-12
2.129999999999999893e+00        1.420400000000000107e+00        1.494119900000000042e-12
2.140000000000000124e+00        1.420400000000000107e+00        1.494119900000000042e-12
2.149999999999999911e+00        1.420400000000000107e+00        1.494119900000000042e-12
2.160000000000000142e+00        1.420400000000000107e+00        1.494119900000000042e-12
2.169999999999999929e+00        1.420400000000000107e+00        1.494119900000000042e-12
2.180000000000000160e+00        1.420400000000000107e+00        1.494119900000000042e-12
2.189999999999999947e+00        1.420400000000000107e+00        1.494119900000000042e-12
2.200000000000000178e+00        1.420400000000000107e+00        1.494119900000000042e-12
2.209999999999999964e+00        1.420400000000000107e+00        1.494119900000000042e-12
2.220000000000000195e+00        1.420400000000000107e+00        1.494119900000000042e-12
2.229999999999999982e+00        1.417515244614593106e+00        2.976218636550578725e-04
2.240000000000000213e+00        1.417314282247018609e+00        1.974307150466728176e-04
2.250000000000000000e+00        1.416982225075149815e+00        2.821471831455525507e-04
2.259999999999999787e+00        1.416478867585038381e+00        6.596251016287406344e-04
2.270000000000000018e+00        1.416239999999999943e+00        2.241372418562377622e-03
2.279999999999999805e+00        1.418900000000000050e+00        1.594742297942146553e-03
2.290000000000000036e+00        1.417670620759670319e+00        8.478006849684610819e-04
2.299999999999999822e+00        1.417920000000000069e+00        9.332092204142792245e-04
2.310000000000000053e+00        1.415331395300159611e+00        1.229135122772672794e-03
2.319999999999999840e+00        1.420379999999999976e+00        1.248969340828184199e-03
2.330000000000000071e+00        1.418619999999999992e+00        3.475963390416562785e-04
2.339999999999999858e+00        1.418179572842689140e+00        4.692340357163142517e-04
2.350000000000000089e+00        1.417781972553767700e+00        1.979625762302117799e-04
2.359999999999999876e+00        1.417624347535892504e+00        3.433867220345601743e-04
2.370000000000000107e+00        1.417210000000000081e+00        5.807558066534756428e-04
2.379999999999999893e+00        1.416923975127634350e+00        7.980190416534068158e-04
2.390000000000000124e+00        1.416635016024215821e+00        1.265016024215768597e-03
2.399999999999999911e+00        1.415283333759359996e+00        2.879999074774304644e-03
2.410000000000000142e+00        1.419246649120877724e+00        1.118883040292642907e-03
2.419999999999999929e+00        1.417304687966612686e+00        1.495312033387420593e-03
2.430000000000000160e+00        1.418812617781765040e+00        1.498691122206357142e-03
2.439999999999999947e+00        1.418619999999999992e+00        1.161965064266811971e-03
2.450000000000000178e+00        1.418011628534062041e+00        7.767488656254035615e-04
2.459999999999999964e+00        1.417244467800000018e+00        6.397315459347966554e-03
2.470000000000000195e+00        1.419229145690556582e+00        4.316971387275534084e-04
2.479999999999999982e+00        1.418670099999999934e+00        3.938013426943150837e-04
2.490000000000000213e+00        1.418330000000000091e+00        3.277483539169660396e-04
2.500000000000000000e+00        1.418190000000000062e+00        3.798429999999999884e-04
2.509999999999999787e+00        1.417869999999999964e+00        2.973904983839686131e-04
2.520000000000000018e+00        1.417954600276274180e+00        8.018730796069731791e-04
2.529999999999999805e+00        1.417829999999999924e+00        3.053800907033342275e-04
2.540000000000000036e+00        1.417569999999999997e+00        2.914655998622778265e-04
2.549999999999999822e+00        1.417461571987757019e+00        4.101958136582259992e-04
2.560000000000000053e+00        1.417342526360075405e+00        5.186315968852913847e-04
2.569999999999999840e+00        1.417522503987199922e+00        4.779050630093556939e-04
2.580000000000000071e+00        1.417219999999999924e+00        4.733816512766251183e-04
2.589999999999999858e+00        1.417370193060000005e+00        2.986428543429386841e-04
2.600000000000000089e+00        1.417217692399999951e+00        2.833793033047956114e-04
2.609999999999999876e+00        1.417160885382878321e+00        3.775238680907464189e-04
2.620000000000000107e+00        1.417220610961496652e+00        6.441137025975141083e-04
2.629999999999999893e+00        1.417145576380832495e+00        7.694161619621573160e-04
2.640000000000000124e+00        1.416697879039999997e+00        3.121794123360339631e-04
2.649999999999999911e+00        1.416619241079186020e+00        6.886616571931000958e-04
2.660000000000000142e+00        1.416849789341878774e+00        3.683930355569656916e-04
2.669999999999999929e+00        1.416882634462495183e+00        9.847294958082312196e-04
2.680000000000000160e+00        1.416674335743487667e+00        4.558250713696029703e-04
2.689999999999999947e+00        1.416402748995743144e+00        9.669422122606973402e-04
2.700000000000000178e+00        1.416375182911325581e+00        5.690378918652377969e-04
2.709999999999999964e+00        1.416424464700000163e+00        8.580458622948556246e-04
2.720000000000000195e+00        1.416222344973665725e+00        9.942214388322266269e-04
2.729999999999999982e+00        1.416219899999999976e+00        6.652297942096748427e-04
2.740000000000000213e+00        1.416288252222337229e+00        1.063495555325634240e-03
2.750000000000000000e+00        1.416236353845470530e+00        7.168660821100714857e-04
2.759999999999999787e+00        1.416169420319999928e+00        6.691950679212646741e-04
2.770000000000000018e+00        1.416193799947000009e+00        7.515221014294339898e-04
2.779999999999999805e+00        1.415910000000000002e+00        5.847389351984620849e-04
2.790000000000000036e+00        1.415901470339128609e+00        5.686758361880276053e-04
2.799999999999999822e+00        1.415610000000000035e+00        6.338431441739630608e-04
2.810000000000000053e+00        1.415650000000000075e+00        6.516470612482071255e-04
2.819999999999999840e+00        1.415564964679999926e+00        6.031237510633525754e-04
2.830000000000000071e+00        1.415381558137579265e+00        6.955018797109923734e-04
2.839999999999999858e+00        1.415236338159999940e+00        5.277917333468076528e-04
2.850000000000000089e+00        1.415008595857889073e+00        5.671674750344984309e-04
2.859999999999999876e+00        1.414835174793492634e+00        6.378003276412737028e-04
2.870000000000000107e+00        1.414666031027340676e+00        7.090000753552691114e-04
2.879999999999999893e+00        1.414570000000000105e+00        7.736763863101123141e-04
2.890000000000000124e+00        1.414479999999999960e+00        8.256168044968725936e-04
2.899999999999999911e+00        1.414330000000000087e+00        8.791891050523679019e-04
2.910000000000000142e+00        1.414321309598692400e+00        8.090874802607147696e-04
2.919999999999999929e+00        1.413999999999999924e+00        8.611701587916184954e-04
2.930000000000000160e+00        1.413798464239999886e+00        8.290656928315217862e-04
2.939999999999999947e+00        1.413698031319423620e+00        9.433135557825902918e-04
2.950000000000000178e+00        1.413606949000000057e+00        1.059999999999999961e-03
2.959999999999999964e+00        1.413470000000000004e+00        1.171076473310888591e-03
2.970000000000000195e+00        1.413440168359999971e+00        8.788883796287131006e-04
2.979999999999999982e+00        1.413140099999999899e+00        7.841032798002072791e-04
2.990000000000000213e+00        1.412848162661936469e+00        7.294347404913354002e-04
3.000000000000000000e+00        1.412656670134867509e+00        8.765379749357410117e-04
3.009999999999999787e+00        1.412239999999999940e+00        7.593120302249188646e-04
3.020000000000000018e+00        1.411950000000000038e+00        8.506952176472682087e-04
3.029999999999999805e+00        1.411689999999999889e+00        8.346950313648425707e-04
3.040000000000000036e+00        1.411163685666637413e+00        7.940523596109668250e-04
3.049999999999999822e+00        1.410574423591625770e+00        8.708891901930362498e-04
3.060000000000000053e+00        1.409163464399999954e+00        1.436535513071204731e-03
3.069999999999999840e+00        1.411867735608794305e+00        3.325170118630395560e-03
3.080000000000000071e+00        1.411042983835701703e+00        1.047661278567264820e-03
3.089999999999999858e+00        1.410190000000000055e+00        1.112298993425728027e-03
3.100000000000000089e+00        1.409560322599999971e+00        1.240000000000000000e-03
3.109999999999999876e+00        1.409200000000000008e+00        1.348292439249579701e-03
3.120000000000000107e+00        1.408826410399999896e+00        1.282820799999995990e-03
3.129999999999999893e+00        1.408248818199999919e+00        1.169999899999999999e-03
3.140000000000000124e+00        1.407510000000000039e+00        1.275666777252615954e-03
3.149999999999999911e+00        1.406850461449794754e+00        1.230000100000000008e-03
3.160000000000000142e+00        1.406179999999999986e+00        1.417845362953193585e-03
3.169999999999999929e+00        1.405408790023257248e+00        1.420000000000000038e-03
3.180000000000000160e+00        1.404575401756414266e+00        1.520000000000000084e-03
3.189999999999999947e+00        1.403679625541518927e+00        1.549999999999999946e-03
3.200000000000000178e+00        1.402600000000000069e+00        1.549999999999999946e-03
3.209999999999999964e+00        1.401242966546857538e+00        1.559999999999999972e-03
3.220000000000000195e+00        1.399406991826106728e+00        1.941504091960227557e-03
3.229999999999999982e+00        1.398406285039999863e+00        3.072476727616789069e-03
3.240000000000000213e+00        1.397355950323621476e+00        2.809008269479245333e-03
3.250000000000000000e+00        1.394896923999999983e+00        2.911538000000016019e-03
3.259999999999999787e+00        1.393142644503358341e+00        4.001531818477827192e-03
3.270000000000000018e+00        1.390951193640000083e+00        4.304403135968211565e-03
3.279999999999999805e+00        1.388954143759687954e+00        4.629023850187577796e-03
3.290000000000000036e+00        1.385232517058562207e+00        3.491366794754092919e-03
3.299999999999999822e+00        1.379077670825724633e+00        3.180000000000000101e-03
3.310000000000000053e+00        1.371351029100000396e+00        4.625195945980572869e-03
3.319999999999999840e+00        1.360855063520000297e+00        5.862770768195155711e-03
3.330000000000000071e+00        1.344936707040000012e+00        8.498799210990412231e-03
3.339999999999999858e+00        1.317150901400000906e+00        1.394922087999980395e-02
3.350000000000000089e+00        1.251056421185001488e+00        2.904879437314960081e-02
3.359999999999999876e+00        9.799228820800021111e-01        3.261165835161242699e-01
3.370000000000000107e+00        1.765604642530647084e+00        7.310807270197684782e-02
3.379999999999999893e+00        1.518919952070270085e+00        9.234950381018411716e-03
3.390000000000000124e+00        1.447955832999997750e+00        1.521660150000061877e-02
3.399999999999999911e+00        1.477096443199996001e+00        1.069047236000025963e-01
3.410000000000000142e+00        1.484419342799094821e+00        3.882330481670223654e-02
3.419999999999999929e+00        1.467424914400000224e+00        2.660883048000000847e-02
3.430000000000000160e+00        1.461488181009392928e+00        2.693519531438352127e-02
3.439999999999999947e+00        1.460623721920000007e+00        2.200953463627203233e-02
3.450000000000000178e+00        1.457774285120259972e+00        8.921488543511423355e-03
3.459999999999999964e+00        1.428502377600001427e+00        3.684623386705844147e-03
3.470000000000000195e+00        1.298794715619987938e+00        9.981513212194564888e-02
3.479999999999999982e+00        1.513262870071119259e+00        1.425261858157914670e-03
3.490000000000000213e+00        1.472008035991599906e+00        -1.409437129886950083e-03
3.500000000000000000e+00        1.460047145000000102e+00        1.159998928569993008e-03
3.509999999999999787e+00        1.455801382139999989e+00        1.440854760000015921e-03
3.520000000000000018e+00        1.451502728319999935e+00        1.964545325452802128e-03
3.529999999999999805e+00        1.449276119280000108e+00        2.533880750596395875e-03
3.540000000000000036e+00        1.448991185999999987e+00        2.921752029380001153e-03
3.549999999999999822e+00        1.447170372893999968e+00        9.110450659105942322e-04
3.560000000000000053e+00        1.446392697119999848e+00        -1.790561760000002360e-03
3.569999999999999840e+00        1.443226075254200103e+00        -1.916022580000004919e-03
3.580000000000000071e+00        1.441293987186254899e+00        -1.770000000000000089e-03
3.589999999999999858e+00        1.439873061707728885e+00        -1.654234573067748073e-03
3.600000000000000089e+00        1.438445553616648276e+00        -1.580000000000000024e-03
3.609999999999999876e+00        1.437162465899999964e+00        -1.424155258447003247e-03
3.620000000000000107e+00        1.436114636012510326e+00        -1.100000000000000066e-03
3.629999999999999893e+00        1.435102093800000089e+00        -8.967725504606952535e-04
3.640000000000000124e+00        1.433823167728345283e+00        -8.321970124670848880e-04
3.649999999999999911e+00        1.430791895966228022e+00        6.028537302710332973e-04
3.660000000000000142e+00        1.446573031770826523e+00        1.028841350481463079e-02
3.669999999999999929e+00        1.436778037306581268e+00        -1.210218077046525077e-03
3.680000000000000160e+00        1.434768705798319832e+00        -1.180000000000000059e-03
3.689999999999999947e+00        1.433734065299999916e+00        -1.041355100000010111e-03
3.700000000000000178e+00        1.433010265772526326e+00        -8.695706037880174787e-04
3.709999999999999964e+00        1.432400893654716345e+00        -7.166012678946507772e-04
3.720000000000000195e+00        1.431907204480000084e+00        -6.234641987532797908e-04
3.729999999999999982e+00        1.431428257479999910e+00        -4.728313605785198961e-04
3.740000000000000213e+00        1.431010160496253958e+00        -1.626966868880787124e-04
3.750000000000000000e+00        1.430613263466480767e+00        -1.763166489863865873e-04
3.759999999999999787e+00        1.430120000000000058e+00        3.454634877497264676e-04
3.770000000000000018e+00        1.430045993882494759e+00        7.805500653398710726e-04
3.779999999999999805e+00        1.430729470671815440e+00        1.820000000000000003e-03
3.790000000000000036e+00        1.432276098023308242e+00        5.864347457916922269e-04
3.799999999999999822e+00        1.431335773987533200e+00        -6.262588462413286186e-04
3.810000000000000053e+00        1.430547185544284172e+00        -7.282156989426797136e-04
3.819999999999999840e+00        1.430100052359999818e+00        -7.088470686989149089e-04
3.830000000000000071e+00        1.429728386009800012e+00        -6.926466224160008961e-04
3.839999999999999858e+00        1.429370000000000029e+00        -6.537653887142440062e-04
3.850000000000000089e+00        1.429110232050726736e+00        -6.191281467311122175e-04
3.859999999999999876e+00        1.428863612531379168e+00        -5.516848017523158900e-04
3.870000000000000107e+00        1.428719999999999990e+00        -4.326732581695233123e-04
3.879999999999999893e+00        1.428565982559047542e+00        -5.111822156147432898e-04
3.890000000000000124e+00        1.428289403829502646e+00        -5.828964355590712972e-04
3.899999999999999911e+00        1.427920256800000010e+00        -5.035165521664096769e-04
3.910000000000000142e+00        1.427440406501195858e+00        6.086135698960665717e-04
3.919999999999999929e+00        1.428483061439999924e+00        -6.762555268160032112e-04
3.930000000000000160e+00        1.427886397204344959e+00        -6.486544046604880882e-04
3.939999999999999947e+00        1.427613589014800066e+00        -6.336389868600003552e-04
3.950000000000000178e+00        1.427412274757073662e+00        -5.498357963371275706e-04
3.959999999999999964e+00        1.427219999999999933e+00        -4.823713210760590168e-04
3.970000000000000195e+00        1.427030000000000021e+00        -4.312051098134123670e-04
3.979999999999999982e+00        1.426930000000000032e+00        -3.342805208736394180e-04
3.990000000000000213e+00        1.426809999999999912e+00        -2.736702283137090307e-04
4.000000000000000000e+00        1.426730000000000054e+00        -2.065849999999999880e-04
4.009999999999999787e+00        1.426648278555208593e+00        -2.295928632359759260e-04
4.019999999999999574e+00        1.426586231875165200e+00        -1.692666525026754554e-04
4.030000000000000249e+00        1.426499478526357390e+00        -1.449497914065395155e-04
4.040000000000000036e+00        1.426447622427309714e+00        -1.118395223380155981e-04
4.049999999999999822e+00        1.426296790299999895e+00        -2.343147124497092066e-04
4.059999999999999609e+00        1.426112709520000132e+00        -1.046891001040078061e-04
4.070000000000000284e+00        1.426030124088599971e+00        -2.587124634250610337e-05
4.080000000000000071e+00        1.426049899999999981e+00        3.211064226110674772e-05
4.089999999999999858e+00        1.426049301024000071e+00        1.588861680000298046e-05
4.099999999999999645e+00        1.425999999999999934e+00        -2.772847496195215636e-05
4.110000000000000320e+00        1.425920000000000076e+00        -3.197086908408209194e-05
4.120000000000000107e+00        1.425869899999999912e+00        -5.003050109907620130e-05
4.129999999999999893e+00        1.425839999999999996e+00        -7.215780092264579854e-05
4.139999999999999680e+00        1.425752949083330945e+00        -1.555329316849917440e-04
4.150000000000000355e+00        1.425650000000000084e+00        -1.779016613837491759e-04
4.160000000000000142e+00        1.425559999999999938e+00        -2.336333519360121161e-04
4.169999999999999929e+00        1.425400000000000000e+00        -3.206597652989398822e-04
4.179999999999999716e+00        1.425229999999999997e+00        -3.371385882170450693e-04
4.190000000000000391e+00        1.425058261767229606e+00        -3.447086829776396604e-04
4.200000000000000178e+00        1.424765238400000023e+00        -3.802252260000027690e-04
4.209999999999999964e+00        1.424530000000000074e+00        -2.428807742947339124e-04
4.219999999999999751e+00        1.424143409216330092e+00        -2.019780005887942956e-04
4.230000000000000426e+00        1.423506549399999876e+00        1.327935612200129001e-04
4.240000000000000213e+00        1.421083243173824062e+00        4.524094338546752470e-03
4.250000000000000000e+00        1.426144708000000039e+00        -5.019558446179936016e-04
4.259999999999999787e+00        1.424266273345638156e+00        -6.056893223083126016e-04
4.269999999999999574e+00        1.423154075760000081e+00        2.398557967199767014e-05
4.280000000000000249e+00        1.418372709481078520e+00        2.279992572184995781e-03
4.290000000000000036e+00        1.432287477565599154e+00        -2.410628832731453292e-04
4.299999999999999822e+00        1.426988131549311145e+00        -4.423927266031180074e-04
4.309999999999999609e+00        1.425958468792000167e+00        -4.162875230400382492e-04
4.320000000000000284e+00        1.425572229808000024e+00        -3.600627908800049012e-04
4.330000000000000071e+00        1.425313442861571689e+00        -3.037166775803453378e-04
4.339999999999999858e+00        1.425044746880000046e+00        -3.197278622105538862e-04
4.349999999999999645e+00        1.424812578322000034e+00        -2.385393788599984822e-04
4.360000000000000320e+00        1.424588895273163125e+00        -1.400224661413143319e-04
4.370009999999999728e+00        1.424469900000000067e+00        2.456690838864318403e-05
4.380010000000000403e+00        1.424375009081934262e+00        1.563728896685925125e-04
4.390010000000000190e+00        1.424430000000000085e+00        2.902286029670737995e-04
4.400009999999999977e+00        1.424376081560713603e+00        3.194426333520569662e-04
4.410009999999999764e+00        1.424531575593777077e+00        5.742589786142687390e-04
4.420010000000000439e+00        1.424716161536203396e+00        4.762749996537397239e-04
4.430010000000000225e+00        1.424550100000000041e+00        2.385838187993525412e-04
4.440010000000000012e+00        1.424420000000000019e+00        2.623292153620308906e-04
4.450009999999999799e+00        1.424360708891649230e+00        3.452112938014621616e-04
4.460009999999999586e+00        1.424379899999999921e+00        3.660588758278154344e-04
4.470010000000000261e+00        1.424339999999999939e+00        3.668386937472562295e-04
4.480010000000000048e+00        1.424336893926479997e+00        3.877701715991899991e-04
4.490009999999999835e+00        1.424239999999999950e+00        4.021065943806715281e-04
4.500009999999999621e+00        1.424130864701447674e+00        4.971288178578518648e-04
4.510010000000000296e+00        1.424129999999999896e+00        7.837838747679617621e-04
4.520010000000000083e+00        1.424571542054989370e+00        1.049228972505314699e-03
4.530009999999999870e+00        1.424930000000000030e+00        7.294375657098721650e-04
4.540009999999999657e+00        1.425011912105321743e+00        3.696250351409064057e-04
4.550010000000000332e+00        1.424900099999999892e+00        1.700794280715346089e-04
4.560010000000000119e+00        1.424798882439480163e+00        -8.657957744527575801e-05
4.570009999999999906e+00        1.424590000000000023e+00        -1.677172420352451517e-04
4.580009999999999692e+00        1.424439999999999928e+00        -1.825646677700933670e-04
4.590010000000000367e+00        1.424342220817367721e+00        -1.684878469727219528e-04
4.600010000000000154e+00        1.424285361946860506e+00        -2.011430698073535912e-04
4.610009999999999941e+00        1.424240365389739971e+00        -1.407037675849330039e-04
4.620009999999999728e+00        1.424200099999999969e+00        -2.066773173121910626e-04
4.630010000000000403e+00        1.424139999999999961e+00        -2.543862188582667961e-04
4.640010000000000190e+00        1.424058388577200018e+00        -2.640012984354558542e-04
4.650009999999999977e+00        1.423980000000000024e+00        -2.977190158649770839e-04
4.660009999999999764e+00        1.423869999999999969e+00        -3.102444423274492921e-04
4.670010000000000439e+00        1.423820000000000086e+00        -2.858891691776759914e-04
4.680010000000000225e+00        1.423760099999999973e+00        -3.090791446141531989e-04
4.690010000000000012e+00        1.423709580827480004e+00        -3.252617491711965706e-04
4.700009999999999799e+00        1.423622748938764726e+00        -3.354142246859065151e-04
4.710009999999999586e+00        1.423570000000000002e+00        -3.203802186148546182e-04
4.720010000000000261e+00        1.423519999999999897e+00        -3.326059227795919197e-04
4.730010000000000048e+00        1.423428021909060037e+00        -3.257951441818323062e-04
4.740009999999999835e+00        1.423384992734307630e+00        -2.568080246530047065e-04
4.750009999999999621e+00        1.423337032666021962e+00        -2.734117187273410856e-04
4.760010000000000296e+00        1.423241714233669519e+00        -2.748613839302323832e-04
4.770010000000000083e+00        1.423140000000000072e+00        -2.141401441207697680e-04
4.780009999999999870e+00        1.423077708204119940e+00        -1.004548183428666670e-04
4.790009999999999657e+00        1.423103912875582466e+00        -6.336782855236420154e-05
4.800010000000000332e+00        1.423130000000000006e+00        6.227229055115268806e-06
4.810019999999999740e+00        1.423170000000000046e+00        -3.952404093156480162e-05
4.820020000000000415e+00        1.423155953296608045e+00        -5.620076745836544407e-05
4.830020000000000202e+00        1.423119999999999941e+00        -1.219544352966486799e-04
4.840019999999999989e+00        1.423070000000000057e+00        -1.405279096266784150e-04
4.850019999999999776e+00        1.422962382142408444e+00        -1.546132313008366434e-04
4.860019999999999563e+00        1.422970099999999904e+00        -1.588829871301363677e-04
4.870020000000000238e+00        1.422908987461205088e+00        -1.843094442942065821e-04
4.880020000000000024e+00        1.422799900000000006e+00        -1.533702909305491595e-04
4.890019999999999811e+00        1.422750929361599859e+00        -1.429069516593599754e-04
4.900019999999999598e+00        1.422679600127279897e+00        -1.515557648493675918e-04
4.910020000000000273e+00        1.422565158562623999e+00        -1.705062297512848748e-04
4.920020000000000060e+00        1.422479999999999967e+00        -9.472582429260292304e-05
4.930019999999999847e+00        1.422279472238832776e+00        -1.219856024545156554e-04
4.940019999999999634e+00        1.421984165364952091e+00        -2.253636642244081996e-05
4.950020000000000309e+00        1.421429692919599974e+00        5.978732391491484686e-04
4.960020000000000095e+00        1.422615591633279886e+00        1.814181496320008960e-03
4.970019999999999882e+00        1.423360348683920140e+00        9.829789474890830887e-04
4.980019999999999669e+00        1.423092406626879969e+00        2.608991780863321227e-04
4.990020000000000344e+00        1.422259994389360127e+00        2.223915174370690617e-05
