# wav(mic), n, k
2.999999999999999889e-01        1.417310000000000070e+00        0.000000000000000000e+00
3.099999999999999978e-01        1.417310000000000070e+00        0.000000000000000000e+00
3.200000000000000067e-01        1.417310000000000070e+00        0.000000000000000000e+00
3.300000000000000155e-01        1.417310000000000070e+00        0.000000000000000000e+00
3.400000000000000244e-01        1.417310000000000070e+00        0.000000000000000000e+00
3.499999999999999778e-01        1.417310000000000070e+00        0.000000000000000000e+00
3.599999999999999867e-01        1.417310000000000070e+00        0.000000000000000000e+00
3.699999999999999956e-01        1.417310000000000070e+00        0.000000000000000000e+00
3.800000000000000044e-01        1.417310000000000070e+00        0.000000000000000000e+00
3.900000000000000133e-01        1.417310000000000070e+00        0.000000000000000000e+00
4.000000000000000222e-01        1.417310000000000070e+00        0.000000000000000000e+00
4.099999999999999756e-01        1.417310000000000070e+00        0.000000000000000000e+00
4.199999999999999845e-01        1.417310000000000070e+00        0.000000000000000000e+00
4.299999999999999933e-01        1.417310000000000070e+00        0.000000000000000000e+00
4.400000000000000022e-01        1.417310000000000070e+00        0.000000000000000000e+00
4.500000000000000111e-01        1.417310000000000070e+00        0.000000000000000000e+00
4.600000000000000200e-01        1.417310000000000070e+00        0.000000000000000000e+00
4.699999999999999734e-01        1.417310000000000070e+00        0.000000000000000000e+00
4.799999999999999822e-01        1.417310000000000070e+00        0.000000000000000000e+00
4.899999999999999911e-01        1.417310000000000070e+00        0.000000000000000000e+00
5.000000000000000000e-01        1.417310000000000070e+00        0.000000000000000000e+00
5.100000000000000089e-01        1.417310000000000070e+00        0.000000000000000000e+00
5.200000000000000178e-01        1.417310000000000070e+00        0.000000000000000000e+00
5.300000000000000266e-01        1.417310000000000070e+00        0.000000000000000000e+00
5.400000000000000355e-01        1.417310000000000070e+00        0.000000000000000000e+00
5.500000000000000444e-01        1.417310000000000070e+00        0.000000000000000000e+00
5.600000000000000533e-01        1.417310000000000070e+00        0.000000000000000000e+00
5.699999999999999512e-01        1.417310000000000070e+00        0.000000000000000000e+00
5.799999999999999600e-01        1.417310000000000070e+00        0.000000000000000000e+00
5.899999999999999689e-01        1.417310000000000070e+00        0.000000000000000000e+00
5.999999999999999778e-01        1.417310000000000070e+00        0.000000000000000000e+00
6.099999999999999867e-01        1.417310000000000070e+00        0.000000000000000000e+00
6.199999999999999956e-01        1.417310000000000070e+00        0.000000000000000000e+00
6.300000000000000044e-01        1.417310000000000070e+00        0.000000000000000000e+00
6.400000000000000133e-01        1.417310000000000070e+00        0.000000000000000000e+00
6.500000000000000222e-01        1.417310000000000070e+00        0.000000000000000000e+00
6.600000000000000311e-01        1.417310000000000070e+00        0.000000000000000000e+00
6.700000000000000400e-01        1.417310000000000070e+00        0.000000000000000000e+00
6.800000000000000488e-01        1.417310000000000070e+00        0.000000000000000000e+00
6.899999999999999467e-01        1.417310000000000070e+00        0.000000000000000000e+00
6.999999999999999556e-01        1.417310000000000070e+00        0.000000000000000000e+00
7.099999999999999645e-01        1.417310000000000070e+00        0.000000000000000000e+00
7.199999999999999734e-01        1.417310000000000070e+00        0.000000000000000000e+00
7.299999999999999822e-01        1.417310000000000070e+00        0.000000000000000000e+00
7.399999999999999911e-01        1.417310000000000070e+00        0.000000000000000000e+00
7.500000000000000000e-01        1.417310000000000070e+00        0.000000000000000000e+00
7.600000000000000089e-01        1.417310000000000070e+00        0.000000000000000000e+00
7.700000000000000178e-01        1.417310000000000070e+00        0.000000000000000000e+00
7.800000000000000266e-01        1.417310000000000070e+00        0.000000000000000000e+00
7.900000000000000355e-01        1.417310000000000070e+00        0.000000000000000000e+00
8.000000000000000444e-01        1.417310000000000070e+00        0.000000000000000000e+00
8.100000000000000533e-01        1.417310000000000070e+00        0.000000000000000000e+00
8.199999999999999512e-01        1.417310000000000070e+00        0.000000000000000000e+00
8.299999999999999600e-01        1.417310000000000070e+00        0.000000000000000000e+00
8.399999999999999689e-01        1.417310000000000070e+00        0.000000000000000000e+00
8.499999999999999778e-01        1.417310000000000070e+00        0.000000000000000000e+00
8.599999999999999867e-01        1.417310000000000070e+00        0.000000000000000000e+00
8.699999999999999956e-01        1.417310000000000070e+00        0.000000000000000000e+00
8.800000000000000044e-01        1.417310000000000070e+00        0.000000000000000000e+00
8.900000000000000133e-01        1.417310000000000070e+00        0.000000000000000000e+00
9.000000000000000222e-01        1.417310000000000070e+00        0.000000000000000000e+00
9.100000000000000311e-01        1.417310000000000070e+00        0.000000000000000000e+00
9.200000000000000400e-01        1.417310000000000070e+00        0.000000000000000000e+00
9.300000000000000488e-01        1.417310000000000070e+00        0.000000000000000000e+00
9.399999999999999467e-01        1.417310000000000070e+00        0.000000000000000000e+00
9.499999999999999556e-01        1.417310000000000070e+00        0.000000000000000000e+00
9.599999999999999645e-01        1.417310000000000070e+00        0.000000000000000000e+00
9.699999999999999734e-01        1.417310000000000070e+00        0.000000000000000000e+00
9.799999999999999822e-01        1.417310000000000070e+00        0.000000000000000000e+00
9.899999999999999911e-01        1.417310000000000070e+00        0.000000000000000000e+00
1.000000000000000000e+00        1.417310000000000070e+00        0.000000000000000000e+00
1.010000000000000009e+00        1.417310000000000070e+00        0.000000000000000000e+00
1.020000000000000018e+00        1.417310000000000070e+00        0.000000000000000000e+00
1.030000000000000027e+00        1.417310000000000070e+00        0.000000000000000000e+00
1.040000000000000036e+00        1.417310000000000070e+00        0.000000000000000000e+00
1.050000000000000044e+00        1.417310000000000070e+00        0.000000000000000000e+00
1.060000000000000053e+00        1.417310000000000070e+00        0.000000000000000000e+00
1.070000000000000062e+00        1.417310000000000070e+00        0.000000000000000000e+00
1.080000000000000071e+00        1.417310000000000070e+00        0.000000000000000000e+00
1.090000000000000080e+00        1.417310000000000070e+00        0.000000000000000000e+00
1.100000000000000089e+00        1.417310000000000070e+00        0.000000000000000000e+00
1.110000000000000098e+00        1.417310000000000070e+00        0.000000000000000000e+00
1.120000000000000107e+00        1.417310000000000070e+00        0.000000000000000000e+00
1.129999999999999893e+00        1.417310000000000070e+00        0.000000000000000000e+00
1.139999999999999902e+00        1.417310000000000070e+00        0.000000000000000000e+00
1.149999999999999911e+00        1.417310000000000070e+00        0.000000000000000000e+00
1.159999999999999920e+00        1.417310000000000070e+00        0.000000000000000000e+00
1.169999999999999929e+00        1.417310000000000070e+00        0.000000000000000000e+00
1.179999999999999938e+00        1.417310000000000070e+00        0.000000000000000000e+00
1.189999999999999947e+00        1.417310000000000070e+00        0.000000000000000000e+00
1.199999999999999956e+00        1.417310000000000070e+00        0.000000000000000000e+00
1.209999999999999964e+00        1.417310000000000070e+00        0.000000000000000000e+00
1.219999999999999973e+00        1.417310000000000070e+00        0.000000000000000000e+00
1.229999999999999982e+00        1.417310000000000070e+00        0.000000000000000000e+00
1.239999999999999991e+00        1.417310000000000070e+00        0.000000000000000000e+00
1.250000000000000000e+00        1.417310000000000070e+00        0.000000000000000000e+00
1.260000000000000009e+00        1.417310000000000070e+00        0.000000000000000000e+00
1.270000000000000018e+00        1.417310000000000070e+00        0.000000000000000000e+00
1.280000000000000027e+00        1.417310000000000070e+00        0.000000000000000000e+00
1.290000000000000036e+00        1.417310000000000070e+00        0.000000000000000000e+00
1.300000000000000044e+00        1.417310000000000070e+00        0.000000000000000000e+00
1.310000000000000053e+00        1.417310000000000070e+00        0.000000000000000000e+00
1.320000000000000062e+00        1.417310000000000070e+00        0.000000000000000000e+00
1.330000000000000071e+00        1.417310000000000070e+00        0.000000000000000000e+00
1.340000000000000080e+00        1.417310000000000070e+00        0.000000000000000000e+00
1.350000000000000089e+00        1.417310000000000070e+00        0.000000000000000000e+00
1.360000000000000098e+00        1.417310000000000070e+00        0.000000000000000000e+00
1.370000000000000107e+00        1.417310000000000070e+00        0.000000000000000000e+00
1.379999999999999893e+00        1.417310000000000070e+00        0.000000000000000000e+00
1.389999999999999902e+00        1.417310000000000070e+00        0.000000000000000000e+00
1.399999999999999911e+00        1.417310000000000070e+00        0.000000000000000000e+00
1.409999999999999920e+00        1.417310000000000070e+00        0.000000000000000000e+00
1.419999999999999929e+00        1.417310000000000070e+00        0.000000000000000000e+00
1.429999999999999938e+00        1.417310000000000070e+00        0.000000000000000000e+00
1.439999999999999947e+00        1.417310000000000070e+00        0.000000000000000000e+00
1.449999999999999956e+00        1.417310000000000070e+00        0.000000000000000000e+00
1.459999999999999964e+00        1.417310000000000070e+00        0.000000000000000000e+00
1.469999999999999973e+00        1.417310000000000070e+00        0.000000000000000000e+00
1.479999999999999982e+00        1.417310000000000070e+00        0.000000000000000000e+00
1.489999999999999991e+00        1.417310000000000070e+00        0.000000000000000000e+00
1.500000000000000000e+00        1.417310000000000070e+00        0.000000000000000000e+00
1.510000000000000009e+00        1.417310000000000070e+00        0.000000000000000000e+00
1.520000000000000018e+00        1.417310000000000070e+00        0.000000000000000000e+00
1.530000000000000027e+00        1.417310000000000070e+00        0.000000000000000000e+00
1.540000000000000036e+00        1.417310000000000070e+00        0.000000000000000000e+00
1.550000000000000044e+00        1.417310000000000070e+00        0.000000000000000000e+00
1.560000000000000053e+00        1.417310000000000070e+00        0.000000000000000000e+00
1.570000000000000062e+00        1.417310000000000070e+00        0.000000000000000000e+00
1.580000000000000071e+00        1.417310000000000070e+00        0.000000000000000000e+00
1.590000000000000080e+00        1.417310000000000070e+00        0.000000000000000000e+00
1.600000000000000089e+00        1.417310000000000070e+00        0.000000000000000000e+00
1.610000000000000098e+00        1.417310000000000070e+00        0.000000000000000000e+00
1.620000000000000107e+00        1.417310000000000070e+00        0.000000000000000000e+00
1.629999999999999893e+00        1.417310000000000070e+00        0.000000000000000000e+00
1.639999999999999902e+00        1.417310000000000070e+00        0.000000000000000000e+00
1.649999999999999911e+00        1.417310000000000070e+00        0.000000000000000000e+00
1.659999999999999920e+00        1.417310000000000070e+00        0.000000000000000000e+00
1.669999999999999929e+00        1.417310000000000070e+00        0.000000000000000000e+00
1.679999999999999938e+00        1.417310000000000070e+00        0.000000000000000000e+00
1.689999999999999947e+00        1.417310000000000070e+00        0.000000000000000000e+00
1.699999999999999956e+00        1.417310000000000070e+00        0.000000000000000000e+00
1.709999999999999964e+00        1.417310000000000070e+00        0.000000000000000000e+00
1.719999999999999973e+00        1.417310000000000070e+00        0.000000000000000000e+00
1.729999999999999982e+00        1.417310000000000070e+00        0.000000000000000000e+00
1.739999999999999991e+00        1.417310000000000070e+00        0.000000000000000000e+00
1.750000000000000000e+00        1.417310000000000070e+00        0.000000000000000000e+00
1.760000000000000009e+00        1.417310000000000070e+00        0.000000000000000000e+00
1.770000000000000018e+00        1.417310000000000070e+00        0.000000000000000000e+00
1.780000000000000027e+00        1.417310000000000070e+00        0.000000000000000000e+00
1.790000000000000036e+00        1.417310000000000070e+00        0.000000000000000000e+00
1.800000000000000044e+00        1.417310000000000070e+00        0.000000000000000000e+00
1.810000000000000053e+00        1.417310000000000070e+00        0.000000000000000000e+00
1.820000000000000062e+00        1.417310000000000070e+00        0.000000000000000000e+00
1.830000000000000071e+00        1.417310000000000070e+00        0.000000000000000000e+00
1.840000000000000080e+00        1.417310000000000070e+00        0.000000000000000000e+00
1.850000000000000089e+00        1.417310000000000070e+00        0.000000000000000000e+00
1.860000000000000098e+00        1.417310000000000070e+00        0.000000000000000000e+00
1.870000000000000107e+00        1.417310000000000070e+00        0.000000000000000000e+00
1.879999999999999893e+00        1.417310000000000070e+00        0.000000000000000000e+00
1.889999999999999902e+00        1.417310000000000070e+00        0.000000000000000000e+00
1.899999999999999911e+00        1.417310000000000070e+00        0.000000000000000000e+00
1.909999999999999920e+00        1.417310000000000070e+00        0.000000000000000000e+00
1.919999999999999929e+00        1.417310000000000070e+00        0.000000000000000000e+00
1.929999999999999938e+00        1.417310000000000070e+00        0.000000000000000000e+00
1.939999999999999947e+00        1.417310000000000070e+00        0.000000000000000000e+00
1.949999999999999956e+00        1.417310000000000070e+00        0.000000000000000000e+00
1.959999999999999964e+00        1.417310000000000070e+00        0.000000000000000000e+00
1.969999999999999973e+00        1.417310000000000070e+00        0.000000000000000000e+00
1.979999999999999982e+00        1.417310000000000070e+00        0.000000000000000000e+00
1.989999999999999991e+00        1.417310000000000070e+00        0.000000000000000000e+00
2.000000000000000000e+00        1.417310000000000070e+00        0.000000000000000000e+00
2.009999999999999787e+00        1.417310000000000070e+00        0.000000000000000000e+00
2.020000000000000018e+00        1.417310000000000070e+00        0.000000000000000000e+00
2.029999999999999805e+00        1.417310000000000070e+00        0.000000000000000000e+00
2.040000000000000036e+00        1.417310000000000070e+00        0.000000000000000000e+00
2.049999999999999822e+00        1.417310000000000070e+00        0.000000000000000000e+00
2.060000000000000053e+00        1.417310000000000070e+00        0.000000000000000000e+00
2.069999999999999840e+00        1.417310000000000070e+00        0.000000000000000000e+00
2.080000000000000071e+00        1.417310000000000070e+00        0.000000000000000000e+00
2.089999999999999858e+00        1.417310000000000070e+00        0.000000000000000000e+00
2.100000000000000089e+00        1.417310000000000070e+00        0.000000000000000000e+00
2.109999999999999876e+00        1.417310000000000070e+00        0.000000000000000000e+00
2.120000000000000107e+00        1.417310000000000070e+00        0.000000000000000000e+00
2.129999999999999893e+00        1.417310000000000070e+00        0.000000000000000000e+00
2.140000000000000124e+00        1.417310000000000070e+00        0.000000000000000000e+00
2.149999999999999911e+00        1.417310000000000070e+00        0.000000000000000000e+00
2.160000000000000142e+00        1.417310000000000070e+00        0.000000000000000000e+00
2.169999999999999929e+00        1.417310000000000070e+00        0.000000000000000000e+00
2.180000000000000160e+00        1.417310000000000070e+00        0.000000000000000000e+00
2.189999999999999947e+00        1.417310000000000070e+00        0.000000000000000000e+00
2.200000000000000178e+00        1.417310000000000070e+00        0.000000000000000000e+00
2.209999999999999964e+00        1.417310000000000070e+00        0.000000000000000000e+00
2.220000000000000195e+00        1.417310000000000070e+00        0.000000000000000000e+00
2.229999999999999982e+00        1.417759510770813858e+00        -7.527984696405547150e-05
2.240000000000000213e+00        1.417519999999999891e+00        -2.399999899999999918e-04
2.250000000000000000e+00        1.416979999999999906e+00        -1.322250751499635382e-04
2.259999999999999787e+00        1.416428946515345233e+00        4.123160353964195474e-04
2.270000000000000018e+00        1.416145686237712420e+00        2.432744950849509511e-03
2.279999999999999805e+00        1.419929999999999914e+00        1.292989730589528792e-03
2.290000000000000036e+00        1.417869999999999964e+00        2.330417317638926384e-05
2.299999999999999822e+00        1.418037373825374647e+00        2.655453257443412835e-04
2.310000000000000053e+00        1.413911729950129814e+00        6.252268015494638403e-04
2.319999999999999840e+00        1.421698969340828178e+00        6.887325615490108013e-04
2.330000000000000071e+00        1.418762205302660950e+00        -5.099999800000000081e-04
2.339999999999999858e+00        1.418190000000000062e+00        -1.200000000000000030e-04
2.350000000000000089e+00        1.417767869483235632e+00        -5.940435236751731487e-04
2.359999999999999876e+00        1.417658807001767052e+00        -5.111930070398846898e-04
2.370000000000000107e+00        1.416911032688223493e+00        -4.004686784869138029e-04
2.379999999999999893e+00        1.416408069559672134e+00        -1.600000000000000131e-04
2.390000000000000124e+00        1.415725048072647319e+00        3.719935852976683378e-04
2.399999999999999911e+00        1.413110000958559986e+00        2.839998302399844143e-03
2.410000000000000142e+00        1.419682181282048372e+00        -4.555848063028655330e-05
2.419999999999999929e+00        1.416286250622150078e+00        5.633115341046804466e-04
2.430000000000000160e+00        1.418321221979791380e+00        7.441309103971460899e-04
2.439999999999999947e+00        1.417841965083917577e+00        4.936069710768055049e-04
2.450000000000000178e+00        1.416834801887526751e+00        7.138654393187647941e-05
2.459999999999999964e+00        1.414896337399999870e+00        8.246500640651925965e-03
2.470000000000000195e+00        1.418688299924207419e+00        -2.599999999999999772e-04
2.479999999999999982e+00        1.417740000000000000e+00        -1.100000000000000039e-04
2.490000000000000213e+00        1.417383212959999916e+00        -5.507222435741543527e-05
2.500000000000000000e+00        1.417210000000000081e+00        1.690000100000000022e-04
2.509999999999999787e+00        1.416906880766400034e+00        8.144113260002214391e-05
2.520000000000000018e+00        1.416949999999999932e+00        8.309999800000000044e-04
2.529999999999999805e+00        1.416931544890855932e+00        2.390730585761808994e-04
2.540000000000000036e+00        1.416590000000000016e+00        4.248188492125447779e-04
2.549999999999999822e+00        1.416848428012242866e+00        2.100000000000000087e-04
2.560000000000000053e+00        1.416692501346609401e+00        5.955040348252011768e-05
2.569999999999999840e+00        1.416415058559999940e+00        1.482295114707001232e-04
2.580000000000000071e+00        1.416148449680000088e+00        1.986201195503177713e-04
2.589999999999999858e+00        1.416449806940000000e+00        1.582123661930741505e-04
2.600000000000000089e+00        1.416179999999999994e+00        1.340000000000000045e-04
2.609999999999999876e+00        1.416010885382878337e+00        2.011509895125108396e-04
2.620000000000000107e+00        1.415829389038503194e+00        8.602991726935019657e-05
2.629999999999999893e+00        1.415528141206389146e+00        3.390115552754621774e-05
2.640000000000000124e+00        1.415074000124799891e+00        9.658782119396336330e-05
2.649999999999999911e+00        1.415139241079186094e+00        7.823035860488606252e-04
2.660000000000000142e+00        1.415599899999999911e+00        8.478285588201627660e-05
2.669999999999999929e+00        1.415055920692187996e+00        5.235633868739045498e-05
2.680000000000000160e+00        1.415010000000000101e+00        1.658496384768366717e-04
2.689999999999999947e+00        1.414903543539452357e+00        1.690822430487685349e-04
2.700000000000000178e+00        1.414725231082212487e+00        2.865548737635158130e-04
2.709999999999999964e+00        1.415115535300000005e+00        -2.152392081548452115e-05
2.720000000000000195e+00        1.414573531005266949e+00        -1.170620105337131009e-04
2.729999999999999982e+00        1.414380183160000026e+00        -6.010989405495201004e-05
2.740000000000000213e+00        1.414176504444674354e+00        1.747566687593264320e-04
2.750000000000000000e+00        1.414320000000000022e+00        -9.655338344702324021e-06
2.759999999999999787e+00        1.414139420319999951e+00        -1.600000000000000131e-04
2.770000000000000018e+00        1.413905415299999913e+00        -1.454153054153107204e-04
2.779999999999999805e+00        1.413756092935199993e+00        -1.700000000000000122e-04
2.790000000000000036e+00        1.413650000000000073e+00        -2.185296608714291358e-04
2.799999999999999822e+00        1.413329999999999975e+00        -2.599999999999999772e-04
2.810000000000000053e+00        1.413071841744603097e+00        -2.759411683515581508e-04
2.819999999999999840e+00        1.412844964680000093e+00        -1.049646784894296990e-04
2.830000000000000071e+00        1.412760000000000016e+00        -1.399999999999999877e-04
2.839999999999999858e+00        1.412579999999999947e+00        -1.736618399999909274e-04
2.850000000000000089e+00        1.412318595857888992e+00        -2.014041335152212025e-04
2.859999999999999876e+00        1.412060000000000093e+00        -2.048252013325425479e-04
2.870000000000000107e+00        1.411759999999999904e+00        -1.700000000000000122e-04
2.879999999999999893e+00        1.411491111723829794e+00        -1.399999999999999877e-04
2.890000000000000124e+00        1.411259238331187493e+00        -9.863758987053314683e-06
2.899999999999999911e+00        1.410993795137458706e+00        -3.637951512538741266e-05
2.910000000000000142e+00        1.410811309598692276e+00        -7.959567067807712048e-06
2.919999999999999929e+00        1.410572873268426175e+00        -4.198871267630895678e-05
2.930000000000000160e+00        1.410241605044799895e+00        3.870750250715214138e-05
2.939999999999999947e+00        1.409918031319423726e+00        9.315208478334734532e-07
2.950000000000000178e+00        1.409659999999999913e+00        1.112203999999846957e-04
2.959999999999999964e+00        1.409279900000000030e+00        3.367679699849834168e-04
2.970000000000000195e+00        1.409340168359999979e+00        -1.097811319326720607e-04
2.979999999999999982e+00        1.408810465328380168e+00        -2.752326646554220462e-04
2.990000000000000213e+00        1.408318221848626761e+00        -3.400000000000000244e-04
3.000000000000000000e+00        1.408020000000000049e+00        -3.998959406468980798e-05
3.009999999999999787e+00        1.407492958415118567e+00        -2.970415919230057320e-04
3.020000000000000018e+00        1.406945830979313694e+00        -3.858309834826876335e-04
3.029999999999999805e+00        1.406353010080646282e+00        -4.165050438181425391e-04
3.040000000000000036e+00        1.405677371333275083e+00        -3.436856629518495994e-04
3.049999999999999822e+00        1.404868847183251557e+00        -2.900000000000000017e-04
3.060000000000000053e+00        1.402702157279999806e+00        5.575876472284875063e-04
3.069999999999999840e+00        1.406931218201770806e+00        2.974528846940154448e-03
3.080000000000000071e+00        1.405512983835701890e+00        -3.300000100000000124e-04
3.089999999999999858e+00        1.404206896980277230e+00        -4.877010119762853046e-04
3.100000000000000089e+00        1.403130416148000048e+00        -3.800000099999999810e-04
3.109999999999999876e+00        1.402409999999999934e+00        -2.399999899999999918e-04
3.120000000000000107e+00        1.401629295303999934e+00        -3.264104028207980533e-04
3.129999999999999893e+00        1.400688762291000033e+00        -4.400000000000000157e-04
3.140000000000000124e+00        1.399650000000000061e+00        -3.000000099999999880e-04
3.149999999999999911e+00        1.398540459911628897e+00        -3.999999900000000049e-04
3.160000000000000142e+00        1.397345690725906531e+00        -1.778453629531935305e-04
3.169999999999999929e+00        1.396177405986647635e+00        -1.500000100000000011e-04
3.180000000000000160e+00        1.394798175625839187e+00        -7.799999699999999702e-05
3.189999999999999947e+00        1.393339249201336782e+00        -4.094354795386887457e-05
3.200000000000000178e+00        1.391520000000000090e+00        -7.699999699999999982e-05
3.209999999999999964e+00        1.389289382236653214e+00        8.632356725575412190e-05
3.220000000000000195e+00        1.386396490463791320e+00        8.687046503687311828e-04
3.229999999999999982e+00        1.384638761679999996e+00        3.044953355233579080e-03
3.240000000000000213e+00        1.383494958603017855e+00        2.871983431289890781e-03
3.250000000000000000e+00        1.379597693999999874e+00        2.609229976920026881e-03
3.259999999999999787e+00        1.376932702162815714e+00        4.951531849115656594e-03
3.270000000000000018e+00        1.373691539530599970e+00        5.554005451989419730e-03
3.279999999999999805e+00        1.371564143759687937e+00        5.856095759312712930e-03
3.290000000000000036e+00        1.365872300641283621e+00        3.182733462173427657e-03
3.299999999999999822e+00        1.356248547910045232e+00        2.390000000000000197e-03
3.310000000000000053e+00        1.344392450440000442e+00        3.757401914019413598e-03
3.319999999999999840e+00        1.329031209920000567e+00        4.364819547707229214e-03
3.330000000000000071e+00        1.303850511200000062e+00        5.869399363003205590e-03
3.339999999999999858e+00        1.259321442240001421e+00        1.012041855999982684e-02
3.350000000000000089e+00        1.151763202500002414e+00        2.084835162684973639e-02
3.359999999999999876e+00        6.274433048838237159e-01        6.044341435352915681e-01
3.370000000000000107e+00        1.936991141292141227e+00        7.171082390343962165e-02
3.379999999999999893e+00        1.555709780418164989e+00        1.491100984581600862e-02
3.390000000000000124e+00        1.439870966744996261e+00        2.902370500000118689e-02
3.399999999999999911e+00        1.520140537199992536e+00        2.096082827764067791e-01
3.410000000000000142e+00        1.528152541791854890e+00        7.444391702443328707e-02
3.419999999999999929e+00        1.498923425664800524e+00        4.776181412609604299e-02
3.430000000000000160e+00        1.487632960462409892e+00        4.842480490643036317e-02
3.439999999999999947e+00        1.486226745600000232e+00        3.896720996372804446e-02
3.450000000000000178e+00        1.480118204354486933e+00        1.589736860968735468e-02
3.459999999999999964e+00        1.429695331400002489e+00        6.213294173411858072e-03
3.470000000000000195e+00        1.139815228659956770e+00        1.649047081992101871e-01
3.479999999999999982e+00        1.581649199930635241e+00        3.911050672139901145e-03
3.490000000000000213e+00        1.511291844420356467e+00        -7.923952235201635243e-04
3.500000000000000000e+00        1.490462860999999917e+00        2.955712971429990798e-03
3.509999999999999787e+00        1.482892136900000102e+00        3.800712398575413487e-03
3.520000000000000018e+00        1.475664547200000065e+00        4.039090605452804600e-03
3.529999999999999805e+00        1.471408357839999903e+00        4.920000199999999962e-03
3.540000000000000036e+00        1.470035310000000095e+00        5.890566029380001761e-03
3.549999999999999822e+00        1.466545725894000007e+00        3.374364599999987117e-03
3.560000000000000053e+00        1.465309326559999903e+00        -2.811235300000048060e-04
3.569999999999999840e+00        1.460136248380000001e+00        -2.820451560225899494e-04
3.580000000000000071e+00        1.456723267321156090e+00        -1.351929486463160585e-04
3.589999999999999858e+00        1.454050357988525777e+00        -2.684691503700691192e-04
3.600000000000000089e+00        1.451523330424972391e+00        -3.988883952736708570e-04
3.609999999999999876e+00        1.449174931800000010e+00        -4.141553058447031144e-04
3.620000000000000107e+00        1.447274651517568955e+00        -4.177525223826162839e-05
3.629999999999999893e+00        1.445446370930999924e+00        5.589890899999795258e-05
3.640000000000000124e+00        1.443141110586525278e+00        2.128747049204931681e-05
3.649999999999999911e+00        1.437621192553036664e+00        2.648104070774977108e-03
3.660000000000000142e+00        1.467581747232868272e+00        2.349503465134943764e-02
3.669999999999999929e+00        1.449216412948026056e+00        -1.999999899999999953e-04
3.680000000000000160e+00        1.445697420195986016e+00        -2.595700330942945946e-04
3.689999999999999947e+00        1.444025420400000037e+00        -2.599999999999999772e-04
3.700000000000000178e+00        1.442685398658789309e+00        -2.699999899999999892e-04
3.709999999999999964e+00        1.441472672027602320e+00        -2.591063461771744326e-04
3.720000000000000195e+00        1.440475806720000085e+00        -8.455910327955266318e-05
3.729999999999999982e+00        1.439516514959999993e+00        1.103940160000001263e-04
3.740000000000000213e+00        1.438639839503745854e+00        5.424654289765388658e-04
3.750000000000000000e+00        1.437849990494497243e+00        5.410085616128246537e-04
3.759999999999999787e+00        1.436857452339529218e+00        1.476401156962076164e-03
3.770000000000000018e+00        1.436721987764989494e+00        2.370030627587733051e-03
3.779999999999999805e+00        1.437938728002859046e+00        4.499999799999999592e-03
3.790000000000000036e+00        1.440784481727789057e+00        2.117324690215273680e-03
3.799999999999999822e+00        1.439164728049447728e+00        8.375824083049871155e-05
3.810000000000000053e+00        1.437910714244147403e+00        -1.664072278579421848e-04
3.819999999999999840e+00        1.437070157603600018e+00        -2.299476499476492343e-04
3.830000000000000071e+00        1.436406605960000027e+00        -2.383029733940366214e-04
3.839999999999999858e+00        1.435866750214400023e+00        -2.216665616665538716e-04
3.850000000000000089e+00        1.435330268143822696e+00        -1.800000000000000113e-04
3.859999999999999876e+00        1.434877351547285684e+00        -1.136757736428208520e-04
3.870000000000000107e+00        1.434469056144799914e+00        5.197318899335829331e-06
3.879999999999999893e+00        1.434185982559047501e+00        8.449040627963433749e-05
3.890000000000000124e+00        1.433864105744254269e+00        1.554173193480839533e-05
3.899999999999999911e+00        1.433225128399999937e+00        1.403330799999866153e-04
3.910000000000000142e+00        1.432323170728577288e+00        1.646991865484428259e-03
3.919999999999999929e+00        1.434267143360000052e+00        -9.877542140819462379e-05
3.930000000000000160e+00        1.433386461822570679e+00        -1.235381774293870959e-04
3.939999999999999947e+00        1.432973517945200115e+00        -2.100000000000000087e-04
3.950000000000000178e+00        1.432590000000000030e+00        -2.077252406517172978e-04
3.959999999999999964e+00        1.432239999999999958e+00        -1.999999899999999953e-04
3.970000000000000195e+00        1.431909215005799929e+00        -1.845845845845670670e-04
3.979999999999999982e+00        1.431668156309844342e+00        -1.299999999999999886e-04
3.990000000000000213e+00        1.431353285026382149e+00        -1.894203165862720623e-05
4.000000000000000000e+00        1.431259999999999977e+00        -4.600000000000000004e-06
4.009999999999999787e+00        1.431038278555208709e+00        -1.806573374967090009e-05
4.019999999999999574e+00        1.430900000000000061e+00        7.314373621922966458e-05
4.030000000000000249e+00        1.430649483689462764e+00        1.002149465826290386e-04
4.040000000000000036e+00        1.430577622427309681e+00        1.313286017664771436e-04
4.049999999999999822e+00        1.430360000000000076e+00        4.322839232607167135e-06
4.059999999999999609e+00        1.430120000000000058e+00        -1.727973947080517528e-06
4.070000000000000284e+00        1.429829875911399872e+00        1.061105739999937276e-05
4.080000000000000071e+00        1.429610000000000047e+00        1.716665440000116017e-04
4.089999999999999858e+00        1.429599388800000037e+00        1.582665600000067398e-04
4.099999999999999645e+00        1.429450000000000109e+00        1.758537112196160632e-04
4.110000000000000320e+00        1.429305498580000000e+00        1.824501419999994222e-04
4.120000000000000107e+00        1.429119138892800178e+00        1.623883207766356322e-04
4.129999999999999893e+00        1.428949999999999942e+00        1.656218077453620440e-04
4.139999999999999680e+00        1.428812949083330786e+00        1.543458279512840980e-04
4.150000000000000355e+00        1.428670000000000107e+00        1.103466610960322639e-04
4.160000000000000142e+00        1.428467692159999913e+00        6.288462558470269575e-05
4.169999999999999929e+00        1.428278153880000012e+00        3.029080258462414280e-05
4.179999999999999716e+00        1.427950000000000053e+00        -1.693993657968231048e-05
4.190000000000000391e+00        1.427621803468114958e+00        1.284293948840161176e-05
4.200000000000000178e+00        1.427142857599999815e+00        -7.728575866655815424e-05
4.209999999999999964e+00        1.426434544719747954e+00        6.369146070423269493e-05
4.219999999999999751e+00        1.425260455297981066e+00        4.011132660517344422e-04
4.230000000000000426e+00        1.424029996541199994e+00        2.273520993802442044e-03
4.240000000000000213e+00        1.417897481554782013e+00        1.063268170049224380e-02
4.250000000000000000e+00        1.431094150410000099e+00        1.955295070590011390e-03
4.259999999999999787e+00        1.428384480961169878e+00        2.185518947791940426e-03
4.269999999999999574e+00        1.428467962120000045e+00        3.887867519999984624e-03
4.280000000000000249e+00        1.431881616836885751e+00        4.821624413353495578e-03
4.290000000000000036e+00        1.431921380994399806e+00        -5.732908162852397413e-05
4.299999999999999822e+00        1.429916263098622409e+00        -4.590657827871138662e-04
4.309999999999999609e+00        1.429148561599999923e+00        -3.699999899999999804e-04
4.320000000000000284e+00        1.428630740800000076e+00        -3.000000099999999880e-04
4.330000000000000071e+00        1.428296885723143284e+00        -1.900000099999999976e-04
4.339999999999999858e+00        1.428137373440000024e+00        -4.641452826263932721e-05
4.349999999999999645e+00        1.427889900000000045e+00        -7.699999699999999982e-05
4.360000000000000320e+00        1.427647779499057856e+00        -7.688952431630497440e-05
4.370009999999999728e+00        1.427429999999999977e+00        9.459999999999999551e-05
4.380010000000000403e+00        1.427275009081934387e+00        2.930111257452785870e-04
4.390010000000000190e+00        1.427300000000000013e+00        3.530085592411811202e-04
4.400009999999999977e+00        1.427279900000000046e+00        3.379347211884457347e-04
4.410009999999999764e+00        1.427108408650285210e+00        4.908907078056167547e-04
4.420010000000000439e+00        1.427608080768101750e+00        4.756465506067896333e-04
4.430010000000000225e+00        1.427259999999999973e+00        1.433434139524477012e-05
4.440010000000000012e+00        1.427000000000000046e+00        3.510056866981871282e-05
4.450009999999999799e+00        1.426849291108350792e+00        6.409464877835697875e-05
4.460009999999999586e+00        1.426692627870620012e+00        9.619506792457562839e-05
4.470010000000000261e+00        1.426619999999999999e+00        1.242305520980035668e-04
4.480010000000000048e+00        1.426483718913695187e+00        7.750378817881392916e-05
4.490009999999999835e+00        1.426268326721279900e+00        9.586693247948833909e-05
4.500009999999999621e+00        1.426012602751357994e+00        2.430488284073694435e-04
4.510010000000000296e+00        1.425904501665665958e+00        6.582475015011202959e-04
4.520010000000000083e+00        1.426372305372209048e+00        1.110000000000000092e-03
4.530009999999999870e+00        1.426809999999999912e+00        7.015616955053554163e-04
4.540009999999999657e+00        1.426781912105321570e+00        2.978242106432813278e-04
4.550010000000000332e+00        1.426449868319889847e+00        1.591053442197249508e-04
4.560010000000000119e+00        1.426308793615085113e+00        4.588287358728849173e-05
4.570009999999999906e+00        1.426099999999999923e+00        9.212098135223050854e-05
4.580009999999999692e+00        1.425970144497195280e+00        7.523858769200182086e-05
4.590010000000000367e+00        1.425902220817367727e+00        1.351104086838849369e-04
4.600010000000000154e+00        1.425825416107940002e+00        1.998744971459873317e-04
4.610009999999999941e+00        1.425870634433377360e+00        3.135615323120217340e-04
4.620009999999999728e+00        1.425810000000000022e+00        1.749999900000000111e-04
4.630010000000000403e+00        1.425781216266184037e+00        1.079316070324077458e-04
4.640010000000000190e+00        1.425629999999999953e+00        8.612366355029641687e-05
4.650009999999999977e+00        1.425573350961085728e+00        1.266754871918769859e-04
4.660009999999999764e+00        1.425505907315659959e+00        3.610463521699989586e-05
4.670010000000000439e+00        1.425413844808975705e+00        1.053844808975788039e-04
4.680010000000000225e+00        1.425317377422244292e+00        4.451254296603504481e-05
4.690010000000000012e+00        1.425279580827480075e+00        1.611676785888252245e-05
4.700009999999999799e+00        1.425179999999999891e+00        2.811668229906094226e-05
4.710009999999999586e+00        1.425089999999999968e+00        9.554240972008015380e-06
4.720010000000000261e+00        1.425003950189369428e+00        -5.161743391819486357e-05
4.730010000000000048e+00        1.424870000000000081e+00        -3.003286378782254277e-05
4.740009999999999835e+00        1.424785007265692238e+00        -6.449491401393967177e-05
4.750009999999999621e+00        1.424700000000000077e+00        -3.129927331839954237e-05
4.760010000000000296e+00        1.424558221691749615e+00        6.099645245031793089e-06
4.770010000000000083e+00        1.424501586724141067e+00        2.272582413558813240e-05
4.780009999999999870e+00        1.424449999999999994e+00        3.405216088166490194e-05
4.790009999999999657e+00        1.424360000000000070e+00        6.213912914711106484e-05
4.800010000000000332e+00        1.424306453099295933e+00        1.470297311967033011e-04
4.810019999999999740e+00        1.424429671757480032e+00        9.722382327751589006e-05
4.820020000000000415e+00        1.424345993362978291e+00        3.840530981939212869e-05
4.830020000000000202e+00        1.424299999999999899e+00        -3.205731404852426832e-05
4.840019999999999989e+00        1.424180000000000001e+00        -5.478491008029788849e-05
4.850019999999999776e+00        1.424067641443159893e+00        -7.946216421172274389e-05
4.860019999999999563e+00        1.423950690593088986e+00        -1.500000100000000011e-04
4.870020000000000238e+00        1.423766962383615331e+00        -1.489874701926052032e-04
4.880020000000000024e+00        1.423688582564909044e+00        -1.299999999999999886e-04
4.890019999999999811e+00        1.423528141276799941e+00        -1.481412858706576750e-04
4.900019999999999598e+00        1.423410099999999900e+00        -7.000000199999999943e-05
4.910020000000000273e+00        1.423232627695685704e+00        -4.477378465152859275e-05
4.920020000000000060e+00        1.423040000000000083e+00        -2.197688681382170321e-06
4.930019999999999847e+00        1.422809461576991064e+00        4.479981901269404525e-05
4.940019999999999634e+00        1.422402496094856028e+00        9.621622441753540571e-05
4.950020000000000309e+00        1.421389482768395940e+00        1.013377884400046671e-03
4.960020000000000095e+00        1.422969358935059159e+00        2.974181475412527274e-03
4.970019999999999882e+00        1.424130697367840037e+00        1.909302599988937964e-03
4.980019999999999669e+00        1.423844813253760000e+00        7.777676409120137368e-04
4.990020000000000344e+00        1.422499989580240154e+00        3.329989580232000355e-04
