# wav(mic), n, k
2.999999999999999889e-01        1.420400000000000107e+00        1.494119900000000042e-12
3.099999999999999978e-01        1.420400000000000107e+00        1.494119900000000042e-12
3.200000000000000067e-01        1.420400000000000107e+00        1.494119900000000042e-12
3.300000000000000155e-01        1.420400000000000107e+00        1.494119900000000042e-12
3.400000000000000244e-01        1.420400000000000107e+00        1.494119900000000042e-12
3.499999999999999778e-01        1.420400000000000107e+00        1.494119900000000042e-12
3.599999999999999867e-01        1.420400000000000107e+00        1.494119900000000042e-12
3.699999999999999956e-01        1.420400000000000107e+00        1.494119900000000042e-12
3.800000000000000044e-01        1.420400000000000107e+00        1.494119900000000042e-12
3.900000000000000133e-01        1.420400000000000107e+00        1.494119900000000042e-12
4.000000000000000222e-01        1.420400000000000107e+00        1.494119900000000042e-12
4.099999999999999756e-01        1.420400000000000107e+00        1.494119900000000042e-12
4.199999999999999845e-01        1.420400000000000107e+00        1.494119900000000042e-12
4.299999999999999933e-01        1.420400000000000107e+00        1.494119900000000042e-12
4.400000000000000022e-01        1.420400000000000107e+00        1.494119900000000042e-12
4.500000000000000111e-01        1.420400000000000107e+00        1.494119900000000042e-12
4.600000000000000200e-01        1.420400000000000107e+00        1.494119900000000042e-12
4.699999999999999734e-01        1.420400000000000107e+00        1.494119900000000042e-12
4.799999999999999822e-01        1.420400000000000107e+00        1.494119900000000042e-12
4.899999999999999911e-01        1.420400000000000107e+00        1.494119900000000042e-12
5.000000000000000000e-01        1.420400000000000107e+00        1.494119900000000042e-12
5.100000000000000089e-01        1.420400000000000107e+00        1.494119900000000042e-12
5.200000000000000178e-01        1.420400000000000107e+00        1.494119900000000042e-12
5.300000000000000266e-01        1.420400000000000107e+00        1.494119900000000042e-12
5.400000000000000355e-01        1.420400000000000107e+00        1.494119900000000042e-12
5.500000000000000444e-01        1.420400000000000107e+00        1.494119900000000042e-12
5.600000000000000533e-01        1.420400000000000107e+00        1.494119900000000042e-12
5.699999999999999512e-01        1.420400000000000107e+00        1.494119900000000042e-12
5.799999999999999600e-01        1.420400000000000107e+00        1.494119900000000042e-12
5.899999999999999689e-01        1.420400000000000107e+00        1.494119900000000042e-12
5.999999999999999778e-01        1.420400000000000107e+00        1.494119900000000042e-12
6.099999999999999867e-01        1.420400000000000107e+00        1.494119900000000042e-12
6.199999999999999956e-01        1.420400000000000107e+00        1.494119900000000042e-12
6.300000000000000044e-01        1.420400000000000107e+00        1.494119900000000042e-12
6.400000000000000133e-01        1.420400000000000107e+00        1.494119900000000042e-12
6.500000000000000222e-01        1.420400000000000107e+00        1.494119900000000042e-12
6.600000000000000311e-01        1.420400000000000107e+00        1.494119900000000042e-12
6.700000000000000400e-01        1.420400000000000107e+00        1.494119900000000042e-12
6.800000000000000488e-01        1.420400000000000107e+00        1.494119900000000042e-12
6.899999999999999467e-01        1.420400000000000107e+00        1.494119900000000042e-12
6.999999999999999556e-01        1.420400000000000107e+00        1.494119900000000042e-12
7.099999999999999645e-01        1.420400000000000107e+00        1.494119900000000042e-12
7.199999999999999734e-01        1.420400000000000107e+00        1.494119900000000042e-12
7.299999999999999822e-01        1.420400000000000107e+00        1.494119900000000042e-12
7.399999999999999911e-01        1.420400000000000107e+00        1.494119900000000042e-12
7.500000000000000000e-01        1.420400000000000107e+00        1.494119900000000042e-12
7.600000000000000089e-01        1.420400000000000107e+00        1.494119900000000042e-12
7.700000000000000178e-01        1.420400000000000107e+00        1.494119900000000042e-12
7.800000000000000266e-01        1.420400000000000107e+00        1.494119900000000042e-12
7.900000000000000355e-01        1.420400000000000107e+00        1.494119900000000042e-12
8.000000000000000444e-01        1.420400000000000107e+00        1.494119900000000042e-12
8.100000000000000533e-01        1.420400000000000107e+00        1.494119900000000042e-12
8.199999999999999512e-01        1.420400000000000107e+00        1.494119900000000042e-12
8.299999999999999600e-01        1.420400000000000107e+00        1.494119900000000042e-12
8.399999999999999689e-01        1.420400000000000107e+00        1.494119900000000042e-12
8.499999999999999778e-01        1.420400000000000107e+00        1.494119900000000042e-12
8.599999999999999867e-01        1.420400000000000107e+00        1.494119900000000042e-12
8.699999999999999956e-01        1.420400000000000107e+00        1.494119900000000042e-12
8.800000000000000044e-01        1.420400000000000107e+00        1.494119900000000042e-12
8.900000000000000133e-01        1.420400000000000107e+00        1.494119900000000042e-12
9.000000000000000222e-01        1.420400000000000107e+00        1.494119900000000042e-12
9.100000000000000311e-01        1.420400000000000107e+00        1.494119900000000042e-12
9.200000000000000400e-01        1.420400000000000107e+00        1.494119900000000042e-12
9.300000000000000488e-01        1.420400000000000107e+00        1.494119900000000042e-12
9.399999999999999467e-01        1.420400000000000107e+00        1.494119900000000042e-12
9.499999999999999556e-01        1.420400000000000107e+00        1.494119900000000042e-12
9.599999999999999645e-01        1.420400000000000107e+00        1.494119900000000042e-12
9.699999999999999734e-01        1.420400000000000107e+00        1.494119900000000042e-12
9.799999999999999822e-01        1.420400000000000107e+00        1.494119900000000042e-12
9.899999999999999911e-01        1.420400000000000107e+00        1.494119900000000042e-12
1.000000000000000000e+00        1.420400000000000107e+00        1.494119900000000042e-12
1.010000000000000009e+00        1.420400000000000107e+00        1.494119900000000042e-12
1.020000000000000018e+00        1.420400000000000107e+00        1.494119900000000042e-12
1.030000000000000027e+00        1.420400000000000107e+00        1.494119900000000042e-12
1.040000000000000036e+00        1.420400000000000107e+00        1.494119900000000042e-12
1.050000000000000044e+00        1.420400000000000107e+00        1.494119900000000042e-12
1.060000000000000053e+00        1.420400000000000107e+00        1.494119900000000042e-12
1.070000000000000062e+00        1.420400000000000107e+00        1.494119900000000042e-12
1.080000000000000071e+00        1.420400000000000107e+00        1.494119900000000042e-12
1.090000000000000080e+00        1.420400000000000107e+00        1.494119900000000042e-12
1.100000000000000089e+00        1.420400000000000107e+00        1.494119900000000042e-12
1.110000000000000098e+00        1.420400000000000107e+00        1.494119900000000042e-12
1.120000000000000107e+00        1.420400000000000107e+00        1.494119900000000042e-12
1.129999999999999893e+00        1.420400000000000107e+00        1.494119900000000042e-12
1.139999999999999902e+00        1.420400000000000107e+00        1.494119900000000042e-12
1.149999999999999911e+00        1.420400000000000107e+00        1.494119900000000042e-12
1.159999999999999920e+00        1.420400000000000107e+00        1.494119900000000042e-12
1.169999999999999929e+00        1.420400000000000107e+00        1.494119900000000042e-12
1.179999999999999938e+00        1.420400000000000107e+00        1.494119900000000042e-12
1.189999999999999947e+00        1.420400000000000107e+00        1.494119900000000042e-12
1.199999999999999956e+00        1.420400000000000107e+00        1.494119900000000042e-12
1.209999999999999964e+00        1.420400000000000107e+00        1.494119900000000042e-12
1.219999999999999973e+00        1.420400000000000107e+00        1.494119900000000042e-12
1.229999999999999982e+00        1.420400000000000107e+00        1.494119900000000042e-12
1.239999999999999991e+00        1.420400000000000107e+00        1.494119900000000042e-12
1.250000000000000000e+00        1.420400000000000107e+00        1.494119900000000042e-12
1.260000000000000009e+00        1.420400000000000107e+00        1.494119900000000042e-12
1.270000000000000018e+00        1.420400000000000107e+00        1.494119900000000042e-12
1.280000000000000027e+00        1.420400000000000107e+00        1.494119900000000042e-12
1.290000000000000036e+00        1.420400000000000107e+00        1.494119900000000042e-12
1.300000000000000044e+00        1.420400000000000107e+00        1.494119900000000042e-12
1.310000000000000053e+00        1.420400000000000107e+00        1.494119900000000042e-12
1.320000000000000062e+00        1.420400000000000107e+00        1.494119900000000042e-12
1.330000000000000071e+00        1.420400000000000107e+00        1.494119900000000042e-12
1.340000000000000080e+00        1.420400000000000107e+00        1.494119900000000042e-12
1.350000000000000089e+00        1.420400000000000107e+00        1.494119900000000042e-12
1.360000000000000098e+00        1.420400000000000107e+00        1.494119900000000042e-12
1.370000000000000107e+00        1.420400000000000107e+00        1.494119900000000042e-12
1.379999999999999893e+00        1.420400000000000107e+00        1.494119900000000042e-12
1.389999999999999902e+00        1.420400000000000107e+00        1.494119900000000042e-12
1.399999999999999911e+00        1.420400000000000107e+00        1.494119900000000042e-12
1.409999999999999920e+00        1.420400000000000107e+00        1.494119900000000042e-12
1.419999999999999929e+00        1.420400000000000107e+00        1.494119900000000042e-12
1.429999999999999938e+00        1.420400000000000107e+00        1.494119900000000042e-12
1.439999999999999947e+00        1.420400000000000107e+00        1.494119900000000042e-12
1.449999999999999956e+00        1.420400000000000107e+00        1.494119900000000042e-12
1.459999999999999964e+00        1.420400000000000107e+00        1.494119900000000042e-12
1.469999999999999973e+00        1.420400000000000107e+00        1.494119900000000042e-12
1.479999999999999982e+00        1.420400000000000107e+00        1.494119900000000042e-12
1.489999999999999991e+00        1.420400000000000107e+00        1.494119900000000042e-12
1.500000000000000000e+00        1.420400000000000107e+00        1.494119900000000042e-12
1.510000000000000009e+00        1.420400000000000107e+00        1.494119900000000042e-12
1.520000000000000018e+00        1.420400000000000107e+00        1.494119900000000042e-12
1.530000000000000027e+00        1.420400000000000107e+00        1.494119900000000042e-12
1.540000000000000036e+00        1.420400000000000107e+00        1.494119900000000042e-12
1.550000000000000044e+00        1.420400000000000107e+00        1.494119900000000042e-12
1.560000000000000053e+00        1.420400000000000107e+00        1.494119900000000042e-12
1.570000000000000062e+00        1.420400000000000107e+00        1.494119900000000042e-12
1.580000000000000071e+00        1.420400000000000107e+00        1.494119900000000042e-12
1.590000000000000080e+00        1.420400000000000107e+00        1.494119900000000042e-12
1.600000000000000089e+00        1.420400000000000107e+00        1.494119900000000042e-12
1.610000000000000098e+00        1.420400000000000107e+00        1.494119900000000042e-12
1.620000000000000107e+00        1.420400000000000107e+00        1.494119900000000042e-12
1.629999999999999893e+00        1.420400000000000107e+00        1.494119900000000042e-12
1.639999999999999902e+00        1.420400000000000107e+00        1.494119900000000042e-12
1.649999999999999911e+00        1.420400000000000107e+00        1.494119900000000042e-12
1.659999999999999920e+00        1.420400000000000107e+00        1.494119900000000042e-12
1.669999999999999929e+00        1.420400000000000107e+00        1.494119900000000042e-12
1.679999999999999938e+00        1.420400000000000107e+00        1.494119900000000042e-12
1.689999999999999947e+00        1.420400000000000107e+00        1.494119900000000042e-12
1.699999999999999956e+00        1.420400000000000107e+00        1.494119900000000042e-12
1.709999999999999964e+00        1.420400000000000107e+00        1.494119900000000042e-12
1.719999999999999973e+00        1.420400000000000107e+00        1.494119900000000042e-12
1.729999999999999982e+00        1.420400000000000107e+00        1.494119900000000042e-12
1.739999999999999991e+00        1.420400000000000107e+00        1.494119900000000042e-12
1.750000000000000000e+00        1.420400000000000107e+00        1.494119900000000042e-12
1.760000000000000009e+00        1.420400000000000107e+00        1.494119900000000042e-12
1.770000000000000018e+00        1.420400000000000107e+00        1.494119900000000042e-12
1.780000000000000027e+00        1.420400000000000107e+00        1.494119900000000042e-12
1.790000000000000036e+00        1.420400000000000107e+00        1.494119900000000042e-12
1.800000000000000044e+00        1.420400000000000107e+00        1.494119900000000042e-12
1.810000000000000053e+00        1.420400000000000107e+00        1.494119900000000042e-12
1.820000000000000062e+00        1.420400000000000107e+00        1.494119900000000042e-12
1.830000000000000071e+00        1.420400000000000107e+00        1.494119900000000042e-12
1.840000000000000080e+00        1.420400000000000107e+00        1.494119900000000042e-12
1.850000000000000089e+00        1.420400000000000107e+00        1.494119900000000042e-12
1.860000000000000098e+00        1.420400000000000107e+00        1.494119900000000042e-12
1.870000000000000107e+00        1.420400000000000107e+00        1.494119900000000042e-12
1.879999999999999893e+00        1.420400000000000107e+00        1.494119900000000042e-12
1.889999999999999902e+00        1.420400000000000107e+00        1.494119900000000042e-12
1.899999999999999911e+00        1.420400000000000107e+00        1.494119900000000042e-12
1.909999999999999920e+00        1.420400000000000107e+00        1.494119900000000042e-12
1.919999999999999929e+00        1.420400000000000107e+00        1.494119900000000042e-12
1.929999999999999938e+00        1.420400000000000107e+00        1.494119900000000042e-12
1.939999999999999947e+00        1.420400000000000107e+00        1.494119900000000042e-12
1.949999999999999956e+00        1.420400000000000107e+00        1.494119900000000042e-12
1.959999999999999964e+00        1.420400000000000107e+00        1.494119900000000042e-12
1.969999999999999973e+00        1.420400000000000107e+00        1.494119900000000042e-12
1.979999999999999982e+00        1.420400000000000107e+00        1.494119900000000042e-12
1.989999999999999991e+00        1.420400000000000107e+00        1.494119900000000042e-12
2.000000000000000000e+00        1.420400000000000107e+00        1.494119900000000042e-12
2.009999999999999787e+00        1.420400000000000107e+00        1.494119900000000042e-12
2.020000000000000018e+00        1.420400000000000107e+00        1.494119900000000042e-12
2.029999999999999805e+00        1.420400000000000107e+00        1.494119900000000042e-12
2.040000000000000036e+00        1.420400000000000107e+00        1.494119900000000042e-12
2.049999999999999822e+00        1.420400000000000107e+00        1.494119900000000042e-12
2.060000000000000053e+00        1.420400000000000107e+00        1.494119900000000042e-12
2.069999999999999840e+00        1.420400000000000107e+00        1.494119900000000042e-12
2.080000000000000071e+00        1.420400000000000107e+00        1.494119900000000042e-12
2.089999999999999858e+00        1.420400000000000107e+00        1.494119900000000042e-12
2.100000000000000089e+00        1.420400000000000107e+00        1.494119900000000042e-12
2.109999999999999876e+00        1.420400000000000107e+00        1.494119900000000042e-12
2.120000000000000107e+00        1.420400000000000107e+00        1.494119900000000042e-12
2.129999999999999893e+00        1.420400000000000107e+00        1.494119900000000042e-12
2.140000000000000124e+00        1.420400000000000107e+00        1.494119900000000042e-12
2.149999999999999911e+00        1.420400000000000107e+00        1.494119900000000042e-12
2.160000000000000142e+00        1.420400000000000107e+00        1.494119900000000042e-12
2.169999999999999929e+00        1.420400000000000107e+00        1.494119900000000042e-12
2.180000000000000160e+00        1.420400000000000107e+00        1.494119900000000042e-12
2.189999999999999947e+00        1.420400000000000107e+00        1.494119900000000042e-12
2.200000000000000178e+00        1.420400000000000107e+00        1.494119900000000042e-12
2.209999999999999964e+00        1.420400000000000107e+00        1.494119900000000042e-12
2.220000000000000195e+00        1.420400000000000107e+00        1.494119900000000042e-12
2.229999999999999982e+00        1.417219999999999924e+00        5.074156297138431287e-04
2.240000000000000213e+00        1.417134282247018762e+00        4.922568161548756139e-04
2.250000000000000000e+00        1.416784450150299968e+00        6.507416173448645012e-04
2.259999999999999787e+00        1.416477803565536986e+00        1.081053484654731934e-03
2.270000000000000018e+00        1.416335686237712332e+00        2.668431231699510461e-03
2.279999999999999805e+00        1.419111670093026190e+00        1.972989648115202211e-03
2.290000000000000036e+00        1.417910620759670337e+00        1.170620665877933992e-03
2.299999999999999822e+00        1.418160000000000087e+00        1.251313087312719112e-03
2.310000000000000053e+00        1.415661513706363506e+00        1.538918783331325599e-03
2.319999999999999840e+00        1.420700000000000074e+00        1.506211676035230321e-03
2.330000000000000071e+00        1.418997717522118007e+00        5.692961694633001148e-04
2.339999999999999858e+00        1.418614786421344531e+00        6.621354068246691153e-04
2.350000000000000089e+00        1.418297869483235552e+00        2.814579288825630292e-04
2.359999999999999876e+00        1.418154347535892423e+00        2.991451251441264083e-04
2.370000000000000107e+00        1.417630937375099043e+00        4.792599687815414793e-04
2.379999999999999893e+00        1.417329999999999979e+00        7.331520595608801436e-04
2.390000000000000124e+00        1.416979999999999906e+00        1.164983925944473734e-03
2.399999999999999911e+00        1.415623333759360003e+00        2.779999041439906639e-03
2.410000000000000142e+00        1.419496649120877807e+00        1.030000000000000100e-03
2.419999999999999929e+00        1.417613125311075084e+00        1.375312033387420495e-03
2.430000000000000160e+00        1.419119999999999937e+00        1.341308890882551797e-03
2.439999999999999947e+00        1.418879999999999919e+00        9.332129268896743836e-04
2.450000000000000178e+00        1.418213273353464698e+00        6.083936172418663840e-04
2.459999999999999964e+00        1.417688532999999973e+00        6.243413099999971586e-03
2.470000000000000195e+00        1.419378199924207440e+00        2.192119833895806217e-04
2.479999999999999982e+00        1.418739999999999890e+00        3.203889450533224464e-04
2.490000000000000213e+00        1.418503145089599959e+00        1.870975002590359387e-04
2.500000000000000000e+00        1.418299999999999894e+00        2.646750099999999831e-04
2.509999999999999787e+00        1.418043219233600105e+00        1.996686803646391254e-04
2.520000000000000018e+00        1.418140100000000015e+00        7.200852272068988856e-04
2.529999999999999805e+00        1.418069999999999942e+00        3.045526192892453535e-04
2.540000000000000036e+00        1.417830393719999860e+00        3.498671958674338337e-04
2.549999999999999822e+00        1.417851571987757131e+00        2.279635294220702831e-04
2.560000000000000053e+00        1.417565002693218501e+00        2.422052897064212360e-04
2.569999999999999840e+00        1.417645058560000004e+00        2.478218758227509230e-04
2.580000000000000071e+00        1.417370000000000019e+00        3.266209948736687038e-04
2.589999999999999858e+00        1.417550193060000074e+00        2.111134987030585002e-04
2.600000000000000089e+00        1.417435461724000145e+00        1.529443776123992670e-04
2.609999999999999876e+00        1.417380885382878430e+00        2.320136068742812861e-04
2.620000000000000107e+00        1.417380610961496812e+00        4.933980682374590129e-04
2.629999999999999893e+00        1.417253658293253560e+00        6.172715768322564051e-04
2.640000000000000124e+00        1.417013878915200031e+00        2.500063365475023685e-04
2.649999999999999911e+00        1.416978482158371744e+00        5.529976257678778954e-04
2.660000000000000142e+00        1.417159859561252677e+00        1.967075872280692162e-04
2.669999999999999929e+00        1.417208495947761326e+00        6.873376743539641584e-04
2.680000000000000160e+00        1.416937167871743952e+00        1.556986976492629436e-04
2.689999999999999947e+00        1.416722785070391399e+00        5.093181293069638229e-04
2.700000000000000178e+00        1.416535182911325519e+00        2.413951981980057932e-04
2.709999999999999964e+00        1.416534464699999996e+00        4.799197121448536504e-04
2.720000000000000195e+00        1.416322344973665714e+00        6.269827423678378791e-04
2.729999999999999982e+00        1.416269999999999918e+00        3.753411044039969596e-04
2.740000000000000213e+00        1.416250000000000009e+00        7.539916338588667326e-04
2.750000000000000000e+00        1.416236353845470530e+00        4.551351461888751993e-04
2.759999999999999787e+00        1.416169420319999928e+00        4.524851795913539159e-04
2.770000000000000018e+00        1.416113708252999981e+00        5.569585982200102878e-04
2.779999999999999805e+00        1.415890000000000093e+00        4.180763296024511536e-04
2.790000000000000036e+00        1.415860099999999955e+00        4.372420836409100201e-04
2.799999999999999822e+00        1.415631432208072082e+00        5.206647804376971075e-04
2.810000000000000053e+00        1.415704058833530787e+00        5.657399394536081127e-04
2.819999999999999840e+00        1.415614964680000032e+00        4.807319385933695051e-04
2.830000000000000071e+00        1.415508526281044954e+00        5.128829824462837091e-04
2.839999999999999858e+00        1.415289999999999937e+00        4.026785038138275805e-04
2.850000000000000089e+00        1.415138595857889037e+00        4.507052836014168481e-04
2.859999999999999876e+00        1.415024825206507408e+00        5.345495298189741149e-04
2.870000000000000107e+00        1.414870000000000072e+00        5.415800623689117407e-04
2.879999999999999893e+00        1.414768888276170200e+00        5.648336351674512323e-04
2.890000000000000124e+00        1.414639900000000061e+00        5.832438205308188538e-04
2.899999999999999911e+00        1.414449999999999985e+00        5.628305246717987950e-04
2.910000000000000142e+00        1.414301309598692269e+00        4.980271624651091359e-04
2.919999999999999929e+00        1.414057126731573799e+00        6.123862412993284201e-04
2.930000000000000160e+00        1.413866913122399982e+00        5.773436927292001928e-04
2.939999999999999947e+00        1.413718031319423751e+00        6.413026072598761260e-04
2.950000000000000178e+00        1.413571510244999940e+00        6.853110957499742185e-04
2.959999999999999964e+00        1.413340000000000041e+00        8.926014133779929969e-04
2.970000000000000195e+00        1.413270000000000026e+00        6.990295294269098557e-04
2.979999999999999982e+00        1.412989999999999968e+00        6.882395956272220183e-04
2.990000000000000213e+00        1.412724081330968273e+00        7.020744008028486065e-04
3.000000000000000000e+00        1.412549999999999972e+00        8.764712762236350884e-04
3.009999999999999787e+00        1.412279999999999980e+00        8.035904806683008116e-04
3.020000000000000018e+00        1.411972915489656755e+00        7.857286349772288608e-04
3.029999999999999805e+00        1.411616505040323322e+00        8.292132154972744074e-04
3.040000000000000036e+00        1.411253685666637336e+00        8.392347149548228923e-04
3.049999999999999822e+00        1.410664423591625916e+00        8.471815220763612196e-04
3.060000000000000053e+00        1.409273377471200073e+00        1.397842720000005631e-03
3.069999999999999840e+00        1.411961247259335694e+00        3.238717169446823224e-03
3.080000000000000071e+00        1.411075322557134415e+00        9.678555471210520183e-04
3.089999999999999858e+00        1.410092298993425697e+00        9.603401744039678951e-04
3.100000000000000089e+00        1.409440641973999986e+00        1.219677400000004647e-03
3.109999999999999876e+00        1.409080000000000110e+00        1.481707577826027987e-03
3.120000000000000107e+00        1.408719999999999972e+00        1.569999999999999998e-03
3.129999999999999893e+00        1.408264409100000059e+00        1.585590899999999659e-03
3.140000000000000124e+00        1.407839999999999980e+00        1.755666820584843258e-03
3.149999999999999911e+00        1.407310307633196755e+00        1.629999999999999939e-03
3.160000000000000142e+00        1.406727923816582848e+00        1.660000000000000017e-03
3.169999999999999929e+00        1.406078702993323937e+00        1.590000000000000050e-03
3.180000000000000160e+00        1.405282700878207169e+00        1.582700878207088683e-03
3.189999999999999947e+00        1.404429623659817938e+00        1.509811829908952983e-03
3.200000000000000178e+00        1.403280000000000083e+00        1.440000000000000091e-03
3.209999999999999964e+00        1.401946483273428745e+00        1.490000100000000039e-03
3.220000000000000195e+00        1.400206986812483567e+00        1.701002719617446214e-03
3.229999999999999982e+00        1.398967523360000076e+00        2.742476564766389673e-03
3.240000000000000213e+00        1.398015950323621359e+00        2.549008369479245553e-03
3.250000000000000000e+00        1.395583078000000032e+00        2.515383938460021441e-03
3.259999999999999787e+00        1.393761227930816915e+00        3.615766003387556587e-03
3.270000000000000018e+00        1.391556392580000079e+00        3.934403083978811264e-03
3.279999999999999805e+00        1.389634143759687968e+00        4.199023850187577969e-03
3.290000000000000036e+00        1.385863883796482732e+00        2.905683368960201417e-03
3.299999999999999822e+00        1.379652468111335795e+00        2.619999899999999899e-03
3.310000000000000053e+00        1.371898431040000199e+00        4.032598059999985968e-03
3.319999999999999840e+00        1.361439883040000520e+00        5.175180452292770655e-03
3.330000000000000071e+00        1.345406607039999924e+00        7.828948484504810040e-03
3.339999999999999858e+00        1.317372099080001080e+00        1.338981971999981570e-02
3.350000000000000089e+00        1.250980190000001491e+00        2.933133199999958876e-02
3.359999999999999876e+00        9.838923646246408028e-01        3.365080113561239594e-01
3.370000000000000107e+00        1.757864768638832897e+00        6.984002288502279276e-02
3.379999999999999893e+00        1.518320951817627940e+00        8.134950381018411433e-03
3.390000000000000124e+00        1.447620581999997880e+00        1.438135050000064613e-02
3.399999999999999911e+00        1.478781737599995871e+00        1.055459012000027480e-01
3.410000000000000142e+00        1.484126906343891106e+00        3.703061318231313376e-02
3.419999999999999929e+00        1.467176172224800235e+00        2.522883036304800555e-02
3.430000000000000160e+00        1.461135583722336539e+00        2.561519431438352007e-02
3.439999999999999947e+00        1.460136047360000022e+00        2.076069824000003131e-02
3.450000000000000178e+00        1.456936826632006632e+00        7.706420613782819992e-03
3.459999999999999964e+00        1.427702377600001293e+00        2.904623313293844267e-03
3.470000000000000195e+00        1.299607267639990127e+00        1.070465325181194222e-01
3.479999999999999982e+00        1.511995783427082518e+00        5.549133978945512691e-04
3.490000000000000213e+00        1.471428035991599881e+00        -2.612958021800866962e-03
3.500000000000000000e+00        1.459264359429999880e+00        -1.258526214257069814e-04
3.509999999999999787e+00        1.454881424599999917e+00        2.601634852800129472e-04
3.520000000000000018e+00        1.450542728319999863e+00        9.308455164147227479e-04
3.529999999999999805e+00        1.448216119280000047e+00        1.596940359999997946e-03
3.540000000000000036e+00        1.447861185999999911e+00        2.094689970620001312e-03
3.549999999999999822e+00        1.446025353000000013e+00        3.789064246693939772e-04
3.560000000000000053e+00        1.445193258880000053e+00        -2.240561848764802220e-03
3.569999999999999840e+00        1.442106135479999995e+00        -2.210000100000000193e-03
3.580000000000000071e+00        1.440159180134901185e+00        -1.914807051353684033e-03
3.589999999999999858e+00        1.438871573199595133e+00        -1.549999999999999946e-03
3.600000000000000089e+00        1.437686665212486226e+00        -1.478888404162074935e-03
3.609999999999999876e+00        1.436612465900000135e+00        -1.304155300000003122e-03
3.620000000000000107e+00        1.435693101011712658e+00        -1.139999899999999920e-03
3.629999999999999893e+00        1.434683140700000026e+00        -1.090000000000000040e-03
3.640000000000000124e+00        1.433253267728345159e+00        -1.072638823315665100e-03
3.649999999999999911e+00        1.430201895966228154e+00        5.209014419477678163e-04
3.660000000000000142e+00        1.445475264402569238e+00        9.287953915960635298e-03
3.669999999999999929e+00        1.436168255383627690e+00        -1.180000000000000059e-03
3.680000000000000160e+00        1.434328705798319836e+00        -1.100000000000000066e-03
3.689999999999999947e+00        1.433492696649000031e+00        -1.059999999999999961e-03
3.700000000000000178e+00        1.432805130228537838e+00        -1.030000000000000100e-03
3.709999999999999964e+00        1.432190802591263745e+00        -1.049999999999999935e-03
3.720000000000000195e+00        1.431537204480000103e+00        -9.987911400947198544e-04
3.729999999999999982e+00        1.430988257479999914e+00        -8.253933841875599154e-04
3.740000000000000213e+00        1.430509999999999948e+00        -5.259147393273860350e-04
3.750000000000000000e+00        1.430093330164832421e+00        -4.763079868891406448e-04
3.759999999999999787e+00        1.429550099999999935e+00        9.421421478672684579e-05
3.770000000000000018e+00        1.429525993882494683e+00        5.801376910442994665e-04
3.779999999999999805e+00        1.430154338339769238e+00        1.629999999999999939e-03
3.790000000000000036e+00        1.431688361295841760e+00        3.488676305708375081e-04
3.799999999999999822e+00        1.430726819925618898e+00        -7.594085481934976936e-04
3.810000000000000053e+00        1.429963592772141912e+00        -8.311082876151045830e-04
3.819999999999999840e+00        1.429519999999999902e+00        -7.692968605069142474e-04
3.830000000000000071e+00        1.429118236920400076e+00        -7.451051454530178237e-04
3.839999999999999858e+00        1.428848416774399999e+00        -6.822411558745604268e-04
3.850000000000000089e+00        1.428610269491279006e+00        -6.500320277667065091e-04
3.859999999999999876e+00        1.428357351547285603e+00        -5.900159886071716523e-04
3.870000000000000107e+00        1.428139999999999965e+00        -5.123046475055210904e-04
3.879999999999999893e+00        1.427899999999999947e+00        -4.249236862415501411e-04
3.890000000000000124e+00        1.427720000000000100e+00        -2.935089028836136271e-04
3.899999999999999911e+00        1.427515128400000055e+00        -1.948573051684095799e-04
3.910000000000000142e+00        1.427193143086303406e+00        8.881206101254837193e-04
3.919999999999999929e+00        1.428174081919999949e+00        -4.760795938684809418e-04
3.930000000000000160e+00        1.427666461822570509e+00        -4.787774907574063386e-04
3.939999999999999947e+00        1.427419999999999911e+00        -4.725648899094806571e-04
3.950000000000000178e+00        1.427219999999999933e+00        -4.567180839587973800e-04
3.959999999999999964e+00        1.427049999999999930e+00        -4.224238141731457359e-04
3.970000000000000195e+00        1.426864584580000095e+00        -3.898625173974184632e-04
3.979999999999999982e+00        1.426711862313288393e+00        -2.972893072596811373e-04
3.990000000000000213e+00        1.426619999999999999e+00        -2.225041011218181633e-04
4.000000000000000000e+00        1.426600000000000090e+00        -2.336240000000000116e-04
4.009999999999999787e+00        1.426491638659239225e+00        -1.702225255322222701e-04
4.019999999999999574e+00        1.426451893530067627e+00        -1.354069794279625044e-04
4.030000000000000249e+00        1.426379999999999981e+00        -1.448023060093567706e-04
4.040000000000000036e+00        1.426367622427309634e+00        -1.637322661387392039e-04
4.049999999999999822e+00        1.426266790299999920e+00        -2.846684868497021195e-04
4.059999999999999609e+00        1.426187290479999925e+00        -2.651629771864805977e-04
4.070000000000000284e+00        1.426090000000000080e+00        -3.322848828580027606e-04
4.080000000000000071e+00        1.425899999999999945e+00        -3.826874806079971834e-04
4.089999999999999858e+00        1.425799388800000012e+00        -3.954549042112036859e-04
4.099999999999999645e+00        1.425661219600000029e+00        -3.619084759192116242e-04
4.110000000000000320e+00        1.425540000000000029e+00        -3.438107040039967035e-04
4.120000000000000107e+00        1.425449223360000017e+00        -3.424630962400042377e-04
4.129999999999999893e+00        1.425389999999999935e+00        -2.806345875308894288e-04
4.139999999999999680e+00        1.425292949083330818e+00        -3.212911485423696725e-04
4.150000000000000355e+00        1.425169899999999990e+00        -2.956086348729224014e-04
4.160000000000000142e+00        1.425082230918399917e+00        -3.310607124396686661e-04
4.169999999999999929e+00        1.424949999999999939e+00        -3.375120910340003691e-04
4.179999999999999716e+00        1.424777228662029049e+00        -3.418786868049380036e-04
4.190000000000000391e+00        1.424581738232770345e+00        -3.022938055525292234e-04
4.200000000000000178e+00        1.424417619199999985e+00        -2.425924897184015704e-04
4.209999999999999964e+00        1.424294796722315182e+00        -1.254805800342362701e-04
4.219999999999999751e+00        1.423953409216330179e+00        -1.489069179050890146e-04
4.230000000000000426e+00        1.423279892378799927e+00        9.511945061500399177e-05
4.240000000000000213e+00        1.421129782695487620e+00        4.883152196007957239e-03
4.250000000000000000e+00        1.425810589999999989e+00        -4.264358102589960392e-04
4.259999999999999787e+00        1.424106273345637996e+00        -5.225737457800607800e-04
4.269999999999999574e+00        1.422990094700000041e+00        3.643198709038559553e-05
4.280000000000000249e+00        1.418342709481078545e+00        2.282425155328782207e-03
4.290000000000000036e+00        1.431627343279999298e+00        -4.234205783488136999e-04
4.299999999999999822e+00        1.426717197323966735e+00        -5.436670781239672130e-04
4.309999999999999609e+00        1.425729280799999943e+00        -4.867140922368493050e-04
4.320000000000000284e+00        1.425400740800000010e+00        -4.165548674992062823e-04
4.330000000000000071e+00        1.425119999999999942e+00        -3.817056255634425506e-04
4.339999999999999858e+00        1.424884746880000108e+00        -3.997135520614496684e-04
4.349999999999999645e+00        1.424692528900000088e+00        -3.991687397200010027e-04
4.360000000000000320e+00        1.424460099999999896e+00        -3.143289648415442282e-04
4.370009999999999728e+00        1.424370099999999972e+00        -1.935213243805326540e-04
4.380010000000000403e+00        1.424220000000000041e+00        -9.888283355441622523e-05
4.390010000000000190e+00        1.424255042821420014e+00        -2.002272713308967010e-05
4.400009999999999977e+00        1.424226103633381424e+00        -3.378745871076597952e-05
4.410009999999999764e+00        1.424328424406223093e+00        1.688109420530888895e-04
4.420010000000000439e+00        1.424438080768101633e+00        4.868149752725759599e-05
4.430010000000000225e+00        1.424236565860475423e+00        -2.429179848335486338e-04
4.440010000000000012e+00        1.424082360321291985e+00        -2.336307586737918645e-04
4.450009999999999799e+00        1.423959298127079887e+00        -1.977659298940988980e-04
4.460009999999999586e+00        1.423859999999999904e+00        -1.847009705175240292e-04
4.470010000000000261e+00        1.423746573229180079e+00        -1.964671719315310794e-04
4.480010000000000048e+00        1.423599999999999977e+00        -1.896002455554271211e-04
4.490009999999999835e+00        1.423300000000000010e+00        -9.989517358896925366e-05
4.500009999999999621e+00        1.423100864701447810e+00        1.609704415909294576e-04
4.510010000000000296e+00        1.423040000000000083e+00        5.712316635071711416e-04
4.520010000000000083e+00        1.423481534344714472e+00        9.796849924772453328e-04
4.530009999999999870e+00        1.423845017196046170e+00        8.150393928113476181e-04
4.540009999999999657e+00        1.423911912105321642e+00        5.816790408014966066e-04
4.550010000000000332e+00        1.423890000000000100e+00        5.392799844730824122e-04
4.560010000000000119e+00        1.423888882439480197e+00        3.927703341649440563e-04
4.570009999999999906e+00        1.423801048949079995e+00        4.183193254497197494e-04
4.580009999999999692e+00        1.423799927751402405e+00        4.166088775744269793e-04
4.590010000000000367e+00        1.423757856974458447e+00        4.044556267420229339e-04
4.600010000000000154e+00        1.423784583892059974e+00        3.820616358462650174e-04
4.610009999999999941e+00        1.423819634610260065e+00        3.446284317667311814e-04
4.620009999999999728e+00        1.423805125670878802e+00        3.097799519253298384e-04
4.630010000000000403e+00        1.423810000000000020e+00        2.351356646897350875e-04
4.640010000000000190e+00        1.423740000000000006e+00        1.916685369094133949e-04
4.650009999999999977e+00        1.423693350961085624e+00        1.721829499612618879e-04
4.660009999999999764e+00        1.423629999999999951e+00        1.523979700028472756e-04
4.670010000000000439e+00        1.423586132087203637e+00        1.425492318135550393e-04
4.680010000000000225e+00        1.423612622577755671e+00        1.676836116800860179e-04
4.690010000000000012e+00        1.423559999999999937e+00        8.809790075619732604e-05
4.700009999999999799e+00        1.423482748938764697e+00        3.300370561259021688e-05
4.710009999999999586e+00        1.423480000000000079e+00        5.641068663987259521e-05
4.720010000000000261e+00        1.423414030438422628e+00        2.442056862193513455e-05
4.730010000000000048e+00        1.423361978090939894e+00        5.931273163978291484e-05
4.740009999999999835e+00        1.423325007120378460e+00        4.453339260350004582e-05
4.750009999999999621e+00        1.423329899999999926e+00        5.055526476038702834e-05
4.760010000000000296e+00        1.423321860345540646e+00        3.426976504252722647e-05
4.770010000000000083e+00        1.423340000000000050e+00        -1.137414893257352529e-05
4.780009999999999870e+00        1.423262291795879930e+00        -6.537810481317897938e-05
4.790009999999999657e+00        1.423200000000000021e+00        -9.534863887511220578e-05
4.800010000000000332e+00        1.423126453099295974e+00        -1.364079220180047076e-04
4.810019999999999740e+00        1.423059768475054776e+00        -1.338785277213383972e-04
4.820020000000000415e+00        1.423004006637021757e+00        -1.515206753366702796e-04
4.830020000000000202e+00        1.422939244775733636e+00        -1.503335785873465165e-04
4.840019999999999989e+00        1.422830000000000039e+00        -1.523581172712398725e-04
4.850019999999999776e+00        1.422809999999999908e+00        -1.451607354673054647e-04
4.860019999999999563e+00        1.422690000000000010e+00        -1.199332938170898988e-04
4.870020000000000238e+00        1.422609999999999930e+00        -1.022875039848886446e-04
4.880020000000000024e+00        1.422509999999999941e+00        -6.307604769855455556e-05
4.890019999999999811e+00        1.422500000000000098e+00        -2.637652607702498689e-05
4.900019999999999598e+00        1.422420000000000018e+00        -1.867484477060830846e-05
4.910020000000000273e+00        1.422320000000000029e+00        3.338321259179327221e-05
4.920020000000000060e+00        1.422199999999999909e+00        7.259591031373563820e-05
4.930019999999999847e+00        1.422089028484903039e+00        1.277212379398656381e-04
4.940019999999999634e+00        1.421792496094856029e+00        1.609056186113981416e-04
4.950020000000000309e+00        1.421259078758799976e+00        7.698473163320683314e-04
4.960020000000000095e+00        1.422469585805459236e+00        2.030226909946270669e-03
4.970019999999999882e+00        1.423220416512866349e+00        1.209302632159991661e-03
4.980019999999999669e+00        1.422942406626880096e+00        4.795030096984911352e-04
4.990020000000000344e+00        1.422149994389360073e+00        2.781832940776875381e-04
