# wav(mic), n, k
2.999999999999999889e-01        1.448523000000000005e+00        8.864385699999999379e-50
3.099999999999999978e-01        1.448523000000000005e+00        8.864385699999999379e-50
3.200000000000000067e-01        1.448523000000000005e+00        8.864385699999999379e-50
3.300000000000000155e-01        1.448523000000000005e+00        8.864385699999999379e-50
3.400000000000000244e-01        1.448523000000000005e+00        8.864385699999999379e-50
3.499999999999999778e-01        1.448523000000000005e+00        8.864385699999999379e-50
3.599999999999999867e-01        1.448523000000000005e+00        8.864385699999999379e-50
3.699999999999999956e-01        1.448523000000000005e+00        8.864385699999999379e-50
3.800000000000000044e-01        1.448523000000000005e+00        8.864385699999999379e-50
3.900000000000000133e-01        1.448523000000000005e+00        8.864385699999999379e-50
4.000000000000000222e-01        1.448523000000000005e+00        8.864385699999999379e-50
4.099999999999999756e-01        1.448523000000000005e+00        8.864385699999999379e-50
4.199999999999999845e-01        1.448523000000000005e+00        8.864385699999999379e-50
4.299999999999999933e-01        1.448523000000000005e+00        8.864385699999999379e-50
4.400000000000000022e-01        1.448523000000000005e+00        8.864385699999999379e-50
4.500000000000000111e-01        1.448523000000000005e+00        8.864385699999999379e-50
4.600000000000000200e-01        1.448523000000000005e+00        8.864385699999999379e-50
4.699999999999999734e-01        1.448523000000000005e+00        8.864385699999999379e-50
4.799999999999999822e-01        1.448523000000000005e+00        8.864385699999999379e-50
4.899999999999999911e-01        1.448523000000000005e+00        8.864385699999999379e-50
5.000000000000000000e-01        1.448523000000000005e+00        8.864385699999999379e-50
5.100000000000000089e-01        1.448523000000000005e+00        8.864385699999999379e-50
5.200000000000000178e-01        1.448523000000000005e+00        8.864385699999999379e-50
5.300000000000000266e-01        1.448523000000000005e+00        8.864385699999999379e-50
5.400000000000000355e-01        1.448523000000000005e+00        8.864385699999999379e-50
5.500000000000000444e-01        1.448523000000000005e+00        8.864385699999999379e-50
5.600000000000000533e-01        1.448523000000000005e+00        8.864385699999999379e-50
5.699999999999999512e-01        1.448523000000000005e+00        8.864385699999999379e-50
5.799999999999999600e-01        1.448523000000000005e+00        8.864385699999999379e-50
5.899999999999999689e-01        1.448523000000000005e+00        8.864385699999999379e-50
5.999999999999999778e-01        1.448523000000000005e+00        8.864385699999999379e-50
6.099999999999999867e-01        1.448523000000000005e+00        8.864385699999999379e-50
6.199999999999999956e-01        1.448523000000000005e+00        8.864385699999999379e-50
6.300000000000000044e-01        1.448523000000000005e+00        8.864385699999999379e-50
6.400000000000000133e-01        1.448523000000000005e+00        8.864385699999999379e-50
6.500000000000000222e-01        1.448523000000000005e+00        8.864385699999999379e-50
6.600000000000000311e-01        1.448523000000000005e+00        8.864385699999999379e-50
6.700000000000000400e-01        1.448523000000000005e+00        8.864385699999999379e-50
6.800000000000000488e-01        1.448523000000000005e+00        8.864385699999999379e-50
6.899999999999999467e-01        1.448523000000000005e+00        8.864385699999999379e-50
6.999999999999999556e-01        1.448523000000000005e+00        8.864385699999999379e-50
7.099999999999999645e-01        1.448523000000000005e+00        8.864385699999999379e-50
7.199999999999999734e-01        1.448523000000000005e+00        8.864385699999999379e-50
7.299999999999999822e-01        1.448523000000000005e+00        8.864385699999999379e-50
7.399999999999999911e-01        1.448523000000000005e+00        8.864385699999999379e-50
7.500000000000000000e-01        1.448523000000000005e+00        8.864385699999999379e-50
7.600000000000000089e-01        1.448523000000000005e+00        8.864385699999999379e-50
7.700000000000000178e-01        1.448523000000000005e+00        8.864385699999999379e-50
7.800000000000000266e-01        1.448523000000000005e+00        8.864385699999999379e-50
7.900000000000000355e-01        1.448523000000000005e+00        8.864385699999999379e-50
8.000000000000000444e-01        1.448523000000000005e+00        8.864385699999999379e-50
8.100000000000000533e-01        1.448523000000000005e+00        8.864385699999999379e-50
8.199999999999999512e-01        1.448523000000000005e+00        8.864385699999999379e-50
8.299999999999999600e-01        1.448523000000000005e+00        8.864385699999999379e-50
8.399999999999999689e-01        1.448523000000000005e+00        8.864385699999999379e-50
8.499999999999999778e-01        1.448523000000000005e+00        8.864385699999999379e-50
8.599999999999999867e-01        1.448523000000000005e+00        8.864385699999999379e-50
8.699999999999999956e-01        1.448523000000000005e+00        8.864385699999999379e-50
8.800000000000000044e-01        1.448523000000000005e+00        8.864385699999999379e-50
8.900000000000000133e-01        1.448523000000000005e+00        8.864385699999999379e-50
9.000000000000000222e-01        1.448523000000000005e+00        8.864385699999999379e-50
9.100000000000000311e-01        1.448523000000000005e+00        8.864385699999999379e-50
9.200000000000000400e-01        1.448523000000000005e+00        8.864385699999999379e-50
9.300000000000000488e-01        1.448523000000000005e+00        8.864385699999999379e-50
9.399999999999999467e-01        1.448523000000000005e+00        8.864385699999999379e-50
9.499999999999999556e-01        1.448523000000000005e+00        8.864385699999999379e-50
9.599999999999999645e-01        1.448523000000000005e+00        8.864385699999999379e-50
9.699999999999999734e-01        1.448523000000000005e+00        8.864385699999999379e-50
9.799999999999999822e-01        1.448523000000000005e+00        8.864385699999999379e-50
9.899999999999999911e-01        1.448523000000000005e+00        8.864385699999999379e-50
1.000000000000000000e+00        1.448523000000000005e+00        8.864385699999999379e-50
1.010000000000000009e+00        1.448523000000000005e+00        8.864385699999999379e-50
1.020000000000000018e+00        1.448523000000000005e+00        8.864385699999999379e-50
1.030000000000000027e+00        1.448523000000000005e+00        8.864385699999999379e-50
1.040000000000000036e+00        1.448523000000000005e+00        8.864385699999999379e-50
1.050000000000000044e+00        1.448523000000000005e+00        8.864385699999999379e-50
1.060000000000000053e+00        1.448523000000000005e+00        8.864385699999999379e-50
1.070000000000000062e+00        1.448523000000000005e+00        8.864385699999999379e-50
1.080000000000000071e+00        1.448523000000000005e+00        8.864385699999999379e-50
1.090000000000000080e+00        1.448523000000000005e+00        8.864385699999999379e-50
1.100000000000000089e+00        1.448523000000000005e+00        8.864385699999999379e-50
1.110000000000000098e+00        1.448523000000000005e+00        8.864385699999999379e-50
1.120000000000000107e+00        1.448523000000000005e+00        8.864385699999999379e-50
1.129999999999999893e+00        1.448523000000000005e+00        8.864385699999999379e-50
1.139999999999999902e+00        1.448523000000000005e+00        8.864385699999999379e-50
1.149999999999999911e+00        1.448523000000000005e+00        8.864385699999999379e-50
1.159999999999999920e+00        1.448523000000000005e+00        8.864385699999999379e-50
1.169999999999999929e+00        1.448523000000000005e+00        8.864385699999999379e-50
1.179999999999999938e+00        1.448523000000000005e+00        8.864385699999999379e-50
1.189999999999999947e+00        1.448523000000000005e+00        8.864385699999999379e-50
1.199999999999999956e+00        1.448523000000000005e+00        8.864385699999999379e-50
1.209999999999999964e+00        1.448523000000000005e+00        8.864385699999999379e-50
1.219999999999999973e+00        1.448523000000000005e+00        8.864385699999999379e-50
1.229999999999999982e+00        1.448523000000000005e+00        8.864385699999999379e-50
1.239999999999999991e+00        1.448523000000000005e+00        8.864385699999999379e-50
1.250000000000000000e+00        1.448523000000000005e+00        8.864385699999999379e-50
1.260000000000000009e+00        1.448523000000000005e+00        8.864385699999999379e-50
1.270000000000000018e+00        1.448523000000000005e+00        8.864385699999999379e-50
1.280000000000000027e+00        1.448523000000000005e+00        8.864385699999999379e-50
1.290000000000000036e+00        1.448523000000000005e+00        8.864385699999999379e-50
1.300000000000000044e+00        1.448523000000000005e+00        8.864385699999999379e-50
1.310000000000000053e+00        1.448523000000000005e+00        8.864385699999999379e-50
1.320000000000000062e+00        1.448523000000000005e+00        8.864385699999999379e-50
1.330000000000000071e+00        1.448523000000000005e+00        8.864385699999999379e-50
1.340000000000000080e+00        1.448523000000000005e+00        8.864385699999999379e-50
1.350000000000000089e+00        1.448523000000000005e+00        8.864385699999999379e-50
1.360000000000000098e+00        1.448523000000000005e+00        8.864385699999999379e-50
1.370000000000000107e+00        1.448523000000000005e+00        8.864385699999999379e-50
1.379999999999999893e+00        1.448523000000000005e+00        8.864385699999999379e-50
1.389999999999999902e+00        1.448523000000000005e+00        8.864385699999999379e-50
1.399999999999999911e+00        1.448523000000000005e+00        8.864385699999999379e-50
1.409999999999999920e+00        1.448523000000000005e+00        8.864385699999999379e-50
1.419999999999999929e+00        1.448523000000000005e+00        8.864385699999999379e-50
1.429999999999999938e+00        1.448523000000000005e+00        8.864385699999999379e-50
1.439999999999999947e+00        1.448523000000000005e+00        8.864385699999999379e-50
1.449999999999999956e+00        1.448523000000000005e+00        8.864385699999999379e-50
1.459999999999999964e+00        1.448523000000000005e+00        8.864385699999999379e-50
1.469999999999999973e+00        1.448523000000000005e+00        8.864385699999999379e-50
1.479999999999999982e+00        1.448523000000000005e+00        8.864385699999999379e-50
1.489999999999999991e+00        1.448523000000000005e+00        8.864385699999999379e-50
1.500000000000000000e+00        1.448523000000000005e+00        8.864385699999999379e-50
1.510000000000000009e+00        1.448523000000000005e+00        8.864385699999999379e-50
1.520000000000000018e+00        1.448523000000000005e+00        8.864385699999999379e-50
1.530000000000000027e+00        1.448523000000000005e+00        8.864385699999999379e-50
1.540000000000000036e+00        1.448523000000000005e+00        8.864385699999999379e-50
1.550000000000000044e+00        1.448523000000000005e+00        8.864385699999999379e-50
1.560000000000000053e+00        1.448523000000000005e+00        8.864385699999999379e-50
1.570000000000000062e+00        1.448523000000000005e+00        8.864385699999999379e-50
1.580000000000000071e+00        1.448523000000000005e+00        8.864385699999999379e-50
1.590000000000000080e+00        1.448523000000000005e+00        8.864385699999999379e-50
1.600000000000000089e+00        1.448523000000000005e+00        8.864385699999999379e-50
1.610000000000000098e+00        1.448523000000000005e+00        8.864385699999999379e-50
1.620000000000000107e+00        1.448523000000000005e+00        8.864385699999999379e-50
1.629999999999999893e+00        1.448523000000000005e+00        8.864385699999999379e-50
1.639999999999999902e+00        1.448523000000000005e+00        8.864385699999999379e-50
1.649999999999999911e+00        1.448523000000000005e+00        8.864385699999999379e-50
1.659999999999999920e+00        1.448523000000000005e+00        8.864385699999999379e-50
1.669999999999999929e+00        1.448523000000000005e+00        8.864385699999999379e-50
1.679999999999999938e+00        1.448523000000000005e+00        8.864385699999999379e-50
1.689999999999999947e+00        1.448523000000000005e+00        8.864385699999999379e-50
1.699999999999999956e+00        1.448523000000000005e+00        8.864385699999999379e-50
1.709999999999999964e+00        1.448523000000000005e+00        8.864385699999999379e-50
1.719999999999999973e+00        1.448523000000000005e+00        8.864385699999999379e-50
1.729999999999999982e+00        1.448523000000000005e+00        8.864385699999999379e-50
1.739999999999999991e+00        1.448523000000000005e+00        8.864385699999999379e-50
1.750000000000000000e+00        1.448523000000000005e+00        8.864385699999999379e-50
1.760000000000000009e+00        1.448523000000000005e+00        8.864385699999999379e-50
1.770000000000000018e+00        1.448523000000000005e+00        8.864385699999999379e-50
1.780000000000000027e+00        1.448523000000000005e+00        8.864385699999999379e-50
1.790000000000000036e+00        1.448523000000000005e+00        8.864385699999999379e-50
1.800000000000000044e+00        1.448523000000000005e+00        8.864385699999999379e-50
1.810000000000000053e+00        1.448523000000000005e+00        8.864385699999999379e-50
1.820000000000000062e+00        1.448523000000000005e+00        8.864385699999999379e-50
1.830000000000000071e+00        1.448523000000000005e+00        8.864385699999999379e-50
1.840000000000000080e+00        1.448523000000000005e+00        8.864385699999999379e-50
1.850000000000000089e+00        1.448523000000000005e+00        8.864385699999999379e-50
1.860000000000000098e+00        1.448523000000000005e+00        8.864385699999999379e-50
1.870000000000000107e+00        1.448523000000000005e+00        8.864385699999999379e-50
1.879999999999999893e+00        1.448523000000000005e+00        8.864385699999999379e-50
1.889999999999999902e+00        1.448523000000000005e+00        8.864385699999999379e-50
1.899999999999999911e+00        1.448523000000000005e+00        8.864385699999999379e-50
1.909999999999999920e+00        1.448523000000000005e+00        8.864385699999999379e-50
1.919999999999999929e+00        1.448523000000000005e+00        8.864385699999999379e-50
1.929999999999999938e+00        1.448523000000000005e+00        8.864385699999999379e-50
1.939999999999999947e+00        1.448523000000000005e+00        8.864385699999999379e-50
1.949999999999999956e+00        1.448523000000000005e+00        8.864385699999999379e-50
1.959999999999999964e+00        1.448523000000000005e+00        8.864385699999999379e-50
1.969999999999999973e+00        1.448523000000000005e+00        8.864385699999999379e-50
1.979999999999999982e+00        1.448523000000000005e+00        8.864385699999999379e-50
1.989999999999999991e+00        1.448523000000000005e+00        8.864385699999999379e-50
2.000000000000000000e+00        1.448523000000000005e+00        8.864385700000000255e-05
2.009999999999999787e+00        1.448552708931008848e+00        7.717998813636086297e-05
2.020000000000000018e+00        1.448564264969146365e+00        1.114966095981026462e-04
2.029999999999999805e+00        1.448677145865931992e+00        8.884096019879101204e-05
2.040000000000000036e+00        1.448628845361049411e+00        8.445899407488718154e-05
2.049999999999999822e+00        1.448603348733268792e+00        4.803820496864776387e-05
2.060000000000000053e+00        1.448569880954420519e+00        1.237232745410841256e-05
2.069999999999999840e+00        1.448494717958444866e+00        1.277114528019996959e-05
2.080000000000000071e+00        1.448418977836217536e+00        1.307667617727501123e-05
2.089999999999999858e+00        1.448341167731151513e+00        2.259234021939085063e-05
2.100000000000000089e+00        1.448208069049048863e+00        2.321051996387987797e-05
2.109999999999999876e+00        1.448457338953873075e+00        2.123894261416830326e-04
2.120000000000000107e+00        1.447251732439652327e+00        1.564893270381816092e-04
2.129999999999999893e+00        1.449812459847433788e+00        1.412677511621931710e-04
2.140000000000000124e+00        1.448939848720962598e+00        2.082325078251476706e-05
2.149999999999999911e+00        1.448601946014108410e+00        2.255560942355310877e-05
2.160000000000000142e+00        1.448427051388160081e+00        -2.810222043185542975e-05
2.169999999999999929e+00        1.448306006440444493e+00        -1.303579038989511261e-05
2.180000000000000160e+00        1.448028145331492267e+00        3.437350332521905261e-05
2.189999999999999947e+00        1.448459115547608311e+00        6.870683993946641126e-05
2.200000000000000178e+00        1.447941855111341436e+00        6.735338974036863050e-05
2.209999999999999964e+00        1.447363486993012094e+00        2.686402408704064278e-05
2.220000000000000195e+00        1.444799771148887801e+00        5.533738153442091566e-04
2.229999999999999982e+00        1.450922621522198197e+00        5.800397834604104465e-04
2.240000000000000213e+00        1.449117210471720485e+00        3.636334386624125121e-05
2.250000000000000000e+00        1.448339661404057344e+00        4.495795596443031352e-05
2.259999999999999787e+00        1.448327132090792890e+00        7.316271369164323952e-04
2.270000000000000018e+00        1.448873678459338565e+00        2.854164606238368497e-04
2.279999999999999805e+00        1.448788268039143956e+00        1.870746766081941598e-04
2.290000000000000036e+00        1.448368866248205489e+00        3.353397229452979958e-05
2.299999999999999822e+00        1.447949757526917125e+00        1.816279222911716039e-05
2.310000000000000053e+00        1.447301487076341653e+00        1.869906589708020354e-05
2.319999999999999840e+00        1.443988810827798508e+00        2.564790384764883534e-03
2.330000000000000071e+00        1.450926804700918726e+00        8.773433597773073848e-04
2.339999999999999858e+00        1.447761463616233257e+00        4.616270880968439266e-03
2.350000000000000089e+00        1.449685071273741244e+00        2.672992743013425415e-05
2.359999999999999876e+00        1.449071494380600900e+00        2.653056779442284689e-06
2.370000000000000107e+00        1.448650546828786689e+00        4.732134567797896763e-05
2.379999999999999893e+00        1.447834527648375280e+00        2.347401545844498606e-04
2.390000000000000124e+00        1.452585743247595262e+00        1.073140552922120187e-03
2.399999999999999911e+00        1.449556000095856056e+00        9.412326582013762319e-05
2.410000000000000142e+00        1.449143395789010746e+00        3.545915725621170153e-05
2.419999999999999929e+00        1.448932193858876172e+00        4.373916895122342965e-05
2.430000000000000160e+00        1.448837125132914627e+00        6.079660987583859088e-05
2.439999999999999947e+00        1.448707103491608139e+00        1.192208827034315076e-04
2.450000000000000178e+00        1.448793633780050882e+00        2.785001007396702339e-04
2.459999999999999964e+00        1.448670430871999981e+00        4.643460749783936948e-05
2.470000000000000195e+00        1.448607444698861713e+00        2.494777419307792545e-05
2.479999999999999982e+00        1.448533817155009951e+00        3.950270307472957524e-05
2.490000000000000213e+00        1.448514473979199968e+00        2.070784754784748015e-05
2.500000000000000000e+00        1.448479099999999908e+00        3.460171900000000311e-05
2.509999999999999787e+00        1.448432448171199871e+00        5.886617515603198721e-05
2.520000000000000018e+00        1.448382542987567634e+00        1.272352000539852801e-05
2.529999999999999805e+00        1.448334000000000010e+00        4.441146666378995966e-05
2.540000000000000036e+00        1.448347175579600021e+00        9.414509679220208881e-05
2.549999999999999822e+00        1.448256308716816765e+00        1.144033982626592665e-05
2.560000000000000053e+00        1.448257350673304744e+00        1.654897646612751006e-06
2.569999999999999840e+00        1.447984794617600102e+00        1.877093540742102605e-04
2.580000000000000071e+00        1.448277368266400078e+00        9.497093754180082687e-06
2.589999999999999858e+00        1.448221771432199878e+00        1.294232885504273441e-05
2.600000000000000089e+00        1.448164092292000049e+00        2.615905930212297049e-05
2.609999999999999876e+00        1.448012970830630186e+00        3.124903754941014679e-05
2.620000000000000107e+00        1.448392249056700054e+00        4.895949097629660133e-04
2.629999999999999893e+00        1.448157246110466589e+00        1.286262337281925464e-04
2.640000000000000124e+00        1.448195869676800029e+00        6.063266150828801858e-05
2.649999999999999911e+00        1.448087208929502490e+00        -2.144292286476957609e-06
2.660000000000000142e+00        1.448036302808775044e+00        -4.341760923639002822e-06
2.669999999999999929e+00        1.447989544210594559e+00        -4.806713999446050146e-05
2.680000000000000160e+00        1.447923948610501110e+00        -4.320807310520461763e-06
2.689999999999999947e+00        1.447897868970424495e+00        -1.190208020427849397e-06
2.700000000000000178e+00        1.447871317677190461e+00        -4.042113797430759226e-06
2.709999999999999964e+00        1.447823943276999925e+00        -4.840637978452998674e-05
2.720000000000000195e+00        1.447788611860316044e+00        -2.603894659690635563e-05
2.729999999999999982e+00        1.447753756041600059e+00        1.451518292473599440e-05
2.740000000000000213e+00        1.447719524333298757e+00        -2.176573422877195777e-05
2.750000000000000000e+00        1.447622024684481756e+00        4.359236124226679104e-05
2.759999999999999787e+00        1.447642026075199873e+00        2.706551494697598620e-05
2.770000000000000018e+00        1.447617133879999907e+00        1.303919362669933495e-05
2.779999999999999805e+00        1.447564751114799986e+00        -1.662865851013211700e-06
2.790000000000000036e+00        1.447519194067825588e+00        7.770974427069961421e-07
2.799999999999999822e+00        1.447498670083013250e+00        -6.637457555590161798e-07
2.810000000000000053e+00        1.447440397058323391e+00        -9.530780432294722190e-06
2.819999999999999840e+00        1.447359591523200040e+00        -4.611272066033201639e-05
2.830000000000000071e+00        1.447336287210573502e+00        3.153728908733189833e-06
2.839999999999999858e+00        1.447248811303200045e+00        3.952902790711198557e-05
2.850000000000000089e+00        1.447244500000000045e+00        1.065241852061281559e-04
2.859999999999999876e+00        1.447293181830537900e+00        7.681486807946338749e-05
2.870000000000000107e+00        1.447218296444490626e+00        1.279956988857185509e-05
2.879999999999999893e+00        1.447166944248374554e+00        2.238671925540228598e-05
2.890000000000000124e+00        1.447088219041720247e+00        6.162106168742542304e-06
2.899999999999999911e+00        1.447037045173368064e+00        7.192831242634780487e-06
2.910000000000000142e+00        1.446998459441438234e+00        8.244852328797258229e-06
2.919999999999999929e+00        1.446919055207788851e+00        2.370645533666864498e-05
2.930000000000000160e+00        1.446865680651199915e+00        -1.367640840737598664e-05
2.939999999999999947e+00        1.446797288143049975e+00        -1.243392483308048026e-05
2.950000000000000178e+00        1.446705677959999825e+00        3.207118497346412927e-05
2.959999999999999964e+00        1.446667290906232584e+00        1.489968910814445779e-05
2.970000000000000195e+00        1.446555796313599984e+00        -8.082908742431864715e-06
2.979999999999999982e+00        1.446512240739034061e+00        1.818831501571428164e-05
2.990000000000000213e+00        1.446441797892813019e+00        1.991396342181349851e-05
3.000000000000000000e+00        1.446342667741808974e+00        2.356651697032984729e-05
3.009999999999999787e+00        1.446251491683023582e+00        2.393005765125252215e-05
3.020000000000000018e+00        1.446169038170895593e+00        5.627193757593113520e-05
3.029999999999999805e+00        1.446086387469758483e+00        2.981095699722541355e-05
3.040000000000000036e+00        1.445946784283332009e+00        3.340646086130392436e-05
3.049999999999999822e+00        1.445836240482408996e+00        3.969504654784104000e-05
3.060000000000000053e+00        1.445689911158399843e+00        3.649384421492000736e-05
3.069999999999999840e+00        1.445584442277125126e+00        6.136750662107568160e-05
3.080000000000000071e+00        1.445396341124212558e+00        4.302153372616797789e-05
3.089999999999999858e+00        1.445223344849013714e+00        8.562829056038831824e-05
3.100000000000000089e+00        1.444998748395999844e+00        5.638640707496128950e-05
3.109999999999999876e+00        1.444664716875792232e+00        5.719167427529446161e-05
3.120000000000000107e+00        1.444357535784000168e+00        4.545837995952020563e-04
3.129999999999999893e+00        1.444471318643000046e+00        3.490547766656002773e-04
3.140000000000000124e+00        1.443992560126068136e+00        3.724479588179773599e-04
3.149999999999999911e+00        1.443830975389344351e+00        5.809164939009994234e-04
3.160000000000000142e+00        1.443613321032289898e+00        3.554983065388282737e-04
3.169999999999999929e+00        1.442973468227262801e+00        1.961887635655820456e-04
3.180000000000000160e+00        1.442054593046222521e+00        1.238453620060706863e-04
3.189999999999999947e+00        1.441004897316005229e+00        2.397674105776567764e-04
3.200000000000000178e+00        1.439493499999999981e+00        2.307095099999999981e-04
3.209999999999999964e+00        1.436824152944420563e+00        2.230836512003561223e-04
3.220000000000000195e+00        1.431201918966150233e+00        3.279723191354537372e-04
3.229999999999999982e+00        1.408408883562400682e+00        4.479140283310097982e-03
3.240000000000000213e+00        1.521805551991036509e+00        6.011409757811306265e-02
3.250000000000000000e+00        1.464386937259999799e+00        2.531962538399956143e-03
3.259999999999999787e+00        1.436546296419128899e+00        2.235128521045629674e-02
3.270000000000000018e+00        1.457961844576999955e+00        1.457334764091589279e-03
3.279999999999999805e+00        1.454322662546189804e+00        1.331578562216248962e-03
3.290000000000000036e+00        1.451883793156045765e+00        1.008324081068619432e-04
3.299999999999999822e+00        1.450109538994558411e+00        6.540813416159515448e-07
3.310000000000000053e+00        1.448738848966399928e+00        7.207231915446312212e-05
3.319999999999999840e+00        1.447430604113600028e+00        9.586366065630678817e-05
3.330000000000000071e+00        1.445835729170400041e+00        1.787196806176801162e-04
3.339999999999999858e+00        1.443476891880000057e+00        2.458704370102535348e-04
3.350000000000000089e+00        1.437959743635000009e+00        3.316231852800002378e-04
3.359999999999999876e+00        1.390034449459208954e+00        5.290265614896287258e-03
3.370000000000000107e+00        1.468457502651040691e+00        4.343350632105094124e-03
3.379999999999999893e+00        1.459090686293818662e+00        9.652756625043772349e-04
3.390000000000000124e+00        1.455398803199999813e+00        6.184670433589981812e-04
3.399999999999999911e+00        1.453618041396000038e+00        5.098393091480022234e-04
3.410000000000000142e+00        1.452627364598162885e+00        4.588323081158460974e-04
3.419999999999999929e+00        1.451978969640799866e+00        3.915509960655236309e-04
3.430000000000000160e+00        1.451640273849195806e+00        1.251026884095236499e-04
3.439999999999999947e+00        1.450847974499199999e+00        -5.471107312343009661e-06
3.450000000000000178e+00        1.450348567959678592e+00        4.305295361564113121e-05
3.459999999999999964e+00        1.449842819784000092e+00        1.050653365867868687e-04
3.470000000000000195e+00        1.449640447712200020e+00        1.340095987442446301e-03
3.479999999999999982e+00        1.449820794891680364e+00        1.235686303271368467e-03
3.490000000000000213e+00        1.450203428384985616e+00        1.386414018067635913e-04
3.500000000000000000e+00        1.449742628649999920e+00        9.359800697169998532e-05
3.509999999999999787e+00        1.449591553544200107e+00        1.848780521934217046e-04
3.520000000000000018e+00        1.449340327398400019e+00        2.040461424908805222e-05
3.529999999999999805e+00        1.449172667156799932e+00        3.499437034781998805e-05
3.540000000000000036e+00        1.449019310780000014e+00        3.561831379579981355e-05
3.549999999999999822e+00        1.448902956354000127e+00        3.567763197219999202e-05
3.560000000000000053e+00        1.448751602267200012e+00        1.280349333979928229e-05
3.569999999999999840e+00        1.448677607902999931e+00        4.439587078354792699e-05
3.580000000000000071e+00        1.448592380705135296e+00        4.798987194521553136e-05
3.589999999999999858e+00        1.448481226048194292e+00        2.216632210565959969e-05
3.600000000000000089e+00        1.448395999694622072e+00        2.586597557835511381e-05
3.609999999999999876e+00        1.448286371248999949e+00        3.052547114759995498e-05
3.620000000000000107e+00        1.448220501565761431e+00        3.370948778918162440e-05
3.629999999999999893e+00        1.448130919848999998e+00        3.782898294353010234e-05
3.640000000000000124e+00        1.448020830423097483e+00        4.281055050736327873e-05
3.649999999999999911e+00        1.447978616506638616e+00        4.533476547346315639e-05
3.660000000000000142e+00        1.447895706896225931e+00        4.945193820261014944e-05
3.669999999999999929e+00        1.447826651104044959e+00        8.420378480325442679e-05
3.680000000000000160e+00        1.447755837719925331e+00        8.809504010897864111e-05
3.689999999999999947e+00        1.447707786939999908e+00        9.113686278371021512e-05
3.700000000000000178e+00        1.447645848671137436e+00        9.478783332681068577e-05
3.709999999999999964e+00        1.447570316621754394e+00        6.762548988266895301e-05
3.720000000000000195e+00        1.447488767814400168e+00        7.212722981472006556e-05
3.729999999999999982e+00        1.447409365149600058e+00        1.113772266455199933e-04
3.740000000000000213e+00        1.447309572715636872e+00        1.169476891675781791e-04
3.750000000000000000e+00        1.447158665557691348e+00        1.871633243469175527e-04
3.759999999999999787e+00        1.446989275814886122e+00        3.082144906650103179e-04
3.770000000000000018e+00        1.448322805807387592e+00        8.142352381691391004e-04
3.779999999999999805e+00        1.447532186302007418e+00        1.570760909849700177e-04
3.790000000000000036e+00        1.447394532475142048e+00        1.165093981433409334e-04
3.799999999999999822e+00        1.447282976663161191e+00        1.260442414996157032e-04
3.810000000000000053e+00        1.447193406602028887e+00        1.549462323781956147e-04
3.819999999999999840e+00        1.447136178532400175e+00        1.645578415446428532e-04
3.830000000000000071e+00        1.447090921192000001e+00        1.519226955162800673e-04
3.839999999999999858e+00        1.447027899980799948e+00        1.736614261324760428e-04
3.850000000000000089e+00        1.446992856593168675e+00        1.431473947182844149e-04
3.859999999999999876e+00        1.446926155701147021e+00        1.477739653997927369e-04
3.870000000000000107e+00        1.446852679050399937e+00        1.695027530478431356e-04
3.879999999999999893e+00        1.446779519651181012e+00        1.775504476166985684e-04
3.890000000000000124e+00        1.446741825870296649e+00        2.715663140643361103e-04
3.899999999999999911e+00        1.446778994787999872e+00        2.862354566580001779e-04
3.910000000000000142e+00        1.446800682926821402e+00        2.354843402531188901e-04
3.919999999999999929e+00        1.446714106179200154e+00        1.681211192275179124e-04
3.930000000000000160e+00        1.446636397019674058e+00        1.825561720278884672e-04
3.939999999999999947e+00        1.446602835534799958e+00        2.036867320848017302e-04
3.950000000000000178e+00        1.446534841660117143e+00        1.868629545037595204e-04
3.959999999999999964e+00        1.446469451823249708e+00        1.935063168309049365e-04
3.970000000000000195e+00        1.446411437836599978e+00        2.140591968350002625e-04
3.979999999999999982e+00        1.446350448190349081e+00        2.177194781031748958e-04
3.990000000000000213e+00        1.446232397101582912e+00        2.472379029748956797e-04
4.000000000000000000e+00        1.446754099999999932e+00        8.295405400000000406e-04
4.009999999999999787e+00        1.446404308916406478e+00        2.147849729612202809e-04
4.019999999999999574e+00        1.446276978099888533e+00        2.139388754079956561e-04
4.030000000000000249e+00        1.446211024454417293e+00        2.111264242830912833e-04
4.040000000000000036e+00        1.446142846841718788e+00        2.165727597810052270e-04
4.049999999999999822e+00        1.446073545791999981e+00        2.221239954888993629e-04
4.059999999999999609e+00        1.446004389666399881e+00        2.457847909167274868e-04
4.070000000000000284e+00        1.445921155287000159e+00        2.376051814105002279e-04
4.080000000000000071e+00        1.445814768659200000e+00        2.550989151599955171e-04
4.089999999999999858e+00        1.445627318336000000e+00        3.546883672032000059e-04
4.099999999999999645e+00        1.445482270852000095e+00        3.894272520671979761e-04
4.110000000000000320e+00        1.444238019864199973e+00        3.524179020819680945e-04
4.120000000000000107e+00        1.447741476528000115e+00        3.867577828314076589e-04
4.129999999999999893e+00        1.446388638708376639e+00        2.282707808692871813e-04
4.139999999999999680e+00        1.446115629775831302e+00        2.505231027006507181e-04
4.150000000000000355e+00        1.446084810864543879e+00        3.836117987367346953e-04
4.160000000000000142e+00        1.445940507763200156e+00        2.802086004876748276e-04
4.169999999999999929e+00        1.445863960004400095e+00        2.801546911307620106e-04
4.179999999999999716e+00        1.445788148261252015e+00        2.860357221065522012e-04
4.190000000000000391e+00        1.445716273616814318e+00        2.665217502874043403e-04
4.200000000000000178e+00        1.445631009440000003e+00        3.282127276256041723e-04
4.209999999999999964e+00        1.445611287697537772e+00        2.409579466195500028e-04
4.219999999999999751e+00        1.445531011327264137e+00        3.138659598762941487e-04
4.230000000000000426e+00        1.445517049311199953e+00        3.105855260696802718e-04
4.240000000000000213e+00        1.445459683332382728e+00        2.910201048926778925e-04
4.250000000000000000e+00        1.445418017519999987e+00        2.953752764630000727e-04
4.259999999999999787e+00        1.445216691486874261e+00        2.710320727478458228e-04
4.269999999999999574e+00        1.445121513294600035e+00        4.988553120511753525e-04
4.280000000000000249e+00        1.445438897157742542e+00        4.571881737452308499e-04
4.290000000000000036e+00        1.445279133560800178e+00        3.616408934815956624e-04
4.299999999999999822e+00        1.445206392374644544e+00        3.570052838451696735e-04
4.309999999999999609e+00        1.445162162664000105e+00        3.261430145167928084e-04
4.320000000000000284e+00        1.445087044447999958e+00        3.289624568112001668e-04
4.330000000000000071e+00        1.444998586565493959e+00        3.366033012382249460e-04
4.339999999999999858e+00        1.444926933235200162e+00        3.431474007532796548e-04
4.349999999999999645e+00        1.444840410404000020e+00        4.081968878070957904e-04
4.360000000000000320e+00        1.444867267432779601e+00        4.384318625894870658e-04
4.370009999999999728e+00        1.444813094794338726e+00        4.110597082983867079e-04
4.380010000000000403e+00        1.444763246941797696e+00        3.979668944461662531e-04
4.390010000000000190e+00        1.444674266700353815e+00        3.967119043479129656e-04
4.400009999999999977e+00        1.444587354508673371e+00        3.953092520822119762e-04
4.410009999999999764e+00        1.444430223769040733e+00        4.092077107601743225e-04
4.420010000000000439e+00        1.444301431307534189e+00        6.025356135164784688e-04
4.430010000000000225e+00        1.444227099999999986e+00        8.540282169019162983e-04
4.440010000000000012e+00        1.445075146854585935e+00        1.224030913872792628e-03
4.450009999999999799e+00        1.444835592846142047e+00        4.272557153324148043e-04
4.460009999999999586e+00        1.444601723982210206e+00        3.862025157264173413e-04
4.470010000000000261e+00        1.444465723685422809e+00        3.975890997115500564e-04
4.480010000000000048e+00        1.444356314396909591e+00        4.169567877949418135e-04
4.490009999999999835e+00        1.444284181680320023e+00        4.328095947194725442e-04
4.500009999999999621e+00        1.444204446999246105e+00        4.437638188177418677e-04
4.510010000000000296e+00        1.444132300666266300e+00        4.452534781919585249e-04
4.520010000000000083e+00        1.444040192289725244e+00        4.595887042246754053e-04
4.530009999999999870e+00        1.443960198700833475e+00        4.615354574079465395e-04
4.540009999999999657e+00        1.443867242868459133e+00        4.561687090198957603e-04
4.550010000000000332e+00        1.443760535476746210e+00        4.627212993323932670e-04
4.560010000000000119e+00        1.443635529463688005e+00        4.737371997363138136e-04
4.570009999999999906e+00        1.443481992309208373e+00        4.869195756083787149e-04
4.580009999999999692e+00        1.443270378750971528e+00        5.044748353657030251e-04
4.590010000000000367e+00        1.442910863463598314e+00        5.331558100204132665e-04
4.600010000000000154e+00        1.442035846241203956e+00        1.323862348682703239e-03
4.610009999999999941e+00        1.441858488684542472e+00        2.768734720945603689e-03
4.620009999999999728e+00        1.444686118837427147e+00        2.902495308290543863e-03
4.630010000000000403e+00        1.444893846210735910e+00        1.532801434777061877e-03
4.640010000000000190e+00        1.444720527434919966e+00        9.987136084368278613e-04
4.650009999999999977e+00        1.444405384135022841e+00        7.170310532447264715e-04
4.660009999999999764e+00        1.444084571413588369e+00        5.147813334899807103e-04
4.670010000000000439e+00        1.443824555016191225e+00        4.849816854871816089e-04
4.680010000000000225e+00        1.443649024970689254e+00        4.942327726781594590e-04
4.690010000000000012e+00        1.443500351485403677e+00        5.066279931979699933e-04
4.700009999999999799e+00        1.443394327064893679e+00        5.317526746562161203e-04
4.710009999999999586e+00        1.443281711848627191e+00        5.292148343758379175e-04
4.720010000000000261e+00        1.443148124558704559e+00        5.479973709130791593e-04
4.730010000000000048e+00        1.443058305414509634e+00        5.503999534825119392e-04
4.740009999999999835e+00        1.442922503487532371e+00        5.752759792186441963e-04
4.750009999999999621e+00        1.442849743063497892e+00        5.391159499422561001e-04
4.760010000000000296e+00        1.442680408321932006e+00        5.819382651099286362e-04
4.770010000000000083e+00        1.442526687087932302e+00        6.136596029607896017e-04
4.780009999999999870e+00        1.442428110456722701e+00        6.567850045177463193e-04
4.790009999999999657e+00        1.442295969390605670e+00        6.571813840430173938e-04
4.800010000000000332e+00        1.442178326088866314e+00        6.748569326167049368e-04
4.810019999999999740e+00        1.442003652062928909e+00        6.679968008502016035e-04
4.820020000000000415e+00        1.441792807964426215e+00        6.867528678826107218e-04
4.830020000000000202e+00        1.441601714297901626e+00        6.909420363689283218e-04
4.840019999999999989e+00        1.441279330930220759e+00        7.074984516857229849e-04
4.850019999999999776e+00        1.440883942608573998e+00        7.410632316294656378e-04
4.860019999999999563e+00        1.440267216186831289e+00        8.043313066430051849e-04
4.870020000000000238e+00        1.439405323135943160e+00        1.345907209240742057e-03
4.880020000000000024e+00        1.438573451464113973e+00        2.066901375800204652e-03
4.890019999999999811e+00        1.436118458164432177e+00        3.282079086064356842e-03
4.900019999999999598e+00        1.446423610235318735e+00        2.401688976201284825e-02
4.910020000000000273e+00        1.447959075479807067e+00        1.600779370357604267e-03
4.920020000000000060e+00        1.444716145728448087e+00        1.538813701752858283e-03
4.930019999999999847e+00        1.443817820015228071e+00        9.953562578309685729e-04
4.940019999999999634e+00        1.443084488295225620e+00        1.025447222990880179e-03
4.950020000000000309e+00        1.442602910405631933e+00        1.091946973903066371e-03
4.960020000000000095e+00        1.442263198043417516e+00        1.148268791847537875e-03
4.970019999999999882e+00        1.442013956710756828e+00        1.192715315520059089e-03
4.980019999999999669e+00        1.441752313689854459e+00        1.263410224402289252e-03
4.990020000000000344e+00        1.441508298757643969e+00        1.302576185777749905e-03
