# wav(mic), n, k
2.999999999999999889e-01        1.348938900000000052e+00        5.379804900000000274e-15
3.099999999999999978e-01        1.348938900000000052e+00        5.379804900000000274e-15
3.200000000000000067e-01        1.348938900000000052e+00        5.379804900000000274e-15
3.300000000000000155e-01        1.348938900000000052e+00        5.379804900000000274e-15
3.400000000000000244e-01        1.348938900000000052e+00        5.379804900000000274e-15
3.499999999999999778e-01        1.348938900000000052e+00        5.379804900000000274e-15
3.599999999999999867e-01        1.348938900000000052e+00        5.379804900000000274e-15
3.699999999999999956e-01        1.348938900000000052e+00        5.379804900000000274e-15
3.800000000000000044e-01        1.348938900000000052e+00        5.379804900000000274e-15
3.900000000000000133e-01        1.348938900000000052e+00        5.379804900000000274e-15
4.000000000000000222e-01        1.348938900000000052e+00        5.379804900000000274e-15
4.099999999999999756e-01        1.348938900000000052e+00        5.379804900000000274e-15
4.199999999999999845e-01        1.348938900000000052e+00        5.379804900000000274e-15
4.299999999999999933e-01        1.348938900000000052e+00        5.379804900000000274e-15
4.400000000000000022e-01        1.348938900000000052e+00        5.379804900000000274e-15
4.500000000000000111e-01        1.348938900000000052e+00        5.379804900000000274e-15
4.600000000000000200e-01        1.348938900000000052e+00        5.379804900000000274e-15
4.699999999999999734e-01        1.348938900000000052e+00        5.379804900000000274e-15
4.799999999999999822e-01        1.348938900000000052e+00        5.379804900000000274e-15
4.899999999999999911e-01        1.348938900000000052e+00        5.379804900000000274e-15
5.000000000000000000e-01        1.348938900000000052e+00        5.379804900000000274e-15
5.100000000000000089e-01        1.348938900000000052e+00        5.379804900000000274e-15
5.200000000000000178e-01        1.348938900000000052e+00        5.379804900000000274e-15
5.300000000000000266e-01        1.348938900000000052e+00        5.379804900000000274e-15
5.400000000000000355e-01        1.348938900000000052e+00        5.379804900000000274e-15
5.500000000000000444e-01        1.348938900000000052e+00        5.379804900000000274e-15
5.600000000000000533e-01        1.348938900000000052e+00        5.379804900000000274e-15
5.699999999999999512e-01        1.348938900000000052e+00        5.379804900000000274e-15
5.799999999999999600e-01        1.348938900000000052e+00        5.379804900000000274e-15
5.899999999999999689e-01        1.348938900000000052e+00        5.379804900000000274e-15
5.999999999999999778e-01        1.348938900000000052e+00        5.379804900000000274e-15
6.099999999999999867e-01        1.348938900000000052e+00        5.379804900000000274e-15
6.199999999999999956e-01        1.348938900000000052e+00        5.379804900000000274e-15
6.300000000000000044e-01        1.348938900000000052e+00        5.379804900000000274e-15
6.400000000000000133e-01        1.348938900000000052e+00        5.379804900000000274e-15
6.500000000000000222e-01        1.348938900000000052e+00        5.379804900000000274e-15
6.600000000000000311e-01        1.348938900000000052e+00        5.379804900000000274e-15
6.700000000000000400e-01        1.348938900000000052e+00        5.379804900000000274e-15
6.800000000000000488e-01        1.348938900000000052e+00        5.379804900000000274e-15
6.899999999999999467e-01        1.348938900000000052e+00        5.379804900000000274e-15
6.999999999999999556e-01        1.348938900000000052e+00        5.379804900000000274e-15
7.099999999999999645e-01        1.348938900000000052e+00        5.379804900000000274e-15
7.199999999999999734e-01        1.348938900000000052e+00        5.379804900000000274e-15
7.299999999999999822e-01        1.348938900000000052e+00        5.379804900000000274e-15
7.399999999999999911e-01        1.348938900000000052e+00        5.379804900000000274e-15
7.500000000000000000e-01        1.348938900000000052e+00        5.379804900000000274e-15
7.600000000000000089e-01        1.348938900000000052e+00        5.379804900000000274e-15
7.700000000000000178e-01        1.348938900000000052e+00        5.379804900000000274e-15
7.800000000000000266e-01        1.348938900000000052e+00        5.379804900000000274e-15
7.900000000000000355e-01        1.348938900000000052e+00        5.379804900000000274e-15
8.000000000000000444e-01        1.348938900000000052e+00        5.379804900000000274e-15
8.100000000000000533e-01        1.348938900000000052e+00        5.379804900000000274e-15
8.199999999999999512e-01        1.348938900000000052e+00        5.379804900000000274e-15
8.299999999999999600e-01        1.348938900000000052e+00        5.379804900000000274e-15
8.399999999999999689e-01        1.348938900000000052e+00        5.379804900000000274e-15
8.499999999999999778e-01        1.348938900000000052e+00        5.379804900000000274e-15
8.599999999999999867e-01        1.348938900000000052e+00        5.379804900000000274e-15
8.699999999999999956e-01        1.348938900000000052e+00        5.379804900000000274e-15
8.800000000000000044e-01        1.348938900000000052e+00        5.379804900000000274e-15
8.900000000000000133e-01        1.348938900000000052e+00        5.379804900000000274e-15
9.000000000000000222e-01        1.348938900000000052e+00        5.379804900000000274e-15
9.100000000000000311e-01        1.348938900000000052e+00        5.379804900000000274e-15
9.200000000000000400e-01        1.348938900000000052e+00        5.379804900000000274e-15
9.300000000000000488e-01        1.348938900000000052e+00        5.379804900000000274e-15
9.399999999999999467e-01        1.348938900000000052e+00        5.379804900000000274e-15
9.499999999999999556e-01        1.348938900000000052e+00        5.379804900000000274e-15
9.599999999999999645e-01        1.348938900000000052e+00        5.379804900000000274e-15
9.699999999999999734e-01        1.348938900000000052e+00        5.379804900000000274e-15
9.799999999999999822e-01        1.348938900000000052e+00        5.379804900000000274e-15
9.899999999999999911e-01        1.348938900000000052e+00        5.379804900000000274e-15
1.000000000000000000e+00        1.348938900000000052e+00        5.379804900000000274e-15
1.010000000000000009e+00        1.348938900000000052e+00        5.379804900000000274e-15
1.020000000000000018e+00        1.348938900000000052e+00        5.379804900000000274e-15
1.030000000000000027e+00        1.348938900000000052e+00        5.379804900000000274e-15
1.040000000000000036e+00        1.348938900000000052e+00        5.379804900000000274e-15
1.050000000000000044e+00        1.348938900000000052e+00        5.379804900000000274e-15
1.060000000000000053e+00        1.348938900000000052e+00        5.379804900000000274e-15
1.070000000000000062e+00        1.348938900000000052e+00        5.379804900000000274e-15
1.080000000000000071e+00        1.348938900000000052e+00        5.379804900000000274e-15
1.090000000000000080e+00        1.348938900000000052e+00        5.379804900000000274e-15
1.100000000000000089e+00        1.348938900000000052e+00        5.379804900000000274e-15
1.110000000000000098e+00        1.348938900000000052e+00        5.379804900000000274e-15
1.120000000000000107e+00        1.348938900000000052e+00        5.379804900000000274e-15
1.129999999999999893e+00        1.348938900000000052e+00        5.379804900000000274e-15
1.139999999999999902e+00        1.348938900000000052e+00        5.379804900000000274e-15
1.149999999999999911e+00        1.348938900000000052e+00        5.379804900000000274e-15
1.159999999999999920e+00        1.348938900000000052e+00        5.379804900000000274e-15
1.169999999999999929e+00        1.348938900000000052e+00        5.379804900000000274e-15
1.179999999999999938e+00        1.348938900000000052e+00        5.379804900000000274e-15
1.189999999999999947e+00        1.348938900000000052e+00        5.379804900000000274e-15
1.199999999999999956e+00        1.348938900000000052e+00        5.379804900000000274e-15
1.209999999999999964e+00        1.348938900000000052e+00        5.379804900000000274e-15
1.219999999999999973e+00        1.348938900000000052e+00        5.379804900000000274e-15
1.229999999999999982e+00        1.348938900000000052e+00        5.379804900000000274e-15
1.239999999999999991e+00        1.348938900000000052e+00        5.379804900000000274e-15
1.250000000000000000e+00        1.348938900000000052e+00        5.379804900000000274e-15
1.260000000000000009e+00        1.348938900000000052e+00        5.379804900000000274e-15
1.270000000000000018e+00        1.348938900000000052e+00        5.379804900000000274e-15
1.280000000000000027e+00        1.348938900000000052e+00        5.379804900000000274e-15
1.290000000000000036e+00        1.348938900000000052e+00        5.379804900000000274e-15
1.300000000000000044e+00        1.348938900000000052e+00        5.379804900000000274e-15
1.310000000000000053e+00        1.348938900000000052e+00        5.379804900000000274e-15
1.320000000000000062e+00        1.348938900000000052e+00        5.379804900000000274e-15
1.330000000000000071e+00        1.348938900000000052e+00        5.379804900000000274e-15
1.340000000000000080e+00        1.348938900000000052e+00        5.379804900000000274e-15
1.350000000000000089e+00        1.348938900000000052e+00        5.379804900000000274e-15
1.360000000000000098e+00        1.348938900000000052e+00        5.379804900000000274e-15
1.370000000000000107e+00        1.348938900000000052e+00        5.379804900000000274e-15
1.379999999999999893e+00        1.348938900000000052e+00        5.379804900000000274e-15
1.389999999999999902e+00        1.348938900000000052e+00        5.379804900000000274e-15
1.399999999999999911e+00        1.348938900000000052e+00        5.379804900000000274e-15
1.409999999999999920e+00        1.348938900000000052e+00        5.379804900000000274e-15
1.419999999999999929e+00        1.348938900000000052e+00        5.379804900000000274e-15
1.429999999999999938e+00        1.348938900000000052e+00        5.379804900000000274e-15
1.439999999999999947e+00        1.348938900000000052e+00        5.379804900000000274e-15
1.449999999999999956e+00        1.348938900000000052e+00        5.379804900000000274e-15
1.459999999999999964e+00        1.348938900000000052e+00        5.379804900000000274e-15
1.469999999999999973e+00        1.348938900000000052e+00        5.379804900000000274e-15
1.479999999999999982e+00        1.348938900000000052e+00        5.379804900000000274e-15
1.489999999999999991e+00        1.348938900000000052e+00        5.379804900000000274e-15
1.500000000000000000e+00        1.348938900000000052e+00        5.379804900000000274e-15
1.510000000000000009e+00        1.348938900000000052e+00        5.379804900000000274e-15
1.520000000000000018e+00        1.348938900000000052e+00        5.379804900000000274e-15
1.530000000000000027e+00        1.348938900000000052e+00        5.379804900000000274e-15
1.540000000000000036e+00        1.348938900000000052e+00        5.379804900000000274e-15
1.550000000000000044e+00        1.348938900000000052e+00        5.379804900000000274e-15
1.560000000000000053e+00        1.348938900000000052e+00        5.379804900000000274e-15
1.570000000000000062e+00        1.348938900000000052e+00        5.379804900000000274e-15
1.580000000000000071e+00        1.348938900000000052e+00        5.379804900000000274e-15
1.590000000000000080e+00        1.348938900000000052e+00        5.379804900000000274e-15
1.600000000000000089e+00        1.348938900000000052e+00        5.379804900000000274e-15
1.610000000000000098e+00        1.348938900000000052e+00        5.379804900000000274e-15
1.620000000000000107e+00        1.348938900000000052e+00        5.379804900000000274e-15
1.629999999999999893e+00        1.348938900000000052e+00        5.379804900000000274e-15
1.639999999999999902e+00        1.348938900000000052e+00        5.379804900000000274e-15
1.649999999999999911e+00        1.348938900000000052e+00        5.379804900000000274e-15
1.659999999999999920e+00        1.348938900000000052e+00        5.379804900000000274e-15
1.669999999999999929e+00        1.348938900000000052e+00        5.379804900000000274e-15
1.679999999999999938e+00        1.348938900000000052e+00        5.379804900000000274e-15
1.689999999999999947e+00        1.348938900000000052e+00        5.379804900000000274e-15
1.699999999999999956e+00        1.348938900000000052e+00        5.379804900000000274e-15
1.709999999999999964e+00        1.348938900000000052e+00        5.379804900000000274e-15
1.719999999999999973e+00        1.348938900000000052e+00        5.379804900000000274e-15
1.729999999999999982e+00        1.348938900000000052e+00        5.379804900000000274e-15
1.739999999999999991e+00        1.348938900000000052e+00        5.379804900000000274e-15
1.750000000000000000e+00        1.348938900000000052e+00        5.379804900000000274e-15
1.760000000000000009e+00        1.348938900000000052e+00        5.379804900000000274e-15
1.770000000000000018e+00        1.348938900000000052e+00        5.379804900000000274e-15
1.780000000000000027e+00        1.348938900000000052e+00        5.379804900000000274e-15
1.790000000000000036e+00        1.348938900000000052e+00        5.379804900000000274e-15
1.800000000000000044e+00        1.348938900000000052e+00        5.379804900000000274e-15
1.810000000000000053e+00        1.348938900000000052e+00        5.379804900000000274e-15
1.820000000000000062e+00        1.348938900000000052e+00        5.379804900000000274e-15
1.830000000000000071e+00        1.348938900000000052e+00        5.379804900000000274e-15
1.840000000000000080e+00        1.348938900000000052e+00        5.379804900000000274e-15
1.850000000000000089e+00        1.348938900000000052e+00        5.379804900000000274e-15
1.860000000000000098e+00        1.348938900000000052e+00        5.379804900000000274e-15
1.870000000000000107e+00        1.348938900000000052e+00        5.379804900000000274e-15
1.879999999999999893e+00        1.348938900000000052e+00        5.379804900000000274e-15
1.889999999999999902e+00        1.348938900000000052e+00        5.379804900000000274e-15
1.899999999999999911e+00        1.348938900000000052e+00        5.379804900000000274e-15
1.909999999999999920e+00        1.348938900000000052e+00        5.379804900000000274e-15
1.919999999999999929e+00        1.348938900000000052e+00        5.379804900000000274e-15
1.929999999999999938e+00        1.348938900000000052e+00        5.379804900000000274e-15
1.939999999999999947e+00        1.348938900000000052e+00        5.379804900000000274e-15
1.949999999999999956e+00        1.348938900000000052e+00        5.379804900000000274e-15
1.959999999999999964e+00        1.348938900000000052e+00        5.379804900000000274e-15
1.969999999999999973e+00        1.348938900000000052e+00        5.379804900000000274e-15
1.979999999999999982e+00        1.348938900000000052e+00        5.379804900000000274e-15
1.989999999999999991e+00        1.348938900000000052e+00        5.379804900000000274e-15
2.000000000000000000e+00        1.348938900000000052e+00        5.379804899999999623e-05
2.009999999999999787e+00        1.348895863836238718e+00        4.655921672324206710e-05
2.020000000000000018e+00        1.348894425847013689e+00        1.020532577296591004e-04
2.029999999999999805e+00        1.348962082681362640e+00        8.185242415310258233e-06
2.040000000000000036e+00        1.348859804123884176e+00        5.043657034642293525e-06
2.049999999999999822e+00        1.348843949330749359e+00        -6.721314902887854409e-06
2.060000000000000053e+00        1.348792689865951244e+00        8.717728198146735321e-06
2.069999999999999840e+00        1.348755281662201710e+00        4.256222619710813958e-05
2.080000000000000071e+00        1.348677459103419629e+00        5.037302276501709887e-05
2.089999999999999858e+00        1.348606780616403933e+00        1.248792418539868514e-05
2.100000000000000089e+00        1.348457101021021121e+00        -6.836348947771193726e-06
2.109999999999999876e+00        1.348694824973182049e+00        2.424963994641120204e-04
2.120000000000000107e+00        1.347357926681406415e+00        3.861922433718018694e-04
2.129999999999999893e+00        1.349788584616083975e+00        1.743092921078152186e-04
2.140000000000000124e+00        1.349152459516549385e+00        5.211207930926064108e-05
2.149999999999999911e+00        1.348864626293776237e+00        3.217339110079660362e-05
2.160000000000000142e+00        1.348700478753883214e+00        -2.120423147080396578e-05
2.169999999999999929e+00        1.348590371883660044e+00        1.657210227688511503e-10
2.180000000000000160e+00        1.348313232359912073e+00        5.312970580505492535e-06
2.189999999999999947e+00        1.348673246521568947e+00        3.865285716982202140e-05
2.200000000000000178e+00        1.348237637778353593e+00        3.922337644329062947e-05
2.209999999999999964e+00        1.347677959440959139e+00        -1.040838029230481776e-05
2.220000000000000195e+00        1.344509863666665250e+00        1.087390273172249072e-03
2.229999999999999982e+00        1.350912111536482829e+00        4.790751229356758839e-04
2.240000000000000213e+00        1.349380997572913188e+00        2.669809752560549858e-05
2.250000000000000000e+00        1.348601225075150012e+00        9.755258110531592934e-05
2.259999999999999787e+00        1.348546105348465529e+00        7.121939140473474306e-04
2.270000000000000018e+00        1.349099725504915082e+00        2.339568111965703730e-04
2.279999999999999805e+00        1.349046721662441550e+00        1.030781024868031201e-04
2.290000000000000036e+00        1.348713999999999968e+00        2.355688755861307790e-05
2.299999999999999822e+00        1.348331525234925055e+00        -2.939605345135641313e-06
2.310000000000000053e+00        1.347688302741272715e+00        -3.913040107096855047e-05
2.319999999999999840e+00        1.345340420890393407e+00        2.996823788096584108e-03
2.330000000000000071e+00        1.350676216920375650e+00        9.186235387191742270e-04
2.339999999999999858e+00        1.349011360393764569e+00        3.160673661786886270e-03
2.350000000000000089e+00        1.349849126040500114e+00        5.279549066248260023e-05
2.359999999999999876e+00        1.349329880700176787e+00        -8.350351663544240073e-06
2.370000000000000107e+00        1.348933276525654090e+00        -2.693519697428644905e-05
2.379999999999999893e+00        1.348108415299939189e+00        9.133747768536760331e-05
2.390000000000000124e+00        1.351971665049422455e+00        9.669268828403821845e-04
2.399999999999999911e+00        1.349706666751872008e+00        8.041922667391563034e-05
2.410000000000000142e+00        1.349348664912087603e+00        -1.777923360153414002e-05
2.419999999999999929e+00        1.349142374937784883e+00        -9.179084848006883849e-06
2.430000000000000160e+00        1.349066869110911782e+00        1.015206428283484879e-05
2.439999999999999947e+00        1.348980902192798093e+00        9.511974022678445844e-05
2.450000000000000178e+00        1.348973651413624797e+00        7.726323006329376911e-05
2.459999999999999964e+00        1.348929406520000152e+00        -1.410750200759999516e-05
2.470000000000000195e+00        1.348884672845278132e+00        -1.005760582003484821e-05
2.479999999999999982e+00        1.348800800481898543e+00        -1.040924709640268196e-06
2.490000000000000213e+00        1.348765999999999909e+00        -5.263106306748650346e-06
2.500000000000000000e+00        1.348773000000000000e+00        -6.364318799999999792e-06
2.509999999999999787e+00        1.348676637472000062e+00        -2.852632228748343051e-06
2.520000000000000018e+00        1.348658052946126507e+00        -8.956146261383399822e-06
2.529999999999999805e+00        1.348621154489085594e+00        1.193001747203735286e-07
2.540000000000000036e+00        1.348581122053200021e+00        -8.220055594466815885e-06
2.549999999999999822e+00        1.348508371204897083e+00        9.398893997288187770e-06
2.560000000000000053e+00        1.348505750403982795e+00        6.495265389250982648e-06
2.569999999999999840e+00        1.348314494143999953e+00        2.578227614860309144e-04
2.580000000000000071e+00        1.348546844968000036e+00        3.270557242033498820e-05
2.589999999999999858e+00        1.348526980694000121e+00        2.362374300726714267e-05
2.600000000000000089e+00        1.348445307683999950e+00        1.604766922555920963e-05
2.609999999999999876e+00        1.348330911461712134e+00        -1.414004098359838838e-06
2.620000000000000107e+00        1.348572091644224535e+00        2.423972423878434292e-04
2.629999999999999893e+00        1.348405256482555714e+00        2.997769416977226329e-05
2.640000000000000124e+00        1.348370615203200007e+00        5.323579928807153133e-06
2.649999999999999911e+00        1.348306772323755620e+00        2.012801656557750037e-05
2.660000000000000142e+00        1.348273978934187767e+00        5.139289940075819364e-05
2.669999999999999929e+00        1.348257104830625774e+00        -4.501949659643482330e-06
2.680000000000000160e+00        1.348212716787174470e+00        2.222048874266019456e-05
2.689999999999999947e+00        1.348181360746480539e+00        3.108074655869397506e-05
2.700000000000000178e+00        1.348143445126602336e+00        2.140151980195333233e-05
2.709999999999999964e+00        1.348089553530000151e+00        4.556715736754316132e-06
2.720000000000000195e+00        1.348005531005266766e+00        -1.025944360948629653e-06
2.729999999999999982e+00        1.347897116484400026e+00        2.062261826763596353e-04
2.740000000000000213e+00        1.347997873888831410e+00        2.204947368381260841e-04
2.750000000000000000e+00        1.347995999999999972e+00        3.156345252749125628e-04
2.759999999999999787e+00        1.348153963764800123e+00        3.550381472735966498e-04
2.770000000000000018e+00        1.348250541530000124e+00        1.458147204430073859e-04
2.779999999999999805e+00        1.348092484943600011e+00        4.350894987211902754e-05
2.790000000000000036e+00        1.348043264830435684e+00        5.497914705738599978e-05
2.799999999999999822e+00        1.347999286441614375e+00        2.973123778087585100e-05
2.810000000000000053e+00        1.347929564699881455e+00        1.965362108787476069e-05
2.819999999999999840e+00        1.347886992936000006e+00        1.484129239769423154e-05
2.830000000000000071e+00        1.347835924885070202e+00        -9.719207504661356715e-06
2.839999999999999858e+00        1.347706901447999872e+00        3.029267957871900976e-05
2.850000000000000089e+00        1.347724140414211069e+00        7.572062534624349737e-05
2.859999999999999876e+00        1.347671482520650832e+00        7.763010913400981300e-05
2.870000000000000107e+00        1.347637100000000032e+00        1.022101655012587604e-04
2.879999999999999893e+00        1.347628333517149057e+00        1.424168937893261606e-04
2.890000000000000124e+00        1.347627228500643648e+00        4.202589064816176064e-05
2.899999999999999911e+00        1.347546138541237504e+00        7.045172797262492343e-05
2.910000000000000142e+00        1.347533782136117742e+00        1.333518268584455411e-04
2.919999999999999929e+00        1.347425496613630536e+00        8.732532164462736334e-05
2.930000000000000160e+00        1.347357539272000082e+00        4.164402055293786766e-05
2.939999999999999947e+00        1.347372606263884665e+00        5.381070438648054136e-05
2.950000000000000178e+00        1.347303542350000161e+00        6.864681671275973799e-05
2.959999999999999964e+00        1.347242000000000051e+00        7.974046700584692244e-05
2.970000000000000195e+00        1.347178018519600062e+00        6.232878606546262995e-05
2.979999999999999982e+00        1.347116470939777155e+00        7.898234465691712531e-05
2.990000000000000213e+00        1.347087591866903189e+00        7.313504286502231955e-05
3.000000000000000000e+00        1.347000999999999893e+00        5.469319587835858352e-05
3.009999999999999787e+00        1.346924225425663035e+00        5.510222687458182669e-05
3.020000000000000018e+00        1.346877320703862457e+00        9.807887237571719197e-06
3.029999999999999805e+00        1.346724222419355188e+00        -1.499208772762683747e-05
3.040000000000000036e+00        1.346590211399982362e+00        2.002996313746498221e-05
3.049999999999999822e+00        1.346504096514138160e+00        4.523046135297559013e-05
3.060000000000000053e+00        1.346391130712000006e+00        5.466087305480803583e-05
3.069999999999999840e+00        1.346298581151296414e+00        6.215622780852558956e-05
3.080000000000000071e+00        1.346162596767140229e+00        6.030844844067235154e-05
3.089999999999999858e+00        1.346052609295398161e+00        5.356756285421885081e-05
3.100000000000000089e+00        1.345901903219999918e+00        5.626090503585763787e-05
3.109999999999999876e+00        1.345661683024300226e+00        -3.428250102922663999e-05
3.120000000000000107e+00        1.345381564159999987e+00        4.754611017272089660e-05
3.129999999999999893e+00        1.345221278639000095e+00        6.026699193499025748e-05
3.140000000000000124e+00        1.344873533421802270e+00        1.171943275780404105e-05
3.149999999999999911e+00        1.344504107671618653e+00        1.008054209258151939e-04
3.160000000000000142e+00        1.344185685671401398e+00        7.982141169786096313e-05
3.169999999999999929e+00        1.343634560322589433e+00        1.335104595395044285e-05
3.180000000000000160e+00        1.342885131668593468e+00        -2.625539440471654989e-05
3.189999999999999947e+00        1.341946625541518889e+00        -5.314214152386952144e-06
3.200000000000000178e+00        1.340500000000000025e+00        -1.726687000000000024e-04
3.209999999999999964e+00        1.337833933093715011e+00        -4.810570958039553846e-04
3.220000000000000195e+00        1.331453518802974134e+00        -8.426536164467694550e-04
3.229999999999999982e+00        1.305487030200000342e+00        1.188493100671938682e-02
3.240000000000000213e+00        1.402331881920084955e+00        3.839170869641150841e-02
3.250000000000000000e+00        1.361124389999999851e+00        3.836257180919971314e-03
3.259999999999999787e+00        1.349989909492208096e+00        1.687470635801405910e-02
3.270000000000000018e+00        1.357315347491999891e+00        2.360442333365986214e-03
3.279999999999999805e+00        1.354384511979974004e+00        1.636226376209326669e-03
3.290000000000000036e+00        1.352269596802048834e+00        6.157500903776831798e-04
3.299999999999999822e+00        1.350787493622267021e+00        2.929455945154895943e-04
3.310000000000000053e+00        1.349444985238000161e+00        9.208152519284394124e-05
3.319999999999999840e+00        1.347734012704000062e+00        2.318686357805580390e-05
3.330000000000000071e+00        1.346797720767999973e+00        2.383082079618398155e-04
3.339999999999999858e+00        1.344531970372000229e+00        -3.042287198968189436e-04
3.350000000000000089e+00        1.337625437600000078e+00        -1.009669944844988855e-03
3.359999999999999876e+00        1.302761957958402439e+00        3.451306363640999075e-02
3.370000000000000107e+00        1.365959615047840581e+00        5.628241169849501624e-03
3.379999999999999893e+00        1.357946901541839946e+00        1.963207770539467534e-03
3.390000000000000124e+00        1.355107077299999796e+00        1.366508476499984004e-03
3.399999999999999911e+00        1.353564058999999986e+00        1.146178469599999812e-03
3.410000000000000142e+00        1.352760832608235431e+00        1.162774046946514483e-03
3.419999999999999929e+00        1.352368725223199952e+00        1.044076026576002585e-03
3.430000000000000160e+00        1.352005636201878636e+00        7.579178957528650987e-04
3.439999999999999947e+00        1.351510069823999904e+00        6.239544688287983979e-04
3.450000000000000178e+00        1.351178520295911234e+00        5.519203352969703248e-04
3.459999999999999964e+00        1.350789803540000111e+00        4.800332422212051598e-04
3.470000000000000195e+00        1.350437764216600112e+00        1.062100643622016210e-03
3.479999999999999982e+00        1.350637842133518340e+00        1.064568665221296779e-03
3.490000000000000213e+00        1.351007360599091989e+00        7.655619010694752168e-04
3.500000000000000000e+00        1.350750714299999933e+00        4.761225549259999468e-04
3.509999999999999787e+00        1.350653212543399873e+00        2.293542981624019676e-04
3.520000000000000018e+00        1.350383727360000119e+00        7.225614092818991529e-05
3.529999999999999805e+00        1.350105447712000029e+00        6.533516648799432064e-07
3.540000000000000036e+00        1.349961469000000136e+00        1.710312406779998444e-05
3.549999999999999822e+00        1.349794042359999890e+00        -1.290569599599992910e-05
3.560000000000000053e+00        1.349660056176000156e+00        3.078530155603482234e-06
3.569999999999999840e+00        1.349563011289999892e+00        -1.342907505879879764e-05
3.580000000000000071e+00        1.349445364935947467e+00        -3.287822000302897740e-05
3.589999999999999858e+00        1.349315576542693185e+00        -2.590918269650227017e-05
3.600000000000000089e+00        1.349234866564874125e+00        -1.077678355496207204e-05
3.609999999999999876e+00        1.349138603672999981e+00        -4.203092799697790262e-06
3.620000000000000107e+00        1.349111379950212131e+00        -2.954602988148299087e-05
3.629999999999999893e+00        1.348997895309999917e+00        -1.493023234319397638e-05
3.640000000000000124e+00        1.348925398623570082e+00        -8.850872614642079148e-06
3.649999999999999911e+00        1.348844259937941992e+00        -7.675005469419583736e-07
3.660000000000000142e+00        1.348795282068867785e+00        5.345502447089760066e-06
3.669999999999999929e+00        1.348739021807704663e+00        2.779717367467288426e-05
3.680000000000000160e+00        1.348696775309472740e+00        2.940224879072559347e-06
3.689999999999999947e+00        1.348651593469999854e+00        1.734022384240461017e-05
3.700000000000000178e+00        1.348591517771994264e+00        -1.344370859533345112e-05
3.709999999999999964e+00        1.348515357461886444e+00        -2.411457970353471757e-05
3.720000000000000195e+00        1.348457153753600091e+00        -2.393518831014611162e-06
3.729999999999999982e+00        1.348393494669199999e+00        -2.359280622211999958e-05
3.740000000000000213e+00        1.348308967900749167e+00        -1.472544103665715004e-05
3.750000000000000000e+00        1.348187999999999942e+00        1.816313626352227431e-05
3.759999999999999787e+00        1.348006231861164528e+00        1.378722750438913733e-04
3.770000000000000018e+00        1.348699645566929783e+00        4.764604284110700761e-04
3.779999999999999805e+00        1.348397052932818418e+00        2.771269932182472738e-05
3.790000000000000036e+00        1.348285224086389622e+00        7.741375076545198598e-06
3.799999999999999822e+00        1.348197772484033941e+00        -8.309683628781839936e-06
3.810000000000000053e+00        1.348156077831642596e+00        -1.129174634793628938e-05
3.819999999999999840e+00        1.348093973819999958e+00        -1.355037345899801823e-06
3.830000000000000071e+00        1.348041914569600097e+00        3.721761403384086193e-06
3.839999999999999858e+00        1.348014333312000046e+00        3.183844179495024026e-06
3.850000000000000089e+00        1.347980026949127774e+00        -3.074815309028359816e-05
3.859999999999999876e+00        1.347906569180372216e+00        -3.620685352235547972e-05
3.870000000000000107e+00        1.347860882960800089e+00        -5.437614268510922058e-05
3.879999999999999893e+00        1.347776794767714170e+00        -3.211400364377070776e-05
3.890000000000000124e+00        1.347741529808524907e+00        7.717113199166634574e-06
3.899999999999999911e+00        1.347727025680000024e+00        1.410723973923742636e-05
3.910000000000000142e+00        1.347716723577261799e+00        -1.771594519717301624e-06
3.919999999999999929e+00        1.347668395939199959e+00        -4.142664939865645113e-05
3.930000000000000160e+00        1.347592230911285327e+00        -4.836405602715248777e-05
3.939999999999999947e+00        1.347513066044000007e+00        -1.880367589150634355e-05
3.950000000000000178e+00        1.347476227475707278e+00        -2.649119761230372395e-06
3.959999999999999964e+00        1.347440124814606621e+00        1.564391164909652413e-05
3.970000000000000195e+00        1.347410999999999914e+00        1.597336489439790829e-05
3.979999999999999982e+00        1.347347186231328875e+00        4.400562321103170671e-05
3.990000000000000213e+00        1.347275671497361715e+00        6.618250049437421388e-05
4.000000000000000000e+00        1.347331000000000056e+00        2.542179099999999914e-04
4.009999999999999787e+00        1.347383311422083452e+00        5.034920825279772601e-05
4.019999999999999574e+00        1.347292053234966147e+00        1.476334338461451266e-05
4.030000000000000249e+00        1.347218999999999944e+00        3.198000937696104246e-05
4.040000000000000036e+00        1.347161099999999889e+00        4.836746181007193341e-05
4.049999999999999822e+00        1.347129395150000075e+00        3.779149491972494466e-05
4.059999999999999609e+00        1.347076083808000035e+00        4.171043487913121266e-05
4.070000000000000284e+00        1.347010012286000036e+00        3.770759416547906864e-05
4.080000000000000071e+00        1.346891705903999981e+00        4.091936319780887680e-05
4.089999999999999858e+00        1.346754061119999957e+00        1.186989597151956276e-04
4.099999999999999645e+00        1.346595073320000058e+00        1.451452875079967467e-04
4.110000000000000320e+00        1.345907754970000036e+00        8.497007604962474644e-04
4.120000000000000107e+00        1.348121269299199954e+00        3.174074178483602608e-04
4.129999999999999893e+00        1.347333840377188841e+00        6.259054395687091551e-05
4.139999999999999680e+00        1.347117179633332329e+00        5.383343199411546508e-05
4.150000000000000355e+00        1.347068634100888396e+00        1.218939389848957172e-04
4.160000000000000142e+00        1.346977207705600144e+00        6.570224240825549874e-05
4.169999999999999929e+00        1.346902000000000044e+00        7.129630267730363406e-05
4.179999999999999716e+00        1.346839168598608749e+00        7.193964443439895492e-05
4.190000000000000391e+00        1.346778521469831125e+00        9.574921925390951006e-05
4.200000000000000178e+00        1.346776238079999910e+00        1.485984125280004234e-04
4.209999999999999964e+00        1.346781424119958048e+00        8.302265853433031680e-05
4.219999999999999751e+00        1.346735636313467932e+00        8.221126018501864741e-05
4.230000000000000426e+00        1.346677014071999912e+00        6.180345966528168601e-05
4.240000000000000213e+00        1.346587641304967775e+00        7.386200201792539647e-05
4.250000000000000000e+00        1.346533117699999949e+00        6.339623941399923307e-05
4.259999999999999787e+00        1.346462806573010651e+00        6.204078895737915938e-05
4.269999999999999574e+00        1.346396369695999962e+00        3.804129144328576169e-04
4.280000000000000249e+00        1.346673135474053762e+00        8.299241009883034990e-05
4.290000000000000036e+00        1.346498104903999904e+00        3.320304465852858625e-06
4.299999999999999822e+00        1.346400373690137764e+00        7.235371276208011422e-05
4.309999999999999609e+00        1.346366928080000136e+00        4.160959178473200455e-05
4.320000000000000284e+00        1.346279999999999921e+00        4.268203264896321331e-05
4.330000000000000071e+00        1.346218032858471414e+00        5.120662061801658355e-05
4.339999999999999858e+00        1.346159525312000005e+00        9.299931514195160568e-05
4.349999999999999645e+00        1.346101241329999976e+00        1.262509232099941355e-04
4.360000000000000320e+00        1.346094558109265149e+00        1.326024810944676511e-04
4.370009999999999728e+00        1.346074416078892222e+00        1.356795824250551109e-04
4.380010000000000403e+00        1.346031996293088007e+00        1.165882262808407065e-04
4.390010000000000190e+00        1.345979495717857910e+00        1.074291626305291244e-04
4.400009999999999977e+00        1.345874220726676285e+00        1.032209362349139134e-04
4.410009999999999764e+00        1.345744369762489123e+00        1.215929178188709508e-04
4.420010000000000439e+00        1.345595383846379667e+00        2.710893124720069477e-04
4.430010000000000225e+00        1.345587307997204940e+00        5.766186705177065580e-04
4.440010000000000012e+00        1.346173627132511763e+00        7.416825689876962785e-04
4.450009999999999799e+00        1.346137361295642876e+00        2.315305076203739044e-04
4.460009999999999586e+00        1.345952638622102349e+00        1.385837573843495569e-04
4.470010000000000261e+00        1.345814635528134184e+00        1.154346809554105958e-04
4.480010000000000048e+00        1.345731000000000011e+00        1.442867625385303189e-04
4.490009999999999835e+00        1.345662167327871916e+00        1.556054308305254014e-04
4.500009999999999621e+00        1.345595518820868808e+00        1.434621686715651214e-04
4.510010000000000296e+00        1.345539350499699749e+00        1.562014908508377493e-04
4.520010000000000083e+00        1.345476383178004331e+00        1.564784586062468519e-04
4.530009999999999870e+00        1.345425000000000093e+00        1.711658816083808945e-04
4.540009999999999657e+00        1.345332956052660789e+00        1.669120350928008072e-04
4.550010000000000332e+00        1.345287947327955980e+00        1.656306006386767872e-04
4.560010000000000119e+00        1.345175000000000010e+00        1.682855793344119105e-04
4.570009999999999906e+00        1.345062951050919997e+00        1.477125453324506761e-04
4.580009999999999692e+00        1.344912106502373694e+00        1.737308982608195456e-04
4.590010000000000367e+00        1.344602997471262107e+00        1.621478661866711810e-04
4.600010000000000154e+00        1.343894665772704000e+00        6.404209872753721840e-04
4.610009999999999941e+00        1.344076644253829889e+00        1.929326638788873881e-03
4.620009999999999728e+00        1.345772889579724518e+00        1.932838117786622343e-03
4.630010000000000403e+00        1.346081887245839992e+00        1.141628127563957878e-03
4.640010000000000190e+00        1.345985872004040074e+00        6.266143393049783752e-04
4.650009999999999977e+00        1.345777313942805753e+00        3.401665860272663007e-04
4.660009999999999764e+00        1.345528135120962032e+00        2.067651212327565572e-04
4.670010000000000439e+00        1.345366462076409642e+00        1.602564786505928805e-04
4.680010000000000225e+00        1.345207688711122396e+00        1.337059594332006874e-04
4.690010000000000012e+00        1.345086802387510883e+00        1.297858776327474731e-04
4.700009999999999799e+00        1.344972824681629486e+00        1.459805184338551802e-04
4.710009999999999586e+00        1.344875757607655320e+00        1.607478676184267671e-04
4.720010000000000261e+00        1.344809672777458553e+00        1.586905008557322819e-04
4.730010000000000048e+00        1.344710128544533312e+00        1.465985672087605457e-04
4.740009999999999835e+00        1.344613502179707654e+00        1.662903736847385976e-04
4.750009999999999621e+00        1.344539161129421290e+00        1.285503782831082687e-04
4.760010000000000296e+00        1.344433999999999907e+00        1.647244146679676508e-04
4.770010000000000083e+00        1.344329952034484688e+00        1.305294121025725223e-04
4.780009999999999870e+00        1.344222152097546807e+00        1.560132717760746932e-04
4.790009999999999657e+00        1.344113130300465864e+00        1.425125093815683588e-04
4.800010000000000332e+00        1.343989743258373393e+00        1.423519410207680421e-04
4.810019999999999740e+00        1.343831835878740000e+00        1.534508851782513791e-04
4.820020000000000415e+00        1.343684642721178824e+00        1.688565726043278286e-04
4.830020000000000202e+00        1.343498303372829383e+00        1.680015442148240364e-04
4.840019999999999989e+00        1.343277966028004089e+00        1.544065949265272842e-04
4.850019999999999776e+00        1.342949378394007631e+00        1.684576793428124491e-04
4.860019999999999563e+00        1.342503759652397655e+00        1.701578696893631863e-04
4.870020000000000238e+00        1.341762354860338569e+00        4.889513277626101858e-04
4.880020000000000024e+00        1.340886140953952088e+00        1.098516803474028749e-03
4.890019999999999811e+00        1.339328773277280060e+00        3.127801115580929308e-03
4.900019999999999598e+00        1.342764649660551202e+00        1.057351744059165967e-02
4.910020000000000273e+00        1.348521526429123041e+00        2.765100668794696209e-03
4.920020000000000060e+00        1.346100060003218246e+00        1.089934017595554005e-03
4.930019999999999847e+00        1.345269240796109766e+00        7.378128115366995110e-04
4.940019999999999634e+00        1.344691455066029606e+00        6.304333789856788987e-04
4.950020000000000309e+00        1.344316600795479877e+00        6.417793082030301367e-04
4.960020000000000095e+00        1.344020254448895946e+00        6.501743285828562357e-04
4.970019999999999882e+00        1.343794541513234408e+00        6.872665638881896846e-04
4.980019999999999669e+00        1.343590235677918576e+00        7.119636448529223895e-04
4.990020000000000344e+00        1.343394999358783926e+00        7.596486947312945485e-04
