# wav(mic), n, k
2.999999999999999889e-01        1.349055099999999952e+00        0.000000000000000000e+00
3.099999999999999978e-01        1.349055099999999952e+00        0.000000000000000000e+00
3.200000000000000067e-01        1.349055099999999952e+00        0.000000000000000000e+00
3.300000000000000155e-01        1.349055099999999952e+00        0.000000000000000000e+00
3.400000000000000244e-01        1.349055099999999952e+00        0.000000000000000000e+00
3.499999999999999778e-01        1.349055099999999952e+00        0.000000000000000000e+00
3.599999999999999867e-01        1.349055099999999952e+00        0.000000000000000000e+00
3.699999999999999956e-01        1.349055099999999952e+00        0.000000000000000000e+00
3.800000000000000044e-01        1.349055099999999952e+00        0.000000000000000000e+00
3.900000000000000133e-01        1.349055099999999952e+00        0.000000000000000000e+00
4.000000000000000222e-01        1.349055099999999952e+00        0.000000000000000000e+00
4.099999999999999756e-01        1.349055099999999952e+00        0.000000000000000000e+00
4.199999999999999845e-01        1.349055099999999952e+00        0.000000000000000000e+00
4.299999999999999933e-01        1.349055099999999952e+00        0.000000000000000000e+00
4.400000000000000022e-01        1.349055099999999952e+00        0.000000000000000000e+00
4.500000000000000111e-01        1.349055099999999952e+00        0.000000000000000000e+00
4.600000000000000200e-01        1.349055099999999952e+00        0.000000000000000000e+00
4.699999999999999734e-01        1.349055099999999952e+00        0.000000000000000000e+00
4.799999999999999822e-01        1.349055099999999952e+00        0.000000000000000000e+00
4.899999999999999911e-01        1.349055099999999952e+00        0.000000000000000000e+00
5.000000000000000000e-01        1.349055099999999952e+00        0.000000000000000000e+00
5.100000000000000089e-01        1.349055099999999952e+00        0.000000000000000000e+00
5.200000000000000178e-01        1.349055099999999952e+00        0.000000000000000000e+00
5.300000000000000266e-01        1.349055099999999952e+00        0.000000000000000000e+00
5.400000000000000355e-01        1.349055099999999952e+00        0.000000000000000000e+00
5.500000000000000444e-01        1.349055099999999952e+00        0.000000000000000000e+00
5.600000000000000533e-01        1.349055099999999952e+00        0.000000000000000000e+00
5.699999999999999512e-01        1.349055099999999952e+00        0.000000000000000000e+00
5.799999999999999600e-01        1.349055099999999952e+00        0.000000000000000000e+00
5.899999999999999689e-01        1.349055099999999952e+00        0.000000000000000000e+00
5.999999999999999778e-01        1.349055099999999952e+00        0.000000000000000000e+00
6.099999999999999867e-01        1.349055099999999952e+00        0.000000000000000000e+00
6.199999999999999956e-01        1.349055099999999952e+00        0.000000000000000000e+00
6.300000000000000044e-01        1.349055099999999952e+00        0.000000000000000000e+00
6.400000000000000133e-01        1.349055099999999952e+00        0.000000000000000000e+00
6.500000000000000222e-01        1.349055099999999952e+00        0.000000000000000000e+00
6.600000000000000311e-01        1.349055099999999952e+00        0.000000000000000000e+00
6.700000000000000400e-01        1.349055099999999952e+00        0.000000000000000000e+00
6.800000000000000488e-01        1.349055099999999952e+00        0.000000000000000000e+00
6.899999999999999467e-01        1.349055099999999952e+00        0.000000000000000000e+00
6.999999999999999556e-01        1.349055099999999952e+00        0.000000000000000000e+00
7.099999999999999645e-01        1.349055099999999952e+00        0.000000000000000000e+00
7.199999999999999734e-01        1.349055099999999952e+00        0.000000000000000000e+00
7.299999999999999822e-01        1.349055099999999952e+00        0.000000000000000000e+00
7.399999999999999911e-01        1.349055099999999952e+00        0.000000000000000000e+00
7.500000000000000000e-01        1.349055099999999952e+00        0.000000000000000000e+00
7.600000000000000089e-01        1.349055099999999952e+00        0.000000000000000000e+00
7.700000000000000178e-01        1.349055099999999952e+00        0.000000000000000000e+00
7.800000000000000266e-01        1.349055099999999952e+00        0.000000000000000000e+00
7.900000000000000355e-01        1.349055099999999952e+00        0.000000000000000000e+00
8.000000000000000444e-01        1.349055099999999952e+00        0.000000000000000000e+00
8.100000000000000533e-01        1.349055099999999952e+00        0.000000000000000000e+00
8.199999999999999512e-01        1.349055099999999952e+00        0.000000000000000000e+00
8.299999999999999600e-01        1.349055099999999952e+00        0.000000000000000000e+00
8.399999999999999689e-01        1.349055099999999952e+00        0.000000000000000000e+00
8.499999999999999778e-01        1.349055099999999952e+00        0.000000000000000000e+00
8.599999999999999867e-01        1.349055099999999952e+00        0.000000000000000000e+00
8.699999999999999956e-01        1.349055099999999952e+00        0.000000000000000000e+00
8.800000000000000044e-01        1.349055099999999952e+00        0.000000000000000000e+00
8.900000000000000133e-01        1.349055099999999952e+00        0.000000000000000000e+00
9.000000000000000222e-01        1.349055099999999952e+00        0.000000000000000000e+00
9.100000000000000311e-01        1.349055099999999952e+00        0.000000000000000000e+00
9.200000000000000400e-01        1.349055099999999952e+00        0.000000000000000000e+00
9.300000000000000488e-01        1.349055099999999952e+00        0.000000000000000000e+00
9.399999999999999467e-01        1.349055099999999952e+00        0.000000000000000000e+00
9.499999999999999556e-01        1.349055099999999952e+00        0.000000000000000000e+00
9.599999999999999645e-01        1.349055099999999952e+00        0.000000000000000000e+00
9.699999999999999734e-01        1.349055099999999952e+00        0.000000000000000000e+00
9.799999999999999822e-01        1.349055099999999952e+00        0.000000000000000000e+00
9.899999999999999911e-01        1.349055099999999952e+00        0.000000000000000000e+00
1.000000000000000000e+00        1.349055099999999952e+00        0.000000000000000000e+00
1.010000000000000009e+00        1.349055099999999952e+00        0.000000000000000000e+00
1.020000000000000018e+00        1.349055099999999952e+00        0.000000000000000000e+00
1.030000000000000027e+00        1.349055099999999952e+00        0.000000000000000000e+00
1.040000000000000036e+00        1.349055099999999952e+00        0.000000000000000000e+00
1.050000000000000044e+00        1.349055099999999952e+00        0.000000000000000000e+00
1.060000000000000053e+00        1.349055099999999952e+00        0.000000000000000000e+00
1.070000000000000062e+00        1.349055099999999952e+00        0.000000000000000000e+00
1.080000000000000071e+00        1.349055099999999952e+00        0.000000000000000000e+00
1.090000000000000080e+00        1.349055099999999952e+00        0.000000000000000000e+00
1.100000000000000089e+00        1.349055099999999952e+00        0.000000000000000000e+00
1.110000000000000098e+00        1.349055099999999952e+00        0.000000000000000000e+00
1.120000000000000107e+00        1.349055099999999952e+00        0.000000000000000000e+00
1.129999999999999893e+00        1.349055099999999952e+00        0.000000000000000000e+00
1.139999999999999902e+00        1.349055099999999952e+00        0.000000000000000000e+00
1.149999999999999911e+00        1.349055099999999952e+00        0.000000000000000000e+00
1.159999999999999920e+00        1.349055099999999952e+00        0.000000000000000000e+00
1.169999999999999929e+00        1.349055099999999952e+00        0.000000000000000000e+00
1.179999999999999938e+00        1.349055099999999952e+00        0.000000000000000000e+00
1.189999999999999947e+00        1.349055099999999952e+00        0.000000000000000000e+00
1.199999999999999956e+00        1.349055099999999952e+00        0.000000000000000000e+00
1.209999999999999964e+00        1.349055099999999952e+00        0.000000000000000000e+00
1.219999999999999973e+00        1.349055099999999952e+00        0.000000000000000000e+00
1.229999999999999982e+00        1.349055099999999952e+00        0.000000000000000000e+00
1.239999999999999991e+00        1.349055099999999952e+00        0.000000000000000000e+00
1.250000000000000000e+00        1.349055099999999952e+00        0.000000000000000000e+00
1.260000000000000009e+00        1.349055099999999952e+00        0.000000000000000000e+00
1.270000000000000018e+00        1.349055099999999952e+00        0.000000000000000000e+00
1.280000000000000027e+00        1.349055099999999952e+00        0.000000000000000000e+00
1.290000000000000036e+00        1.349055099999999952e+00        0.000000000000000000e+00
1.300000000000000044e+00        1.349055099999999952e+00        0.000000000000000000e+00
1.310000000000000053e+00        1.349055099999999952e+00        0.000000000000000000e+00
1.320000000000000062e+00        1.349055099999999952e+00        0.000000000000000000e+00
1.330000000000000071e+00        1.349055099999999952e+00        0.000000000000000000e+00
1.340000000000000080e+00        1.349055099999999952e+00        0.000000000000000000e+00
1.350000000000000089e+00        1.349055099999999952e+00        0.000000000000000000e+00
1.360000000000000098e+00        1.349055099999999952e+00        0.000000000000000000e+00
1.370000000000000107e+00        1.349055099999999952e+00        0.000000000000000000e+00
1.379999999999999893e+00        1.349055099999999952e+00        0.000000000000000000e+00
1.389999999999999902e+00        1.349055099999999952e+00        0.000000000000000000e+00
1.399999999999999911e+00        1.349055099999999952e+00        0.000000000000000000e+00
1.409999999999999920e+00        1.349055099999999952e+00        0.000000000000000000e+00
1.419999999999999929e+00        1.349055099999999952e+00        0.000000000000000000e+00
1.429999999999999938e+00        1.349055099999999952e+00        0.000000000000000000e+00
1.439999999999999947e+00        1.349055099999999952e+00        0.000000000000000000e+00
1.449999999999999956e+00        1.349055099999999952e+00        0.000000000000000000e+00
1.459999999999999964e+00        1.349055099999999952e+00        0.000000000000000000e+00
1.469999999999999973e+00        1.349055099999999952e+00        0.000000000000000000e+00
1.479999999999999982e+00        1.349055099999999952e+00        0.000000000000000000e+00
1.489999999999999991e+00        1.349055099999999952e+00        0.000000000000000000e+00
1.500000000000000000e+00        1.349055099999999952e+00        0.000000000000000000e+00
1.510000000000000009e+00        1.349055099999999952e+00        0.000000000000000000e+00
1.520000000000000018e+00        1.349055099999999952e+00        0.000000000000000000e+00
1.530000000000000027e+00        1.349055099999999952e+00        0.000000000000000000e+00
1.540000000000000036e+00        1.349055099999999952e+00        0.000000000000000000e+00
1.550000000000000044e+00        1.349055099999999952e+00        0.000000000000000000e+00
1.560000000000000053e+00        1.349055099999999952e+00        0.000000000000000000e+00
1.570000000000000062e+00        1.349055099999999952e+00        0.000000000000000000e+00
1.580000000000000071e+00        1.349055099999999952e+00        0.000000000000000000e+00
1.590000000000000080e+00        1.349055099999999952e+00        0.000000000000000000e+00
1.600000000000000089e+00        1.349055099999999952e+00        0.000000000000000000e+00
1.610000000000000098e+00        1.349055099999999952e+00        0.000000000000000000e+00
1.620000000000000107e+00        1.349055099999999952e+00        0.000000000000000000e+00
1.629999999999999893e+00        1.349055099999999952e+00        0.000000000000000000e+00
1.639999999999999902e+00        1.349055099999999952e+00        0.000000000000000000e+00
1.649999999999999911e+00        1.349055099999999952e+00        0.000000000000000000e+00
1.659999999999999920e+00        1.349055099999999952e+00        0.000000000000000000e+00
1.669999999999999929e+00        1.349055099999999952e+00        0.000000000000000000e+00
1.679999999999999938e+00        1.349055099999999952e+00        0.000000000000000000e+00
1.689999999999999947e+00        1.349055099999999952e+00        0.000000000000000000e+00
1.699999999999999956e+00        1.349055099999999952e+00        0.000000000000000000e+00
1.709999999999999964e+00        1.349055099999999952e+00        0.000000000000000000e+00
1.719999999999999973e+00        1.349055099999999952e+00        0.000000000000000000e+00
1.729999999999999982e+00        1.349055099999999952e+00        0.000000000000000000e+00
1.739999999999999991e+00        1.349055099999999952e+00        0.000000000000000000e+00
1.750000000000000000e+00        1.349055099999999952e+00        0.000000000000000000e+00
1.760000000000000009e+00        1.349055099999999952e+00        0.000000000000000000e+00
1.770000000000000018e+00        1.349055099999999952e+00        0.000000000000000000e+00
1.780000000000000027e+00        1.349055099999999952e+00        0.000000000000000000e+00
1.790000000000000036e+00        1.349055099999999952e+00        0.000000000000000000e+00
1.800000000000000044e+00        1.349055099999999952e+00        0.000000000000000000e+00
1.810000000000000053e+00        1.349055099999999952e+00        0.000000000000000000e+00
1.820000000000000062e+00        1.349055099999999952e+00        0.000000000000000000e+00
1.830000000000000071e+00        1.349055099999999952e+00        0.000000000000000000e+00
1.840000000000000080e+00        1.349055099999999952e+00        0.000000000000000000e+00
1.850000000000000089e+00        1.349055099999999952e+00        0.000000000000000000e+00
1.860000000000000098e+00        1.349055099999999952e+00        0.000000000000000000e+00
1.870000000000000107e+00        1.349055099999999952e+00        0.000000000000000000e+00
1.879999999999999893e+00        1.349055099999999952e+00        0.000000000000000000e+00
1.889999999999999902e+00        1.349055099999999952e+00        0.000000000000000000e+00
1.899999999999999911e+00        1.349055099999999952e+00        0.000000000000000000e+00
1.909999999999999920e+00        1.349055099999999952e+00        0.000000000000000000e+00
1.919999999999999929e+00        1.349055099999999952e+00        0.000000000000000000e+00
1.929999999999999938e+00        1.349055099999999952e+00        0.000000000000000000e+00
1.939999999999999947e+00        1.349055099999999952e+00        0.000000000000000000e+00
1.949999999999999956e+00        1.349055099999999952e+00        0.000000000000000000e+00
1.959999999999999964e+00        1.349055099999999952e+00        0.000000000000000000e+00
1.969999999999999973e+00        1.349055099999999952e+00        0.000000000000000000e+00
1.979999999999999982e+00        1.349055099999999952e+00        0.000000000000000000e+00
1.989999999999999991e+00        1.349055099999999952e+00        0.000000000000000000e+00
2.000000000000000000e+00        1.349055099999999952e+00        0.000000000000000000e+00
2.009999999999999787e+00        1.348930546803134289e+00        2.265943256899760727e-05
2.020000000000000018e+00        1.348961890112935214e+00        9.622227805008445010e-05
2.029999999999999805e+00        1.349016016536272566e+00        7.200613865174764006e-06
2.040000000000000036e+00        1.348951894844306887e+00        6.789798968399884688e-05
2.049999999999999822e+00        1.348919187332687342e+00        1.447333314208170070e-05
2.060000000000000053e+00        1.348898483882038590e+00        5.684783651109411696e-05
2.069999999999999840e+00        1.348886669376674341e+00        2.108089426285423250e-05
2.080000000000000071e+00        1.348809330343098356e+00        3.119922795509139156e-05
2.089999999999999858e+00        1.348727400638690899e+00        3.038711241670985440e-05
2.100000000000000089e+00        1.348585955246675239e+00        8.567802706182302643e-05
2.109999999999999876e+00        1.348767863500536457e+00        2.589614496764627762e-04
2.120000000000000107e+00        1.347590812035194041e+00        8.257852801588791642e-04
2.129999999999999893e+00        1.349638300692912685e+00        1.408125879544885959e-04
2.140000000000000124e+00        1.349234673011032948e+00        5.026626316982890207e-05
2.149999999999999911e+00        1.348992247049129345e+00        1.530202351014613789e-05
2.160000000000000142e+00        1.348856452124611582e+00        2.396882560370834547e-05
2.169999999999999929e+00        1.348737928254849727e+00        2.996154020205735696e-06
2.180000000000000160e+00        1.348452459017373650e+00        2.910557885826126458e-05
2.189999999999999947e+00        1.348750599364941793e+00        2.316717894799170602e-05
2.200000000000000178e+00        1.348399000778094603e+00        4.816796029594832532e-05
2.209999999999999964e+00        1.347866880140117241e+00        5.131666279219673104e-05
2.220000000000000195e+00        1.344969429106666059e+00        2.049588424930642080e-03
2.229999999999999982e+00        1.350705722106164686e+00        3.221126970270136850e-04
2.240000000000000213e+00        1.349435598301039096e+00        2.820042720279346618e-05
2.250000000000000000e+00        1.348755024561622884e+00        1.864619687547502632e-04
2.259999999999999787e+00        1.348856548136189382e+00        7.972655674587280283e-04
2.270000000000000018e+00        1.349206658825737204e+00        1.663455808009193832e-04
2.279999999999999805e+00        1.349150452577020598e+00        4.736480127863863050e-05
2.290000000000000036e+00        1.348820880698757163e+00        -3.168756599873800051e-05
2.299999999999999822e+00        1.348492949486589376e+00        -9.350893270073392077e-06
2.310000000000000053e+00        1.347871785441771220e+00        -2.730122699429189168e-05
2.319999999999999840e+00        1.346743067433571195e+00        3.244618831804278129e-03
2.330000000000000071e+00        1.350385128007091318e+00        7.654074162476876431e-04
2.339999999999999858e+00        1.349642720394858664e+00        2.186712539862609855e-03
2.350000000000000089e+00        1.349775294754188337e+00        4.966841459437276875e-05
2.359999999999999876e+00        1.349353265960494763e+00        2.091839889236509589e-06
2.370000000000000107e+00        1.349013545293140437e+00        -8.763773914825098905e-06
2.379999999999999893e+00        1.348173650079775188e+00        1.272636388165479906e-04
2.390000000000000124e+00        1.351296225309367216e+00        6.226696964054994135e-04
2.399999999999999911e+00        1.349683500051123142e+00        1.200981008873645308e-04
2.410000000000000142e+00        1.349460122865567824e+00        7.154181886074887308e-05
2.419999999999999929e+00        1.349340850024885796e+00        3.197357998258431845e-06
2.430000000000000160e+00        1.349249830889088342e+00        -3.841366816822403013e-05
2.439999999999999947e+00        1.349096273365944398e+00        -1.018180123947808193e-05
2.450000000000000178e+00        1.349073253431934294e+00        2.620841738200222116e-05
2.459999999999999964e+00        1.349043211409999943e+00        -3.308078050281961017e-05
2.470000000000000195e+00        1.348966514569055697e+00        -4.568552427107913275e-05
2.479999999999999982e+00        1.348926964764850744e+00        -8.390845061613623776e-07
2.490000000000000213e+00        1.348912250185600126e+00        -3.016728380574747312e-06
2.500000000000000000e+00        1.348884200000000089e+00        -1.913089400000000034e-05
2.509999999999999787e+00        1.348819521895999962e+00        4.082542361201864167e-06
2.520000000000000018e+00        1.348789492005525448e+00        5.018915697897084978e-06
2.529999999999999805e+00        1.348785731733628479e+00        3.369854471779678320e-05
2.540000000000000036e+00        1.348776596062800204e+00        -7.923229694489521667e-06
2.549999999999999822e+00        1.348690450195715096e+00        7.614216657314075212e-06
2.560000000000000053e+00        1.348665000269321901e+00        9.370033586899686778e-06
2.569999999999999840e+00        1.348639349414400002e+00        1.919606409503886283e-04
2.580000000000000071e+00        1.348680465096000036e+00        -3.157988142713903568e-06
2.589999999999999858e+00        1.348632002321799916e+00        -4.673523176777398476e-05
2.600000000000000089e+00        1.348541830759999893e+00        1.671352971219805276e-05
2.609999999999999876e+00        1.348460595814411800e+00        1.275583110374804675e-05
2.620000000000000107e+00        1.348711980233641583e+00        2.053681068644306511e-04
2.629999999999999893e+00        1.348614330333942846e+00        1.527808705755076091e-04
2.640000000000000124e+00        1.348583890928000129e+00        6.352246765266699054e-05
2.649999999999999911e+00        1.348520125448212648e+00        1.134259921860207775e-05
2.660000000000000142e+00        1.348481167699087990e+00        4.588509793919309992e-07
2.669999999999999929e+00        1.348474849271733333e+00        6.555366960667462000e-05
2.680000000000000160e+00        1.348190544803527402e+00        7.651001500605511194e-05
2.689999999999999947e+00        1.348325482239441486e+00        6.006638265607771985e-05
2.700000000000000178e+00        1.348222029879754036e+00        1.542000330792216883e-04
2.709999999999999964e+00        1.348253643056000151e+00        2.751359265317917472e-04
2.720000000000000195e+00        1.348219351746049899e+00        2.971360494023223301e-04
2.729999999999999982e+00        1.348326493767199930e+00        5.448760639402007010e-04
2.740000000000000213e+00        1.348611941811075576e+00        3.881957939877730230e-04
2.750000000000000000e+00        1.348600517221662631e+00        2.906000199155932251e-04
2.759999999999999787e+00        1.348571747828799960e+00        1.226630281054417082e-04
2.770000000000000018e+00        1.348514308961999975e+00        6.450618312848077228e-05
2.779999999999999805e+00        1.348360960409199949e+00        6.653414179070254845e-05
2.790000000000000036e+00        1.348457805932174347e+00        8.950418458500418483e-05
2.799999999999999822e+00        1.348443014576645727e+00        -4.390625632645163060e-05
2.810000000000000053e+00        1.348314191174970533e+00        -1.331035930793842716e-04
2.819999999999999840e+00        1.348245454591600057e+00        -1.065913587567140841e-04
2.830000000000000071e+00        1.348135363721477908e+00        -1.592830745279295358e-04
2.839999999999999858e+00        1.348010914105600033e+00        -1.043946485661619478e-04
2.850000000000000089e+00        1.347989080828422281e+00        -5.347572500566602397e-06
2.859999999999999876e+00        1.348019054553691864e+00        2.594310361523183793e-05
2.870000000000000107e+00        1.348026063413007458e+00        -1.991433564885256640e-05
2.879999999999999893e+00        1.347947177875812752e+00        -2.217548723392250980e-05
2.890000000000000124e+00        1.347937299999999894e+00        -2.648852971413985250e-05
2.899999999999999911e+00        1.347869659027491673e+00        -3.799735702175838888e-06
2.910000000000000142e+00        1.347896626191973812e+00        5.445055941957318077e-05
2.919999999999999929e+00        1.347886879425313822e+00        -2.059727190319906245e-05
2.930000000000000160e+00        1.347866072796799930e+00        -1.983995166232787254e-04
2.939999999999999947e+00        1.347821344071525207e+00        -1.732470816561188680e-04
2.950000000000000178e+00        1.347752457649999958e+00        -2.370346026260012186e-04
2.959999999999999964e+00        1.347629943062501834e+00        -2.816749727628964253e-04
2.970000000000000195e+00        1.347548143773600104e+00        -3.176005757523226846e-04
2.979999999999999982e+00        1.347428908166047545e+00        -3.466096450532745767e-04
2.990000000000000213e+00        1.347325079519432478e+00        -3.517857688305719272e-04
3.000000000000000000e+00        1.347215466493256741e+00        -3.751568472605900533e-04
3.009999999999999787e+00        1.347095925425663143e+00        -4.265554800310350069e-04
3.020000000000000018e+00        1.346906799435035218e+00        -4.754964526300729105e-04
3.029999999999999805e+00        1.346689622419355192e+00        -4.857847486925543604e-04
3.040000000000000036e+00        1.346442400829983344e+00        -4.275112635388744731e-04
3.049999999999999822e+00        1.346184332975394193e+00        -2.790713333302721148e-04
3.060000000000000053e+00        1.346055082359199906e+00        -3.062493646499175084e-05
3.069999999999999840e+00        1.346020619240958283e+00        1.518480674835295070e-04
3.080000000000000071e+00        1.346026674195429207e+00        2.531316888743653467e-04
3.089999999999999858e+00        1.346042206909408234e+00        2.705788469699083217e-04
3.100000000000000089e+00        1.346012990328000036e+00        1.909096574285991204e-04
3.109999999999999876e+00        1.345821151326730192e+00        6.462637383143325794e-05
3.120000000000000107e+00        1.345504348784000159e+00        4.317780680256043944e-05
3.129999999999999893e+00        1.345255937728999873e+00        9.703176451379997712e-05
3.140000000000000124e+00        1.344954930063033904e+00        1.155433574926342111e-04
3.149999999999999911e+00        1.344633709209784866e+00        1.609465829141968382e-04
3.160000000000000142e+00        1.344276154743992091e+00        1.338263672667015639e-04
3.169999999999999929e+00        1.343694252801521216e+00        6.339058186865586598e-05
3.180000000000000160e+00        1.342918207563208677e+00        1.429529952852901373e-05
3.189999999999999947e+00        1.341805303230959590e+00        -1.126688761371806575e-05
3.200000000000000178e+00        1.340102600000000033e+00        -6.013986100000000333e-05
3.209999999999999964e+00        1.337016015399492108e+00        -6.651390272393697522e-05
3.220000000000000195e+00        1.329274151010529481e+00        3.758430537983140020e-04
3.229999999999999982e+00        1.303324060028000053e+00        2.798936826167904013e-02
3.240000000000000213e+00        1.397262370292790434e+00        2.423745109404102857e-02
3.250000000000000000e+00        1.359359181959999718e+00        2.651175624940014207e-03
3.259999999999999787e+00        1.355901306771224890e+00        1.254392762036666935e-02
3.270000000000000018e+00        1.357048772424799932e+00        1.440104608150185369e-03
3.279999999999999805e+00        1.354090198588629335e+00        6.629119827065472906e-04
3.290000000000000036e+00        1.351858496802048837e+00        -2.368752488644102852e-05
3.299999999999999822e+00        1.350274460590532577e+00        -1.734655383274346383e-04
3.310000000000000053e+00        1.348762146984000099e+00        -2.343495046737399071e-04
3.319999999999999840e+00        1.346709613873600109e+00        1.710007567928961008e-04
3.330000000000000071e+00        1.346183129170400061e+00        7.303882883034400414e-04
3.339999999999999858e+00        1.343531941715600198e+00        -2.848281656581622140e-05
3.350000000000000089e+00        1.334062789275000327e+00        1.370835697517657067e-04
3.359999999999999876e+00        1.326807718169597639e+00        5.704923754687578341e-02
3.370000000000000107e+00        1.366500339318490242e+00        3.675162788530244185e-03
3.379999999999999893e+00        1.358243830852632783e+00        1.210806391397590154e-03
3.390000000000000124e+00        1.355222824790000002e+00        9.818011796605000466e-04
3.399999999999999911e+00        1.353784176627999880e+00        1.074631169967993826e-03
3.410000000000000142e+00        1.353265489397773802e+00        1.171064687187669921e-03
3.419999999999999929e+00        1.352868948613599853e+00        8.667256547182434264e-04
3.430000000000000160e+00        1.352591889682025261e+00        7.846848907647007267e-04
3.439999999999999947e+00        1.352133548907199945e+00        2.593520827390415496e-04
3.450000000000000178e+00        1.351612173371921743e+00        6.917765870781824938e-05
3.459999999999999964e+00        1.350933427905999906e+00        5.617312702500934550e-05
3.470000000000000195e+00        1.350732806102800110e+00        7.834076102209229075e-04
3.479999999999999982e+00        1.350708589471988796e+00        7.989532997085708197e-04
3.490000000000000213e+00        1.351342823710684815e+00        8.353148406982082927e-04
3.500000000000000000e+00        1.351084257279999923e+00        2.114251469270005438e-04
3.509999999999999787e+00        1.350701591174400029e+00        1.696384894559754830e-04
3.520000000000000018e+00        1.350663500230399938e+00        -1.798470931974407733e-04
3.529999999999999805e+00        1.350278535783999923e+00        -1.523663065945207382e-04
3.540000000000000036e+00        1.350139034499999946e+00        -7.911817065919995778e-05
3.549999999999999822e+00        1.349972164826000132e+00        -4.233424966948037355e-05
3.560000000000000053e+00        1.349891698883199931e+00        2.646618132456440556e-06
3.569999999999999840e+00        1.349830124967600131e+00        -1.049816638222216991e-05
3.580000000000000071e+00        1.349745688423081180e+00        -2.738049545721976162e-05
3.589999999999999858e+00        1.349637067404927615e+00        -5.995416079907567644e-05
3.600000000000000089e+00        1.349534010897831315e+00        -5.354152563536660739e-05
3.609999999999999876e+00        1.349441972613000029e+00        -2.438962854969990452e-05
3.620000000000000107e+00        1.349389180656815457e+00        -2.798349431702016728e-05
3.629999999999999893e+00        1.349299461725000038e+00        -1.651625971673017346e-05
3.640000000000000124e+00        1.349241590270564783e+00        7.791761275321974916e-06
3.649999999999999911e+00        1.349191440978279699e+00        3.996616571687631406e-05
3.660000000000000142e+00        1.349176325976729096e+00        3.568595909068396197e-05
3.669999999999999929e+00        1.349134991276918161e+00        3.230072383924121078e-06
3.680000000000000160e+00        1.349064766710125873e+00        9.024413555344119509e-07
3.689999999999999947e+00        1.349013562612000117e+00        -9.279003060307795781e-08
3.700000000000000178e+00        1.348958669932939447e+00        -1.731606619511619300e-05
3.709999999999999964e+00        1.348881414477131946e+00        -1.750029681434020110e-05
3.720000000000000195e+00        1.348837020448000024e+00        -1.066429776044836253e-05
3.729999999999999982e+00        1.348770146944799908e+00        -2.935075549879831011e-07
3.740000000000000213e+00        1.348719167900749083e+00        1.209989039525412849e-05
3.750000000000000000e+00        1.348630032731318318e+00        3.989806534535148821e-05
3.759999999999999787e+00        1.348531151919012627e+00        1.558186672814211495e-04
3.770000000000000018e+00        1.348895587769231685e+00        3.248454543842437567e-04
3.779999999999999805e+00        1.348773409549420821e+00        1.994931208651372776e-05
3.790000000000000036e+00        1.348683579269111643e+00        -4.150277764463833666e-06
3.799999999999999822e+00        1.348622262654594728e+00        -1.787645901538145954e-05
3.810000000000000053e+00        1.348577843710885737e+00        -3.134480541186711989e-05
3.819999999999999840e+00        1.348513111519199947e+00        -5.174741518281632680e-05
3.830000000000000071e+00        1.348449581208599923e+00        -4.196412740930000897e-05
3.839999999999999858e+00        1.348401416665599983e+00        -3.364107356492833785e-05
3.850000000000000089e+00        1.348373971703415553e+00        -5.836703506704556254e-07
3.859999999999999876e+00        1.348352624881519413e+00        -3.771876897774010693e-05
3.870000000000000107e+00        1.348282675977600098e+00        -5.524259250124747769e-05
3.879999999999999893e+00        1.348217356337400030e+00        -3.950249248681017182e-05
3.890000000000000124e+00        1.348181217210622673e+00        -7.431801158718467648e-06
3.899999999999999911e+00        1.348162638443999972e+00        5.872403551854473026e-06
3.910000000000000142e+00        1.348123593495916595e+00        2.729600749543647590e-05
3.919999999999999929e+00        1.348114504096000088e+00        1.740588123951985027e-05
3.930000000000000160e+00        1.348083506145322907e+00        2.920034746376431561e-05
3.939999999999999947e+00        1.348071215721600158e+00        2.635352839875651230e-05
3.950000000000000178e+00        1.348032786708702524e+00        1.447792780107569537e-05
3.959999999999999964e+00        1.348032032117833401e+00        1.878075163520623371e-05
3.970000000000000195e+00        1.348038008607600036e+00        -4.496332743617669305e-05
3.979999999999999982e+00        1.347956631597089894e+00        -1.051273747730047695e-04
3.990000000000000213e+00        1.347849394203165962e+00        -1.096821471662039307e-04
4.000000000000000000e+00        1.347789200000000021e+00        -5.346294000000000214e-05
4.009999999999999787e+00        1.347754772925489730e+00        -8.868115745594703039e-05
4.019999999999999574e+00        1.347649958558462702e+00        -8.192373779753271202e-05
4.030000000000000249e+00        1.347575791574787241e+00        -2.135007295157822680e-05
4.040000000000000036e+00        1.347521052448546142e+00        4.913448628833569744e-05
4.049999999999999822e+00        1.347516485164000022e+00        1.191641518054961381e-04
4.059999999999999609e+00        1.347526687143999924e+00        1.567189864649530984e-04
4.070000000000000284e+00        1.347537811057400114e+00        1.442323452816388356e-04
4.080000000000000071e+00        1.347494058856000043e+00        1.183315372425592396e-04
4.089999999999999858e+00        1.347398902207999960e+00        1.460450995903996225e-04
4.099999999999999645e+00        1.347209683011999948e+00        2.047740952431802196e-04
4.110000000000000320e+00        1.347176286620400010e+00        8.967737543834207632e-04
4.120000000000000107e+00        1.348224960387199856e+00        1.946052633673878325e-04
4.129999999999999893e+00        1.347700779031282492e+00        2.860682120820650845e-05
4.139999999999999680e+00        1.347556920651665768e+00        5.693474343211731378e-05
4.150000000000000355e+00        1.347499446284281976e+00        1.012879216781924338e-04
4.160000000000000142e+00        1.347452169254399923e+00        1.233349959737627545e-04
4.169999999999999929e+00        1.347447673844800020e+00        1.572421375815988471e-04
4.179999999999999716e+00        1.347485933719721807e+00        1.399924449523693804e-04
4.190000000000000391e+00        1.347465356440949336e+00        7.263250338507070639e-05
4.200000000000000178e+00        1.347391990463999933e+00        6.851182988991932606e-05
4.209999999999999964e+00        1.347363772683184857e+00        5.550986852132462949e-05
4.219999999999999751e+00        1.347345972737306496e+00        4.098213317611631567e-05
4.230000000000000426e+00        1.347317930284400056e+00        1.324911086456829171e-05
4.240000000000000213e+00        1.347290669927184936e+00        -5.662845711317752431e-05
4.250000000000000000e+00        1.347183141269999940e+00        -1.296406651149995470e-04
4.259999999999999787e+00        1.347053658925690511e+00        -1.477169696768491718e-04
4.269999999999999574e+00        1.346881840302400102e+00        8.405891423058148488e-05
4.280000000000000249e+00        1.347039191989580109e+00        -3.787339015321432301e-05
4.290000000000000036e+00        1.346758735209599989e+00        -1.842597772598163902e-05
4.299999999999999822e+00        1.347070265395774236e+00        1.555875346248788451e-04
4.309999999999999609e+00        1.346948685616000008e+00        6.883520145720188697e-05
4.320000000000000284e+00        1.346890855568000145e+00        4.791902595360088794e-05
4.330000000000000071e+00        1.346827823000930069e+00        4.987584174361473730e-05
4.339999999999999858e+00        1.346772285766399957e+00        6.463197556441409449e-05
4.349999999999999645e+00        1.346747549422000034e+00        9.732672271062108081e-05
4.360000000000000320e+00        1.346727788952731597e+00        1.010811318141967139e-04
4.370009999999999728e+00        1.346696827414031183e+00        8.490327247458187500e-05
4.380010000000000403e+00        1.346649348424562298e+00        8.282912730935593107e-05
4.390010000000000190e+00        1.346596930730360908e+00        5.841614127718530811e-05
4.400009999999999977e+00        1.346504895962025827e+00        5.495171615737521302e-05
4.410009999999999764e+00        1.346375354643733813e+00        9.529718683108451759e-05
4.420010000000000439e+00        1.346252174769863030e+00        2.317458997120882495e-04
4.430010000000000225e+00        1.346297178628829139e+00        5.316949843578139918e-04
4.440010000000000012e+00        1.346712915389545406e+00        6.103116822420471361e-04
4.450009999999999799e+00        1.346785824464205694e+00        1.950921548564881825e-04
4.460009999999999586e+00        1.346585859785983885e+00        6.282209057746964028e-05
4.470010000000000261e+00        1.346440178205216220e+00        4.921702219831154820e-05
4.480010000000000048e+00        1.346328692420884821e+00        7.523674481067776920e-05
4.490009999999999835e+00        1.346268531878681562e+00        1.124714486926164150e-04
4.500009999999999621e+00        1.346200298881332857e+00        1.444058261934082676e-04
4.510010000000000296e+00        1.346145495183223240e+00        1.850648889682773293e-04
4.520010000000000083e+00        1.346109030373951132e+00        2.183947808032666432e-04
4.530009999999999870e+00        1.346085705846249203e+00        2.478862701549830244e-04
4.540009999999999657e+00        1.346069872089478814e+00        2.588650871497491100e-04
4.550010000000000332e+00        1.346045500000000006e+00        2.517368840158218791e-04
4.560010000000000119e+00        1.346005620609870057e+00        2.196018572522967234e-04
4.570009999999999906e+00        1.345918702099024422e+00        1.768097157471889961e-04
4.580009999999999692e+00        1.345772565746223837e+00        1.266618557644563672e-04
4.590010000000000367e+00        1.345459719300124979e+00        1.304784510941595641e-04
4.600010000000000154e+00        1.344962903691748979e+00        6.292454195743929805e-04
4.610009999999999941e+00        1.345367063868087021e+00        1.556812879103346625e-03
4.620009999999999728e+00        1.346452724230867481e+00        1.418354140321047025e-03
4.630010000000000403e+00        1.346681381885399986e+00        7.571657735745350145e-04
4.640010000000000190e+00        1.346509320805655996e+00        3.248599520305317620e-04
4.650009999999999977e+00        1.346245742164090986e+00        1.253895528828983738e-04
4.660009999999999764e+00        1.345988762535709204e+00        1.075171375159158984e-04
4.670010000000000439e+00        1.345828393639113996e+00        1.419699239310128424e-04
4.680010000000000225e+00        1.345754696807116124e+00        1.832643336799384562e-04
4.690010000000000012e+00        1.345671228740671577e+00        2.223518027413009753e-04
4.700009999999999799e+00        1.345630329872651743e+00        2.499990428092694651e-04
4.710009999999999586e+00        1.345585179443235191e+00        2.551774687105049649e-04
4.720010000000000261e+00        1.345543374022724503e+00        2.526849472470966062e-04
4.730010000000000048e+00        1.345505812049982985e+00        2.267940125738240594e-04
4.740009999999999835e+00        1.345446604504729304e+00        1.957695273942398949e-04
4.750009999999999621e+00        1.345348792699950780e+00        1.597022077221620182e-04
4.760010000000000296e+00        1.345254347203219902e+00        1.311367373771085232e-04
4.770010000000000083e+00        1.345136804432760513e+00        1.237035227129666248e-04
4.780009999999999870e+00        1.345007400062022462e+00        1.281172561417158766e-04
4.790009999999999657e+00        1.344877586854105189e+00        1.380459356910155244e-04
4.800010000000000332e+00        1.344735327010429859e+00        1.616092364378659261e-04
4.810019999999999740e+00        1.344604098016881633e+00        1.951751437476221098e-04
4.820020000000000415e+00        1.344458904314064229e+00        2.388038650459623489e-04
4.830020000000000202e+00        1.344288880716101531e+00        2.826813927723720939e-04
4.840019999999999989e+00        1.344081508670711189e+00        3.387839485928955297e-04
4.850019999999999776e+00        1.343825172736281104e+00        4.121438101704560735e-04
4.860019999999999563e+00        1.343424317944816648e+00        5.216933086755464345e-04
4.870020000000000238e+00        1.342838278872752866e+00        8.878182000284892857e-04
4.880020000000000024e+00        1.342154889858144351e+00        1.768203293168191638e-03
4.890019999999999811e+00        1.341863892169839811e+00        3.923128507935371399e-03
4.900019999999999598e+00        1.344914435903677319e+00        6.938911529748841879e-03
4.910020000000000273e+00        1.348938623044959595e+00        2.988905250811140554e-03
4.920020000000000060e+00        1.347181830647711687e+00        7.850148108123837076e-04
4.930019999999999847e+00        1.346233634177691929e+00        4.390222311578814230e-04
4.940019999999999634e+00        1.345643780183183758e+00        3.454703710683556324e-04
4.950020000000000309e+00        1.345251674892516069e+00        3.456087619275655435e-04
4.960020000000000095e+00        1.344955240347526448e+00        3.798320948457862591e-04
4.970019999999999882e+00        1.344718791907984823e+00        4.346981226007657121e-04
4.980019999999999669e+00        1.344517167214036801e+00        4.782739319872715165e-04
4.990020000000000344e+00        1.344326299110312872e+00        5.346108663326522422e-04
