# wav(mic), n, k
2.999999999999999889e-01        1.448564100000000021e+00        5.063390600000000311e-15
3.099999999999999978e-01        1.448564100000000021e+00        5.063390600000000311e-15
3.200000000000000067e-01        1.448564100000000021e+00        5.063390600000000311e-15
3.300000000000000155e-01        1.448564100000000021e+00        5.063390600000000311e-15
3.400000000000000244e-01        1.448564100000000021e+00        5.063390600000000311e-15
3.499999999999999778e-01        1.448564100000000021e+00        5.063390600000000311e-15
3.599999999999999867e-01        1.448564100000000021e+00        5.063390600000000311e-15
3.699999999999999956e-01        1.448564100000000021e+00        5.063390600000000311e-15
3.800000000000000044e-01        1.448564100000000021e+00        5.063390600000000311e-15
3.900000000000000133e-01        1.448564100000000021e+00        5.063390600000000311e-15
4.000000000000000222e-01        1.448564100000000021e+00        5.063390600000000311e-15
4.099999999999999756e-01        1.448564100000000021e+00        5.063390600000000311e-15
4.199999999999999845e-01        1.448564100000000021e+00        5.063390600000000311e-15
4.299999999999999933e-01        1.448564100000000021e+00        5.063390600000000311e-15
4.400000000000000022e-01        1.448564100000000021e+00        5.063390600000000311e-15
4.500000000000000111e-01        1.448564100000000021e+00        5.063390600000000311e-15
4.600000000000000200e-01        1.448564100000000021e+00        5.063390600000000311e-15
4.699999999999999734e-01        1.448564100000000021e+00        5.063390600000000311e-15
4.799999999999999822e-01        1.448564100000000021e+00        5.063390600000000311e-15
4.899999999999999911e-01        1.448564100000000021e+00        5.063390600000000311e-15
5.000000000000000000e-01        1.448564100000000021e+00        5.063390600000000311e-15
5.100000000000000089e-01        1.448564100000000021e+00        5.063390600000000311e-15
5.200000000000000178e-01        1.448564100000000021e+00        5.063390600000000311e-15
5.300000000000000266e-01        1.448564100000000021e+00        5.063390600000000311e-15
5.400000000000000355e-01        1.448564100000000021e+00        5.063390600000000311e-15
5.500000000000000444e-01        1.448564100000000021e+00        5.063390600000000311e-15
5.600000000000000533e-01        1.448564100000000021e+00        5.063390600000000311e-15
5.699999999999999512e-01        1.448564100000000021e+00        5.063390600000000311e-15
5.799999999999999600e-01        1.448564100000000021e+00        5.063390600000000311e-15
5.899999999999999689e-01        1.448564100000000021e+00        5.063390600000000311e-15
5.999999999999999778e-01        1.448564100000000021e+00        5.063390600000000311e-15
6.099999999999999867e-01        1.448564100000000021e+00        5.063390600000000311e-15
6.199999999999999956e-01        1.448564100000000021e+00        5.063390600000000311e-15
6.300000000000000044e-01        1.448564100000000021e+00        5.063390600000000311e-15
6.400000000000000133e-01        1.448564100000000021e+00        5.063390600000000311e-15
6.500000000000000222e-01        1.448564100000000021e+00        5.063390600000000311e-15
6.600000000000000311e-01        1.448564100000000021e+00        5.063390600000000311e-15
6.700000000000000400e-01        1.448564100000000021e+00        5.063390600000000311e-15
6.800000000000000488e-01        1.448564100000000021e+00        5.063390600000000311e-15
6.899999999999999467e-01        1.448564100000000021e+00        5.063390600000000311e-15
6.999999999999999556e-01        1.448564100000000021e+00        5.063390600000000311e-15
7.099999999999999645e-01        1.448564100000000021e+00        5.063390600000000311e-15
7.199999999999999734e-01        1.448564100000000021e+00        5.063390600000000311e-15
7.299999999999999822e-01        1.448564100000000021e+00        5.063390600000000311e-15
7.399999999999999911e-01        1.448564100000000021e+00        5.063390600000000311e-15
7.500000000000000000e-01        1.448564100000000021e+00        5.063390600000000311e-15
7.600000000000000089e-01        1.448564100000000021e+00        5.063390600000000311e-15
7.700000000000000178e-01        1.448564100000000021e+00        5.063390600000000311e-15
7.800000000000000266e-01        1.448564100000000021e+00        5.063390600000000311e-15
7.900000000000000355e-01        1.448564100000000021e+00        5.063390600000000311e-15
8.000000000000000444e-01        1.448564100000000021e+00        5.063390600000000311e-15
8.100000000000000533e-01        1.448564100000000021e+00        5.063390600000000311e-15
8.199999999999999512e-01        1.448564100000000021e+00        5.063390600000000311e-15
8.299999999999999600e-01        1.448564100000000021e+00        5.063390600000000311e-15
8.399999999999999689e-01        1.448564100000000021e+00        5.063390600000000311e-15
8.499999999999999778e-01        1.448564100000000021e+00        5.063390600000000311e-15
8.599999999999999867e-01        1.448564100000000021e+00        5.063390600000000311e-15
8.699999999999999956e-01        1.448564100000000021e+00        5.063390600000000311e-15
8.800000000000000044e-01        1.448564100000000021e+00        5.063390600000000311e-15
8.900000000000000133e-01        1.448564100000000021e+00        5.063390600000000311e-15
9.000000000000000222e-01        1.448564100000000021e+00        5.063390600000000311e-15
9.100000000000000311e-01        1.448564100000000021e+00        5.063390600000000311e-15
9.200000000000000400e-01        1.448564100000000021e+00        5.063390600000000311e-15
9.300000000000000488e-01        1.448564100000000021e+00        5.063390600000000311e-15
9.399999999999999467e-01        1.448564100000000021e+00        5.063390600000000311e-15
9.499999999999999556e-01        1.448564100000000021e+00        5.063390600000000311e-15
9.599999999999999645e-01        1.448564100000000021e+00        5.063390600000000311e-15
9.699999999999999734e-01        1.448564100000000021e+00        5.063390600000000311e-15
9.799999999999999822e-01        1.448564100000000021e+00        5.063390600000000311e-15
9.899999999999999911e-01        1.448564100000000021e+00        5.063390600000000311e-15
1.000000000000000000e+00        1.448564100000000021e+00        5.063390600000000311e-15
1.010000000000000009e+00        1.448564100000000021e+00        5.063390600000000311e-15
1.020000000000000018e+00        1.448564100000000021e+00        5.063390600000000311e-15
1.030000000000000027e+00        1.448564100000000021e+00        5.063390600000000311e-15
1.040000000000000036e+00        1.448564100000000021e+00        5.063390600000000311e-15
1.050000000000000044e+00        1.448564100000000021e+00        5.063390600000000311e-15
1.060000000000000053e+00        1.448564100000000021e+00        5.063390600000000311e-15
1.070000000000000062e+00        1.448564100000000021e+00        5.063390600000000311e-15
1.080000000000000071e+00        1.448564100000000021e+00        5.063390600000000311e-15
1.090000000000000080e+00        1.448564100000000021e+00        5.063390600000000311e-15
1.100000000000000089e+00        1.448564100000000021e+00        5.063390600000000311e-15
1.110000000000000098e+00        1.448564100000000021e+00        5.063390600000000311e-15
1.120000000000000107e+00        1.448564100000000021e+00        5.063390600000000311e-15
1.129999999999999893e+00        1.448564100000000021e+00        5.063390600000000311e-15
1.139999999999999902e+00        1.448564100000000021e+00        5.063390600000000311e-15
1.149999999999999911e+00        1.448564100000000021e+00        5.063390600000000311e-15
1.159999999999999920e+00        1.448564100000000021e+00        5.063390600000000311e-15
1.169999999999999929e+00        1.448564100000000021e+00        5.063390600000000311e-15
1.179999999999999938e+00        1.448564100000000021e+00        5.063390600000000311e-15
1.189999999999999947e+00        1.448564100000000021e+00        5.063390600000000311e-15
1.199999999999999956e+00        1.448564100000000021e+00        5.063390600000000311e-15
1.209999999999999964e+00        1.448564100000000021e+00        5.063390600000000311e-15
1.219999999999999973e+00        1.448564100000000021e+00        5.063390600000000311e-15
1.229999999999999982e+00        1.448564100000000021e+00        5.063390600000000311e-15
1.239999999999999991e+00        1.448564100000000021e+00        5.063390600000000311e-15
1.250000000000000000e+00        1.448564100000000021e+00        5.063390600000000311e-15
1.260000000000000009e+00        1.448564100000000021e+00        5.063390600000000311e-15
1.270000000000000018e+00        1.448564100000000021e+00        5.063390600000000311e-15
1.280000000000000027e+00        1.448564100000000021e+00        5.063390600000000311e-15
1.290000000000000036e+00        1.448564100000000021e+00        5.063390600000000311e-15
1.300000000000000044e+00        1.448564100000000021e+00        5.063390600000000311e-15
1.310000000000000053e+00        1.448564100000000021e+00        5.063390600000000311e-15
1.320000000000000062e+00        1.448564100000000021e+00        5.063390600000000311e-15
1.330000000000000071e+00        1.448564100000000021e+00        5.063390600000000311e-15
1.340000000000000080e+00        1.448564100000000021e+00        5.063390600000000311e-15
1.350000000000000089e+00        1.448564100000000021e+00        5.063390600000000311e-15
1.360000000000000098e+00        1.448564100000000021e+00        5.063390600000000311e-15
1.370000000000000107e+00        1.448564100000000021e+00        5.063390600000000311e-15
1.379999999999999893e+00        1.448564100000000021e+00        5.063390600000000311e-15
1.389999999999999902e+00        1.448564100000000021e+00        5.063390600000000311e-15
1.399999999999999911e+00        1.448564100000000021e+00        5.063390600000000311e-15
1.409999999999999920e+00        1.448564100000000021e+00        5.063390600000000311e-15
1.419999999999999929e+00        1.448564100000000021e+00        5.063390600000000311e-15
1.429999999999999938e+00        1.448564100000000021e+00        5.063390600000000311e-15
1.439999999999999947e+00        1.448564100000000021e+00        5.063390600000000311e-15
1.449999999999999956e+00        1.448564100000000021e+00        5.063390600000000311e-15
1.459999999999999964e+00        1.448564100000000021e+00        5.063390600000000311e-15
1.469999999999999973e+00        1.448564100000000021e+00        5.063390600000000311e-15
1.479999999999999982e+00        1.448564100000000021e+00        5.063390600000000311e-15
1.489999999999999991e+00        1.448564100000000021e+00        5.063390600000000311e-15
1.500000000000000000e+00        1.448564100000000021e+00        5.063390600000000311e-15
1.510000000000000009e+00        1.448564100000000021e+00        5.063390600000000311e-15
1.520000000000000018e+00        1.448564100000000021e+00        5.063390600000000311e-15
1.530000000000000027e+00        1.448564100000000021e+00        5.063390600000000311e-15
1.540000000000000036e+00        1.448564100000000021e+00        5.063390600000000311e-15
1.550000000000000044e+00        1.448564100000000021e+00        5.063390600000000311e-15
1.560000000000000053e+00        1.448564100000000021e+00        5.063390600000000311e-15
1.570000000000000062e+00        1.448564100000000021e+00        5.063390600000000311e-15
1.580000000000000071e+00        1.448564100000000021e+00        5.063390600000000311e-15
1.590000000000000080e+00        1.448564100000000021e+00        5.063390600000000311e-15
1.600000000000000089e+00        1.448564100000000021e+00        5.063390600000000311e-15
1.610000000000000098e+00        1.448564100000000021e+00        5.063390600000000311e-15
1.620000000000000107e+00        1.448564100000000021e+00        5.063390600000000311e-15
1.629999999999999893e+00        1.448564100000000021e+00        5.063390600000000311e-15
1.639999999999999902e+00        1.448564100000000021e+00        5.063390600000000311e-15
1.649999999999999911e+00        1.448564100000000021e+00        5.063390600000000311e-15
1.659999999999999920e+00        1.448564100000000021e+00        5.063390600000000311e-15
1.669999999999999929e+00        1.448564100000000021e+00        5.063390600000000311e-15
1.679999999999999938e+00        1.448564100000000021e+00        5.063390600000000311e-15
1.689999999999999947e+00        1.448564100000000021e+00        5.063390600000000311e-15
1.699999999999999956e+00        1.448564100000000021e+00        5.063390600000000311e-15
1.709999999999999964e+00        1.448564100000000021e+00        5.063390600000000311e-15
1.719999999999999973e+00        1.448564100000000021e+00        5.063390600000000311e-15
1.729999999999999982e+00        1.448564100000000021e+00        5.063390600000000311e-15
1.739999999999999991e+00        1.448564100000000021e+00        5.063390600000000311e-15
1.750000000000000000e+00        1.448564100000000021e+00        5.063390600000000311e-15
1.760000000000000009e+00        1.448564100000000021e+00        5.063390600000000311e-15
1.770000000000000018e+00        1.448564100000000021e+00        5.063390600000000311e-15
1.780000000000000027e+00        1.448564100000000021e+00        5.063390600000000311e-15
1.790000000000000036e+00        1.448564100000000021e+00        5.063390600000000311e-15
1.800000000000000044e+00        1.448564100000000021e+00        5.063390600000000311e-15
1.810000000000000053e+00        1.448564100000000021e+00        5.063390600000000311e-15
1.820000000000000062e+00        1.448564100000000021e+00        5.063390600000000311e-15
1.830000000000000071e+00        1.448564100000000021e+00        5.063390600000000311e-15
1.840000000000000080e+00        1.448564100000000021e+00        5.063390600000000311e-15
1.850000000000000089e+00        1.448564100000000021e+00        5.063390600000000311e-15
1.860000000000000098e+00        1.448564100000000021e+00        5.063390600000000311e-15
1.870000000000000107e+00        1.448564100000000021e+00        5.063390600000000311e-15
1.879999999999999893e+00        1.448564100000000021e+00        5.063390600000000311e-15
1.889999999999999902e+00        1.448564100000000021e+00        5.063390600000000311e-15
1.899999999999999911e+00        1.448564100000000021e+00        5.063390600000000311e-15
1.909999999999999920e+00        1.448564100000000021e+00        5.063390600000000311e-15
1.919999999999999929e+00        1.448564100000000021e+00        5.063390600000000311e-15
1.929999999999999938e+00        1.448564100000000021e+00        5.063390600000000311e-15
1.939999999999999947e+00        1.448564100000000021e+00        5.063390600000000311e-15
1.949999999999999956e+00        1.448564100000000021e+00        5.063390600000000311e-15
1.959999999999999964e+00        1.448564100000000021e+00        5.063390600000000311e-15
1.969999999999999973e+00        1.448564100000000021e+00        5.063390600000000311e-15
1.979999999999999982e+00        1.448564100000000021e+00        5.063390600000000311e-15
1.989999999999999991e+00        1.448564100000000021e+00        5.063390600000000311e-15
2.000000000000000000e+00        1.448564100000000021e+00        5.063390600000000635e-05
2.009999999999999787e+00        1.448597221718471495e+00        5.065842504114765211e-05
2.020000000000000018e+00        1.448612233475375488e+00        1.248886951207266323e-04
2.029999999999999805e+00        1.448673342123046215e+00        1.910266320039345823e-05
2.040000000000000036e+00        1.448602322679686916e+00        3.385898888988728096e-05
2.049999999999999822e+00        1.448585844634334707e+00        3.740972818368013670e-05
2.060000000000000053e+00        1.448554502198390548e+00        -9.760006242661421906e-06
2.069999999999999840e+00        1.448472368997321125e+00        2.354825833531233543e-06
2.080000000000000071e+00        1.448377292084480183e+00        -2.642147583185324878e-06
2.089999999999999858e+00        1.448307356123280876e+00        9.568528203074482021e-06
2.100000000000000089e+00        1.448176730175890103e+00        5.558318433610194970e-06
2.109999999999999876e+00        1.448471199733104564e+00        2.264021476705524948e-04
2.120000000000000107e+00        1.447184793169336903e+00        1.388217517091958303e-04
2.129999999999999893e+00        1.449771882462881134e+00        1.171128154474729326e-04
2.140000000000000124e+00        1.448903970452958045e+00        1.136043199854354520e-05
2.149999999999999911e+00        1.448571956055933585e+00        3.216989181358093325e-05
2.160000000000000142e+00        1.448421665439247219e+00        -6.111159140732656018e-06
2.169999999999999929e+00        1.448291864127424722e+00        9.137599585646988390e-06
2.180000000000000160e+00        1.448043998859509962e+00        2.066038617386289209e-05
2.189999999999999947e+00        1.448470416303922370e+00        4.570463938568114102e-05
2.200000000000000178e+00        1.447930582667012134e+00        3.486395290716188389e-05
2.209999999999999964e+00        1.447354767972405032e+00        -3.806347373889951353e-05
2.220000000000000195e+00        1.444766771973332142e+00        5.328329802294203216e-04
2.229999999999999982e+00        1.450904054198044912e+00        5.136226353826055073e-04
2.240000000000000213e+00        1.449101395388534774e+00        7.264341627569912960e-06
2.250000000000000000e+00        1.448323859606712949e+00        5.627597297733833895e-05
2.259999999999999787e+00        1.448303621393861818e+00        7.175603617221872586e-04
2.270000000000000018e+00        1.448875584311885678e+00        2.930886914701843842e-04
2.279999999999999805e+00        1.448806627843423733e+00        1.413347079670921084e-04
2.290000000000000036e+00        1.448363011058287908e+00        6.042298222097616580e-06
2.299999999999999822e+00        1.447959839392619408e+00        -3.917131977459828355e-06
2.310000000000000053e+00        1.447280244355455769e+00        -1.429982486868804642e-05
2.319999999999999840e+00        1.443945790491824921e+00        2.572461143387610224e-03
2.330000000000000071e+00        1.450883589564631704e+00        8.542220731709099452e-04
2.339999999999999858e+00        1.447844890999490319e+00        4.567032812971496929e-03
2.350000000000000089e+00        1.449658705182958807e+00        -9.882527068389932646e-06
2.359999999999999876e+00        1.449081877890477044e+00        3.152427944401629803e-07
2.370000000000000107e+00        1.448652971838778836e+00        -1.812271806810302000e-06
2.379999999999999893e+00        1.447816027648375137e+00        1.779027857368366164e-04
2.390000000000000124e+00        1.452503840683720737e+00        9.885377362997510402e-04
2.399999999999999911e+00        1.449538400105441660e+00        2.602645228034104202e-05
2.410000000000000142e+00        1.449109740993772544e+00        -1.133017089652578707e-05
2.419999999999999929e+00        1.448909353020789714e+00        5.894368710998684931e-06
2.430000000000000160e+00        1.448824096333632516e+00        2.501452857050722116e-06
2.439999999999999947e+00        1.448681653268111269e+00        4.961793057867681608e-05
2.450000000000000178e+00        1.448765785193675715e+00        1.970536298927730442e-04
2.459999999999999964e+00        1.448628840652000038e+00        -3.343732213980019877e-05
2.470000000000000195e+00        1.448596145232605492e+00        -5.023764549679494190e-06
2.479999999999999982e+00        1.448471774768717912e+00        -5.340444828423379555e-05
2.490000000000000213e+00        1.448449896759999911e+00        -4.092908240723275983e-06
2.500000000000000000e+00        1.448441599999999996e+00        -4.391079300000000064e-05
2.509999999999999787e+00        1.448393146230400053e+00        -2.126013763010141386e-05
2.520000000000000018e+00        1.448307346002762674e+00        -7.931362373910924915e-05
2.529999999999999805e+00        1.448213517120531257e+00        -8.823088827183025697e-06
2.540000000000000036e+00        1.448236581086799868e+00        6.959801162568729038e-05
2.549999999999999822e+00        1.448175510039142910e+00        -8.429024613810010328e-06
2.560000000000000053e+00        1.448152975579042101e+00        -1.975838966068511305e-06
2.569999999999999840e+00        1.447904545203200000e+00        1.638492313926044413e-04
2.580000000000000071e+00        1.448210943426400110e+00        2.863637539269969628e-06
2.589999999999999858e+00        1.448176019305999818e+00        -1.395198153123974465e-05
2.600000000000000089e+00        1.448110492340000111e+00        -9.198611305937984104e-06
2.609999999999999876e+00        1.447971274468692116e+00        -5.776480864666446077e-06
2.620000000000000107e+00        1.448387967385544872e+00        4.335555176978377425e-04
2.629999999999999893e+00        1.448087711527616506e+00        3.811894177010694375e-05
2.640000000000000124e+00        1.448066057539200147e+00        2.372317452055878047e-07
2.649999999999999911e+00        1.447949475004344233e+00        -5.764886175323948085e-05
2.660000000000000142e+00        1.447906915448262222e+00        2.409030612910589191e-05
2.669999999999999929e+00        1.447923263172312458e+00        1.005363234585265861e-05
2.680000000000000160e+00        1.447840811534108152e+00        -2.524255667543304645e-06
2.689999999999999947e+00        1.447801075328167597e+00        1.617114581637643777e-05
2.700000000000000178e+00        1.447814614018963830e+00        1.119161014919315824e-05
2.709999999999999964e+00        1.447757569019999968e+00        -1.241693893418494674e-05
2.720000000000000195e+00        1.447727964960842773e+00        -8.371688498895726570e-06
2.729999999999999982e+00        1.447670334800399861e+00        2.500510573488361581e-05
2.740000000000000213e+00        1.447632761277714453e+00        5.611796472096113793e-06
2.750000000000000000e+00        1.447575346957397757e+00        7.411400644128933088e-05
2.759999999999999787e+00        1.447596688406399990e+00        4.018854212011066588e-05
2.770000000000000018e+00        1.447585405300999994e+00        3.758094452469207058e-05
2.779999999999999805e+00        1.447530228066800095e+00        3.614795246572885661e-07
2.790000000000000036e+00        1.447453688220347701e+00        -3.447073380990053184e-06
2.799999999999999822e+00        1.447441502291085369e+00        -2.971213714773345669e-05
2.810000000000000053e+00        1.447363958238394588e+00        4.481575237871611580e-06
2.819999999999999840e+00        1.447334081633600000e+00        8.531903835897098565e-06
2.830000000000000071e+00        1.447298154417783200e+00        1.490035206719418608e-05
2.839999999999999858e+00        1.447218847921600160e+00        -1.403632508594194216e-06
2.850000000000000089e+00        1.447176384248526571e+00        8.657821145147228173e-05
2.859999999999999876e+00        1.447211013983479511e+00        6.668092168845056943e-05
2.870000000000000107e+00        1.447154984033554248e+00        4.151913942597556644e-05
2.879999999999999893e+00        1.447119311062093683e+00        4.646687429071660457e-05
2.890000000000000124e+00        1.447058472358537129e+00        2.304226400541991256e-05
2.899999999999999911e+00        1.446996396389003126e+00        2.615366827650254095e-05
2.910000000000000142e+00        1.446972627399673250e+00        -2.121403441576724212e-06
2.919999999999999929e+00        1.446872934633102625e+00        5.752256332368405501e-05
2.930000000000000160e+00        1.446812838569599968e+00        -2.912238003196721436e-06
2.939999999999999947e+00        1.446774132885394915e+00        -3.440031100352148192e-05
2.950000000000000178e+00        1.446686920355000128e+00        1.143041920069765196e-05
2.959999999999999964e+00        1.446635244734360004e+00        2.658899113054339079e-05
2.970000000000000195e+00        1.446547598316400007e+00        6.961949906162448827e-06
2.979999999999999982e+00        1.446466847673358203e+00        2.771023237746717029e-05
2.990000000000000213e+00        1.446414042772671049e+00        3.424038223610620136e-05
3.000000000000000000e+00        1.446312401560690297e+00        2.545081014792917226e-05
3.009999999999999787e+00        1.446210683366047300e+00        2.788621324650641465e-05
3.020000000000000018e+00        1.446163116902068779e+00        5.751091492417203128e-05
3.029999999999999805e+00        1.446035034949596731e+00        2.873632685346817750e-05
3.040000000000000036e+00        1.445860520863337051e+00        5.396885231385661311e-05
3.049999999999999822e+00        1.445783753887330159e+00        1.504000160918295798e-04
3.060000000000000053e+00        1.445695936663200065e+00        8.404150219555306378e-05
3.069999999999999840e+00        1.445596926046865738e+00        1.121498491902183877e-04
3.080000000000000071e+00        1.445456197582643654e+00        8.056618741031186591e-05
3.089999999999999858e+00        1.445291537939605409e+00        5.057081033918347569e-05
3.100000000000000089e+00        1.445106193554000162e+00        8.857790034856041165e-05
3.109999999999999876e+00        1.444816029543648073e+00        -2.892091435535101726e-05
3.120000000000000107e+00        1.444455146016000002e+00        2.764243365544010963e-04
3.129999999999999893e+00        1.444496436822999996e+00        1.856793208089003685e-04
3.140000000000000124e+00        1.443933330063033926e+00        1.753361578268474873e-04
3.149999999999999911e+00        1.443717390771004139e+00        4.098365837199133993e-04
3.160000000000000142e+00        1.443480623816582709e+00        2.411085284222599652e-04
3.169999999999999929e+00        1.442853054873590946e+00        1.203099253906048322e-04
3.180000000000000160e+00        1.441950563809106578e+00        8.087663387709077985e-05
3.189999999999999947e+00        1.440934270972192399e+00        1.547078036140877308e-04
3.200000000000000178e+00        1.439349999999999907e+00        1.847002699999999954e-04
3.209999999999999964e+00        1.436661879858990742e+00        2.113463245103376880e-04
3.220000000000000195e+00        1.431006814224990098e+00        3.567895175683144212e-04
3.229999999999999982e+00        1.408184000391200730e+00        4.604654723946117155e-03
3.240000000000000213e+00        1.520518473174143015e+00        5.732017246693537488e-02
3.250000000000000000e+00        1.464196352559999914e+00        2.628058775579957419e-03
3.259999999999999787e+00        1.437076588112304654e+00        2.286826618325590865e-02
3.270000000000000018e+00        1.457910192587599907e+00        1.530996822433389366e-03
3.279999999999999805e+00        1.454363225547739891e+00        1.365294157097571249e-03
3.290000000000000036e+00        1.451954565138944719e+00        1.886469072820544943e-04
3.299999999999999822e+00        1.450255448249975876e+00        2.227918456234696733e-05
3.310000000000000053e+00        1.448879247490200139e+00        1.059342775701457476e-05
3.319999999999999840e+00        1.447502347529600053e+00        -1.495012087388693501e-05
3.330000000000000071e+00        1.445937576614400033e+00        1.065765136273594119e-04
3.339999999999999858e+00        1.443566081705999871e+00        1.614198822704485602e-04
3.350000000000000089e+00        1.438050169005000045e+00        2.540482266905036532e-04
3.359999999999999876e+00        1.388144716883209284e+00        6.489416323663554746e-03
3.370000000000000107e+00        1.468949647750826815e+00        4.183556237364198342e-03
3.379999999999999893e+00        1.459336610681703394e+00        2.312683938347359777e-04
3.390000000000000124e+00        1.455233820569999947e+00        -1.515656647490023882e-04
3.399999999999999911e+00        1.453303823731999955e+00        -7.732172283804289415e-05
3.410000000000000142e+00        1.452211603778407190e+00        -6.964848761545682301e-05
3.419999999999999929e+00        1.451404546901600146e+00        -2.629037739677135950e-05
3.430000000000000160e+00        1.451083358372233789e+00        3.393422936722344707e-05
3.439999999999999947e+00        1.450439307043200010e+00        -3.982515808057814050e-05
3.450000000000000178e+00        1.450018611870905305e+00        3.627633422791728166e-06
3.459999999999999964e+00        1.449550724956000014e+00        9.448890428257459596e-05
3.470000000000000195e+00        1.449391092372400269e+00        1.316896480337238860e-03
3.479999999999999982e+00        1.449585215947702510e+00        1.208534668575279164e-03
3.490000000000000213e+00        1.449943879284775416e+00        8.442111773363608314e-05
3.500000000000000000e+00        1.449486857269999929e+00        3.639924168270019448e-05
3.509999999999999787e+00        1.449303019075799837e+00        2.012625024354002359e-04
3.520000000000000018e+00        1.449128181772800117e+00        3.658938499174412370e-05
3.529999999999999805e+00        1.448961528349600014e+00        4.059225698662842280e-05
3.540000000000000036e+00        1.448814798379999935e+00        3.466576808839997198e-05
3.549999999999999822e+00        1.448707777660000140e+00        2.667993346780004601e-05
3.560000000000000053e+00        1.448594983147200033e+00        5.530363450643160375e-05
3.569999999999999840e+00        1.448483411290000022e+00        4.703256049580614630e-05
3.580000000000000071e+00        1.448396370891054996e+00        3.996914573129221014e-05
3.589999999999999858e+00        1.448297108761660512e+00        3.207404173128642055e-05
3.600000000000000089e+00        1.448229911028707573e+00        5.311545005971213631e-05
3.609999999999999876e+00        1.448137748898999932e+00        3.687473227564981213e-05
3.620000000000000107e+00        1.448061148080937111e+00        4.182470514023329064e-05
3.629999999999999893e+00        1.447969592042999798e+00        4.710972199796594265e-05
3.640000000000000124e+00        1.447888302800072635e+00        6.459242185239057893e-05
3.649999999999999911e+00        1.447840874922427412e+00        6.443856833182438708e-05
3.660000000000000142e+00        1.447751982068867793e+00        4.946494138614104336e-05
3.669999999999999929e+00        1.447677415265393064e+00        6.980019672946976693e-05
3.680000000000000160e+00        1.447616559218292132e+00        6.838135189803415783e-05
3.689999999999999947e+00        1.447524692978999994e+00        8.048457125104581280e-05
3.700000000000000178e+00        1.447470937208153785e+00        8.781027668400841516e-05
3.709999999999999964e+00        1.447421509383188365e+00        8.385499299103545405e-05
3.720000000000000195e+00        1.447342683865600055e+00        1.107090890745602007e-04
3.729999999999999982e+00        1.447260923535599986e+00        1.271967827960000243e-04
3.740000000000000213e+00        1.447176373828276796e+00        1.264928426742492487e-04
3.750000000000000000e+00        1.447015432160988047e+00        1.809057051983430835e-04
3.759999999999999787e+00        1.446826680651908781e+00        3.083350221008743209e-04
3.770000000000000018e+00        1.448118027214413850e+00        7.965860040119068612e-04
3.779999999999999805e+00        1.447361742918609862e+00        1.700005343191371789e-04
3.790000000000000036e+00        1.447243218754196814e+00        1.517369906728610455e-04
3.799999999999999822e+00        1.447148673219625925e+00        1.618208859749070379e-04
3.810000000000000053e+00        1.447059964072278548e+00        1.731126929884695110e-04
3.819999999999999840e+00        1.447019115707999903e+00        1.589397354082799582e-04
3.830000000000000071e+00        1.446952647268199943e+00        1.565386506489411492e-04
3.839999999999999858e+00        1.446910599967999866e+00        1.748799935104044156e-04
3.850000000000000089e+00        1.446845767661046445e+00        1.622383582958648071e-04
3.859999999999999876e+00        1.446763327613612260e+00        1.673937624923923877e-04
3.870000000000000107e+00        1.446728413687200065e+00        1.960635535300777948e-04
3.879999999999999893e+00        1.446661256337399948e+00        2.121615798117163160e-04
3.890000000000000124e+00        1.446618717885114869e+00        2.706930068865721689e-04
3.899999999999999911e+00        1.446652584515999873e+00        3.020254132628016203e-04
3.910000000000000142e+00        1.446660739024499875e+00        2.287227895012132624e-04
3.919999999999999929e+00        1.446593391878399970e+00        1.703463946233588233e-04
3.930000000000000160e+00        1.446517815455642619e+00        1.790996012787487426e-04
3.939999999999999947e+00        1.446459293395599977e+00        1.886583259581603065e-04
3.950000000000000178e+00        1.446425649776721833e+00        1.897244804776783704e-04
3.959999999999999964e+00        1.446334757663785497e+00        1.855040141184666680e-04
3.970000000000000195e+00        1.446276334131199937e+00        1.711610214550622784e-04
3.979999999999999982e+00        1.446214786231328819e+00        2.025729044575179253e-04
3.990000000000000213e+00        1.446101924155012597e+00        2.131203584033014142e-04
4.000000000000000000e+00        1.446523400000000015e+00        8.000426500000000539e-04
4.009999999999999787e+00        1.446269264627448203e+00        1.949194679593149835e-04
4.019999999999999574e+00        1.446117320081736324e+00        1.755701361928228084e-04
4.030000000000000249e+00        1.446045335320516489e+00        1.889301308978478134e-04
4.040000000000000036e+00        1.445994831440706507e+00        2.028233105589335560e-04
4.049999999999999822e+00        1.445916132096999984e+00        2.222827039619988253e-04
4.059999999999999609e+00        1.445833898616800006e+00        2.150504114374334353e-04
4.070000000000000284e+00        1.445753745458200124e+00        2.147337086209408891e-04
4.080000000000000071e+00        1.445634641254399888e+00        1.903963443916779745e-04
4.089999999999999858e+00        1.445427517151999908e+00        3.175979888415972840e-04
4.099999999999999645e+00        1.445282751324000081e+00        3.918080217528011663e-04
4.110000000000000320e+00        1.444025734395600002e+00        3.921530131388966658e-04
4.120000000000000107e+00        1.447484331856000228e+00        4.376126627696435667e-04
4.129999999999999893e+00        1.446223138708376599e+00        2.814092043710258962e-04
4.139999999999999680e+00        1.445931149083330869e+00        2.762301468270597095e-04
4.150000000000000355e+00        1.445937049717389344e+00        3.943671010693098906e-04
4.160000000000000142e+00        1.445786684684799983e+00        2.818388955065519630e-04
4.169999999999999929e+00        1.445676419235000010e+00        2.700108845856414425e-04
4.179999999999999716e+00        1.445587291464811575e+00        2.742706187614368514e-04
4.190000000000000391e+00        1.445511217382327684e+00        2.997443098739509975e-04
4.200000000000000178e+00        1.445422152352000111e+00        3.724689145024040731e-04
4.209999999999999964e+00        1.445434469405499911e+00        3.088019543798115486e-04
4.219999999999999751e+00        1.445375836313467888e+00        3.775452559923285359e-04
4.230000000000000426e+00        1.445364257050799850e+00        3.886877990497208404e-04
4.240000000000000213e+00        1.445321603984866643e+00        3.667833552282253359e-04
4.250000000000000000e+00        1.445284664900000182e+00        2.939344754129998016e-04
4.259999999999999787e+00        1.445112574011826467e+00        2.897774878496494179e-04
4.269999999999999574e+00        1.445004815188599911e+00        5.233030933027372003e-04
4.280000000000000249e+00        1.445339945810378390e+00        4.639409747696933818e-04
4.290000000000000036e+00        1.445162134726399872e+00        3.600610303637528063e-04
4.299999999999999822e+00        1.445061634225344394e+00        3.590488809189910685e-04
4.309999999999999609e+00        1.444979033896000020e+00        3.198481684095839852e-04
4.320000000000000284e+00        1.444914848208000091e+00        3.198370732656006794e-04
4.330000000000000071e+00        1.444837035998759900e+00        3.676171677796137029e-04
4.339999999999999858e+00        1.444795225971200026e+00        3.445313956531248717e-04
4.349999999999999645e+00        1.444715454046000103e+00        4.183769655519971147e-04
4.360000000000000320e+00        1.444711770305702858e+00        4.125785641187279464e-04
4.370009999999999728e+00        1.444666367842215804e+00        3.939260872977258608e-04
4.380010000000000403e+00        1.444586201482764842e+00        3.681534920773274228e-04
4.390010000000000190e+00        1.444485491435715918e+00        3.843152086059963913e-04
4.400009999999999977e+00        1.444369195962025954e+00        3.872796967535433463e-04
4.410009999999999764e+00        1.444218832786240192e+00        4.403957327154256604e-04
4.420010000000000439e+00        1.444077070731458079e+00        6.141992892342125953e-04
4.430010000000000225e+00        1.444004214247447182e+00        8.879385042249846906e-04
4.440010000000000012e+00        1.444886612077076249e+00        1.276701729100155128e-03
4.450009999999999799e+00        1.444639503340453546e+00        5.095517847259610923e-04
4.460009999999999586e+00        1.444438728392452909e+00        4.671585269144451426e-04
4.470010000000000261e+00        1.444306106236462162e+00        4.618493553894136602e-04
4.480010000000000048e+00        1.444225054542355169e+00        4.732592902789841348e-04
4.490009999999999835e+00        1.444148779696704077e+00        4.641916880674579649e-04
4.500009999999999621e+00        1.444064654527593472e+00        4.640138376221411261e-04
4.510010000000000296e+00        1.444007744017257178e+00        4.768694641670255530e-04
4.520010000000000083e+00        1.443893160981476687e+00        4.373813334354834667e-04
4.530009999999999870e+00        1.443807760718123445e+00        4.572412230925397710e-04
4.540009999999999657e+00        1.443682909021086536e+00        4.767235856310932302e-04
4.550010000000000332e+00        1.443601709140724054e+00        4.681003535868601432e-04
4.560010000000000119e+00        1.443459455878026043e+00        4.913854673700297207e-04
4.570009999999999906e+00        1.443297318882772906e+00        4.936514022051701096e-04
4.580009999999999692e+00        1.443080870803625571e+00        5.197507258327098293e-04
4.590010000000000367e+00        1.442737563590035466e+00        5.446260722618387513e-04
4.600010000000000154e+00        1.441843704228126688e+00        1.285503076161399793e-03
4.610009999999999941e+00        1.441684644837773588e+00        2.753444499396114162e-03
4.620009999999999728e+00        1.444455481672866526e+00        2.938123882701160813e-03
4.630010000000000403e+00        1.444684986876167976e+00        1.562556143465668049e-03
4.640010000000000190e+00        1.444489869607272103e+00        1.030933104964709603e-03
4.650009999999999977e+00        1.444199889423348537e+00        7.549730801029347392e-04
4.660009999999999764e+00        1.443883188388237260e+00        5.411165908625698235e-04
4.670010000000000439e+00        1.443638185529896534e+00        5.377943192176614946e-04
4.680010000000000225e+00        1.443470998517342618e+00        5.605683071249391997e-04
4.690010000000000012e+00        1.443309647895083314e+00        5.528989089402592313e-04
4.700009999999999799e+00        1.443219999575505952e+00        5.718792533540664226e-04
4.710009999999999586e+00        1.443105368177467263e+00        5.891300857287027747e-04
4.720010000000000261e+00        1.442979376513255918e+00        5.985146998637613141e-04
4.730010000000000048e+00        1.442867570297258206e+00        5.979131548684583821e-04
4.740009999999999835e+00        1.442775455594583089e+00        5.973130793463766151e-04
4.750009999999999621e+00        1.442649475181773555e+00        5.929800072602254115e-04
4.760010000000000296e+00        1.442494738108116792e+00        5.844176328532709255e-04
4.770010000000000083e+00        1.442335612184485472e+00        6.357505394349494306e-04
4.780009999999999870e+00        1.442234285348183542e+00        6.901483384361182345e-04
4.790009999999999657e+00        1.442087534695302820e+00        6.963271730326677867e-04
4.800010000000000332e+00        1.441970917630289062e+00        7.116686235675945228e-04
4.810019999999999740e+00        1.441793381604755675e+00        7.117048752028591477e-04
4.820020000000000415e+00        1.441584123185770450e+00        7.593000053071793628e-04
4.830020000000000202e+00        1.441398291910034768e+00        7.520744952473792759e-04
4.840019999999999989e+00        1.441057684890314050e+00        7.442792948877453331e-04
4.850019999999999776e+00        1.440669823726069110e+00        7.936548668269945974e-04
4.860019999999999563e+00        1.440047680642186023e+00        8.879360581707191951e-04
4.870020000000000238e+00        1.439218095267538189e+00        1.437852044001676531e-03
4.880020000000000024e+00        1.438420304014924156e+00        2.144996433194621376e-03
4.890019999999999811e+00        1.435980148496304176e+00        3.373416492184682508e-03
4.900019999999999598e+00        1.445745756915425284e+00        2.361507451996305157e-02
4.910020000000000273e+00        1.447761073154141265e+00        1.740412747601276450e-03
4.920020000000000060e+00        1.444512221525669160e+00        1.591088639984491668e-03
4.930019999999999847e+00        1.443626967993515864e+00        1.081276956839803075e-03
4.940019999999999634e+00        1.442880737748505560e+00        1.105323361460127524e-03
4.950020000000000309e+00        1.442399098520156020e+00        1.144631650112479596e-03
4.960020000000000095e+00        1.442082790748159926e+00        1.238693883564710458e-03
4.970019999999999882e+00        1.441797119802698424e+00        1.316337698963444738e-03
4.980019999999999669e+00        1.441566679247171301e+00        1.354378156101306192e-03
4.990020000000000344e+00        1.441328298445051059e+00        1.377031330296535480e-03
