# wav(mic), n, k
2.999999999999999889e-01        1.319900000000000073e+00        5.086499999999999754e-09
3.099999999999999978e-01        1.319900000000000073e+00        5.086499999999999754e-09
3.200000000000000067e-01        1.319900000000000073e+00        5.086499999999999754e-09
3.300000000000000155e-01        1.319900000000000073e+00        5.086499999999999754e-09
3.400000000000000244e-01        1.319900000000000073e+00        5.086499999999999754e-09
3.499999999999999778e-01        1.319900000000000073e+00        5.086499999999999754e-09
3.599999999999999867e-01        1.319900000000000073e+00        5.086499999999999754e-09
3.699999999999999956e-01        1.319900000000000073e+00        5.086499999999999754e-09
3.800000000000000044e-01        1.319900000000000073e+00        5.086499999999999754e-09
3.900000000000000133e-01        1.319900000000000073e+00        5.086499999999999754e-09
4.000000000000000222e-01        1.319900000000000073e+00        5.086499999999999754e-09
4.099999999999999756e-01        1.319900000000000073e+00        5.086499999999999754e-09
4.199999999999999845e-01        1.319900000000000073e+00        5.086499999999999754e-09
4.299999999999999933e-01        1.319900000000000073e+00        5.086499999999999754e-09
4.400000000000000022e-01        1.319900000000000073e+00        5.086499999999999754e-09
4.500000000000000111e-01        1.319900000000000073e+00        5.086499999999999754e-09
4.600000000000000200e-01        1.319900000000000073e+00        5.086499999999999754e-09
4.699999999999999734e-01        1.319900000000000073e+00        5.086499999999999754e-09
4.799999999999999822e-01        1.319900000000000073e+00        5.086499999999999754e-09
4.899999999999999911e-01        1.319900000000000073e+00        5.086499999999999754e-09
5.000000000000000000e-01        1.319900000000000073e+00        5.086499999999999754e-09
5.100000000000000089e-01        1.319900000000000073e+00        5.086499999999999754e-09
5.200000000000000178e-01        1.319900000000000073e+00        5.086499999999999754e-09
5.300000000000000266e-01        1.319900000000000073e+00        5.086499999999999754e-09
5.400000000000000355e-01        1.319900000000000073e+00        5.086499999999999754e-09
5.500000000000000444e-01        1.319900000000000073e+00        5.086499999999999754e-09
5.600000000000000533e-01        1.319900000000000073e+00        5.086499999999999754e-09
5.699999999999999512e-01        1.319900000000000073e+00        5.086499999999999754e-09
5.799999999999999600e-01        1.319900000000000073e+00        5.086499999999999754e-09
5.899999999999999689e-01        1.319900000000000073e+00        5.086499999999999754e-09
5.999999999999999778e-01        1.319900000000000073e+00        5.086499999999999754e-09
6.099999999999999867e-01        1.319900000000000073e+00        5.086499999999999754e-09
6.199999999999999956e-01        1.319900000000000073e+00        5.086499999999999754e-09
6.300000000000000044e-01        1.319900000000000073e+00        5.086499999999999754e-09
6.400000000000000133e-01        1.319900000000000073e+00        5.086499999999999754e-09
6.500000000000000222e-01        1.319900000000000073e+00        5.086499999999999754e-09
6.600000000000000311e-01        1.319900000000000073e+00        5.086499999999999754e-09
6.700000000000000400e-01        1.319900000000000073e+00        5.086499999999999754e-09
6.800000000000000488e-01        1.319900000000000073e+00        5.086499999999999754e-09
6.899999999999999467e-01        1.319900000000000073e+00        5.086499999999999754e-09
6.999999999999999556e-01        1.319900000000000073e+00        5.086499999999999754e-09
7.099999999999999645e-01        1.319900000000000073e+00        5.086499999999999754e-09
7.199999999999999734e-01        1.319900000000000073e+00        4.917772934975495365e-08
7.299999999999999822e-01        1.319890000000000008e+00        2.651160359437033858e-07
7.399999999999999911e-01        1.319879999999999942e+00        1.977613057858946198e-08
7.500000000000000000e-01        1.319870000000000099e+00        2.984202212923153523e-09
7.600000000000000089e-01        1.319860000000000033e+00        3.023980606477941634e-09
7.700000000000000178e-01        1.319846659564161362e+00        1.037469152543481074e-08
7.800000000000000266e-01        1.319839999999999902e+00        2.724501820607309318e-08
7.900000000000000355e-01        1.319830000000000059e+00        3.350272583351385208e-08
8.000000000000000444e-01        1.319819999999999993e+00        8.195546311113041200e-08
8.100000000000000533e-01        1.319809999999999928e+00        2.066296906479968923e-08
8.199999999999999512e-01        1.319800000000000084e+00        3.262681337321314057e-09
8.299999999999999600e-01        1.319790000000000019e+00        3.302456270574851564e-09
8.399999999999999689e-01        1.319779999999999953e+00        3.158750811808050892e-08
8.499999999999999778e-01        1.319770000000000110e+00        2.685424774986056929e-08
8.599999999999999867e-01        1.319760000000000044e+00        1.388334833632407240e-07
8.699999999999999956e-01        1.319749999999999979e+00        3.929685049554663768e-07
8.800000000000000044e-01        1.319739999999999913e+00        2.584851839494056969e-07
8.900000000000000133e-01        1.319730000000000070e+00        3.532938514351862395e-06
9.000000000000000222e-01        1.319730000000000070e+00        8.105115569274751395e-07
9.100000000000000311e-01        1.319720000000000004e+00        8.765009600139511441e-08
9.200000000000000400e-01        1.319709999999999939e+00        6.435329566737731738e-08
9.300000000000000488e-01        1.319700000000000095e+00        1.540974400550180140e-08
9.399999999999999467e-01        1.319690000000000030e+00        7.531515508320464482e-09
9.499999999999999556e-01        1.319679999999999964e+00        3.882191418162041498e-08
9.599999999999999645e-01        1.319679999999999964e+00        3.740516558649466477e-08
9.699999999999999734e-01        1.319669999999999899e+00        3.064050764489166434e-07
9.799999999999999822e-01        1.319660000000000055e+00        2.014693167331752521e-07
9.899999999999999911e-01        1.319649999999999990e+00        1.229919583159393244e-06
1.000000000000000000e+00        1.319649999999999990e+00        6.231344096029848628e-07
1.010000000000000009e+00        1.319639999999999924e+00        6.522361473752844276e-07
1.020000000000000018e+00        1.319630000000000081e+00        3.766255948984517746e-07
1.030000000000000027e+00        1.319620000000000015e+00        1.965465515980388563e-07
1.040000000000000036e+00        1.319620000000000015e+00        4.887361487201079161e-08
1.050000000000000044e+00        1.319609999999999950e+00        5.896144184289324675e-09
1.060000000000000053e+00        1.319600000000000106e+00        8.787496910787028220e-09
1.070000000000000062e+00        1.319590000000000041e+00        1.978065182010758122e-08
1.080000000000000071e+00        1.319590000000000041e+00        4.635793503668739881e-08
1.090000000000000080e+00        1.319579999999999975e+00        8.538638153806947421e-08
1.100000000000000089e+00        1.319569999999999910e+00        2.244371038024167471e-07
1.110000000000000098e+00        1.319560000000000066e+00        6.878999921370970302e-07
1.120000000000000107e+00        1.319560000000000066e+00        1.196323841545714812e-06
1.129999999999999893e+00        1.319550000000000001e+00        3.856356626295617079e-06
1.139999999999999902e+00        1.319539999999999935e+00        1.187365549726446757e-05
1.149999999999999911e+00        1.319539999999999935e+00        1.801540206514175234e-06
1.159999999999999920e+00        1.319530000000000092e+00        1.029781616958660293e-05
1.169999999999999929e+00        1.319520000000000026e+00        1.094024701132281214e-05
1.179999999999999938e+00        1.319520000000000026e+00        1.319287746974693762e-06
1.189999999999999947e+00        1.319509999999999961e+00        5.416766870709312860e-06
1.199999999999999956e+00        1.319499999999999895e+00        1.155992287404769624e-06
1.209999999999999964e+00        1.319499999999999895e+00        4.632887287788783002e-07
1.219999999999999973e+00        1.319490000000000052e+00        1.697188447119470765e-07
1.229999999999999982e+00        1.319479999999999986e+00        1.080915052905065363e-07
1.239999999999999991e+00        1.319479999999999986e+00        1.563923210592163528e-07
1.250000000000000000e+00        1.319469999999999921e+00        1.171542741996266399e-07
1.260000000000000009e+00        1.319460000000000077e+00        8.086788263973602175e-08
1.270000000000000018e+00        1.319460000000000077e+00        1.007831598943787978e-07
1.280000000000000027e+00        1.319450000000000012e+00        1.254516621712817570e-07
1.290000000000000036e+00        1.319450000000000012e+00        1.810656777280953679e-07
1.300000000000000044e+00        1.319439999999999946e+00        3.146327129815045064e-07
1.310000000000000053e+00        1.319430000000000103e+00        6.980956639157065420e-07
1.320000000000000062e+00        1.319430000000000103e+00        2.324779640078103221e-06
1.330000000000000071e+00        1.319420000000000037e+00        1.108099813942321959e-05
1.340000000000000080e+00        1.319409999999999972e+00        1.128209357867497360e-05
1.350000000000000089e+00        1.319409999999999972e+00        4.639922330692350055e-06
1.360000000000000098e+00        1.319399999999999906e+00        2.297386853584328765e-05
1.370000000000000107e+00        1.319399999999999906e+00        2.225042421189638646e-05
1.379999999999999893e+00        1.319390000000000063e+00        9.218644764181795602e-06
1.389999999999999902e+00        1.319379999999999997e+00        1.090126534160931705e-05
1.399999999999999911e+00        1.319379999999999997e+00        2.362262847952000482e-05
1.409999999999999920e+00        1.319369999999999932e+00        2.049178921685256989e-05
1.419999999999999929e+00        1.319360000000000088e+00        4.748811166920038100e-06
1.429999999999999938e+00        1.319360000000000088e+00        2.596219527744726635e-06
1.439999999999999947e+00        1.319350000000000023e+00        1.336753532927235377e-06
1.449999999999999956e+00        1.319350000000000023e+00        2.340824960877426196e-06
1.459999999999999964e+00        1.319339999999999957e+00        1.865507603774427739e-06
1.469999999999999973e+00        1.319329999999999892e+00        7.104831829092728175e-07
1.479999999999999982e+00        1.319329999999999892e+00        8.422780696114561759e-07
1.489999999999999991e+00        1.319320000000000048e+00        3.785783581927320953e-07
1.500000000000000000e+00        1.319320000000000048e+00        2.107217963871774371e-07
1.510000000000000009e+00        1.319309999999999983e+00        2.546686440542949654e-07
1.520000000000000018e+00        1.319299999999999917e+00        1.800813401518637419e-07
1.530000000000000027e+00        1.319299999999999917e+00        1.910713787151746125e-07
1.540000000000000036e+00        1.319290000000000074e+00        2.432902365094084327e-07
1.550000000000000044e+00        1.319290000000000074e+00        3.257615830946048965e-07
1.560000000000000053e+00        1.319280000000000008e+00        4.364683432538236545e-07
1.570000000000000062e+00        1.319269999999999943e+00        6.096790381079473032e-07
1.580000000000000071e+00        1.319269999999999943e+00        8.776020622753404862e-07
1.590000000000000080e+00        1.319260000000000099e+00        1.343811427200641355e-06
1.600000000000000089e+00        1.319260000000000099e+00        2.079017248143410103e-06
1.610000000000000098e+00        1.319250000000000034e+00        3.356402240189027933e-06
1.620000000000000107e+00        1.319239999999999968e+00        5.675671892099736258e-06
1.629999999999999893e+00        1.319239999999999968e+00        1.037223927798636102e-05
1.639999999999999902e+00        1.319229999999999903e+00        2.071005663246998422e-05
1.649999999999999911e+00        1.319229999999999903e+00        5.097077084636946419e-05
1.659999999999999920e+00        1.319220000000000059e+00        9.581315140240698148e-05
1.669999999999999929e+00        1.319209999999999994e+00        2.916381355657530019e-04
1.679999999999999938e+00        1.319209999999999994e+00        2.839802744386370803e-05
1.689999999999999947e+00        1.319199999999999928e+00        2.665040635091728098e-05
1.699999999999999956e+00        1.319199999999999928e+00        1.435654734969129177e-05
1.709999999999999964e+00        1.319190000000000085e+00        2.442634767576437827e-05
1.719999999999999973e+00        1.319180000000000019e+00        7.823766116132640136e-05
1.729999999999999982e+00        1.319180000000000019e+00        4.418032918527416657e-05
1.739999999999999991e+00        1.319169999999999954e+00        1.004970507441687582e-05
1.750000000000000000e+00        1.319160000000000110e+00        1.051946477152031036e-05
1.760000000000000009e+00        1.319160000000000110e+00        1.256880817110696326e-05
1.770000000000000018e+00        1.319150000000000045e+00        2.113235135437684055e-05
1.780000000000000027e+00        1.319139999999999979e+00        4.653602931919654194e-05
1.790000000000000036e+00        1.319139999999999979e+00        5.815848794450656473e-05
1.800000000000000044e+00        1.319129999999999914e+00        7.253365100102708411e-05
1.810000000000000053e+00        1.319129999999999914e+00        8.047820757102718060e-06
1.820000000000000062e+00        1.319120000000000070e+00        2.878820613619228935e-06
1.830000000000000071e+00        1.319110000000000005e+00        1.242001792870124832e-06
1.840000000000000080e+00        1.319110000000000005e+00        1.422078028396471591e-06
1.850000000000000089e+00        1.319099999999999939e+00        3.424187400515688273e-06
1.860000000000000098e+00        1.319090000000000096e+00        9.116000025798279459e-06
1.870000000000000107e+00        1.319080000000000030e+00        1.007413200993045235e-06
1.879999999999999893e+00        1.319080000000000030e+00        5.272704991531611786e-07
1.889999999999999902e+00        1.319069999999999965e+00        4.896398856815270393e-07
1.899999999999999911e+00        1.319059999999999899e+00        4.728706824756113400e-07
1.909999999999999920e+00        1.319059999999999899e+00        5.892498595434076647e-07
1.919999999999999929e+00        1.319050000000000056e+00        8.259570012464372406e-07
1.929999999999999938e+00        1.319039999999999990e+00        1.435387492489244747e-06
1.939999999999999947e+00        1.319029999999999925e+00        2.124588052561564443e-06
1.949999999999999956e+00        1.319029999999999925e+00        1.891313690354331145e-06
1.959999999999999964e+00        1.319020000000000081e+00        1.800822878781197694e-06
1.969999999999999973e+00        1.319010000000000016e+00        8.097052268842348024e-07
1.979999999999999982e+00        1.318999999999999950e+00        5.709574641383804981e-07
1.989999999999999991e+00        1.318990000000000107e+00        5.409510855827325173e-07
2.000000000000000000e+00        1.318990000000000107e+00        6.278302904567162716e-07
2.009999999999999787e+00        1.318980000000000041e+00        7.370797325635036638e-07
2.020000000000000018e+00        1.318969999999999976e+00        8.942306096922725301e-07
2.029999999999999805e+00        1.318959999999999910e+00        1.116917674736591714e-06
2.040000000000000036e+00        1.318950000000000067e+00        1.401978897139583705e-06
2.049999999999999822e+00        1.318940000000000001e+00        1.771922191029088231e-06
2.060000000000000053e+00        1.318929999999999936e+00        2.263603302866566937e-06
2.069999999999999840e+00        1.318920000000000092e+00        2.911310944748176868e-06
2.080000000000000071e+00        1.318910000000000027e+00        3.797770050917647830e-06
2.089999999999999858e+00        1.318899999999999961e+00        5.001527735710614707e-06
2.100000000000000089e+00        1.318889999999999896e+00        6.622318095890108167e-06
2.109999999999999876e+00        1.318869999999999987e+00        8.794910853960131905e-06
2.120000000000000107e+00        1.318859999999999921e+00        1.180014089671524819e-05
2.129999999999999893e+00        1.318850000000000078e+00        1.583558933498645807e-05
2.140000000000000124e+00        1.318829999999999947e+00        2.124092244240800400e-05
2.149999999999999911e+00        1.318810000000000038e+00        2.846859624230587649e-05
2.160000000000000142e+00        1.318789999999999907e+00        3.865857418002259402e-05
2.169999999999999929e+00        1.318769999999999998e+00        5.390918168765783354e-05
2.180000000000000160e+00        1.318740000000000023e+00        7.872540495675934462e-05
2.189999999999999947e+00        1.318699999999999983e+00        1.281240257843456281e-04
2.200000000000000178e+00        1.318611669033985523e+00        3.178219743438971548e-04
2.209999999999999964e+00        1.319348263245826436e+00        5.986145968943241405e-04
2.220000000000000195e+00        1.319018973221096847e+00        1.997997796395384914e-04
2.229999999999999982e+00        1.318670019353433309e+00        1.159907547839012117e-04
2.240000000000000213e+00        1.318424786872866239e+00        1.167489513396120418e-04
2.250000000000000000e+00        1.318300000000000027e+00        1.434770859468015509e-04
2.259999999999999787e+00        1.318175368757613208e+00        1.894644802069804903e-04
2.270000000000000018e+00        1.318021065324307850e+00        2.738601615458157433e-04
2.279999999999999805e+00        1.317950329481890170e+00        4.055050108203194816e-04
2.290000000000000036e+00        1.317823075485556439e+00        6.182410652026150682e-04
2.299999999999999822e+00        1.317780724262517911e+00        9.901461144265677385e-04
2.310000000000000053e+00        1.318333340187878511e+00        1.800418125595667574e-03
2.319999999999999840e+00        1.320862723751418999e+00        3.651535412883144364e-03
2.330000000000000071e+00        1.323381639352044781e+00        2.520611153385618735e-03
2.339999999999999858e+00        1.320977444606036943e+00        7.397711382489583582e-04
2.350000000000000089e+00        1.319399999999999906e+00        3.055357455291754574e-04
2.359999999999999876e+00        1.318599999999999994e+00        2.903157897115647788e-04
2.370000000000000107e+00        1.317700000000000093e+00        7.540065856370000395e-04
2.379999999999999893e+00        1.326158704789118126e+00        6.141733901384058454e-03
2.390000000000000124e+00        1.321057181840137318e+00        3.128198792566381885e-04
2.399999999999999911e+00        1.319771798234224081e+00        8.349403219922463411e-05
2.410000000000000142e+00        1.319390000000000063e+00        5.251050957844026614e-05
2.419999999999999929e+00        1.319167581229646169e+00        7.287257373724140774e-05
2.430000000000000160e+00        1.319050000000000056e+00        1.253318962113756567e-04
2.439999999999999947e+00        1.318905055392276982e+00        5.342020325741101089e-05
2.450000000000000178e+00        1.318799999999999972e+00        1.827922070929962763e-05
2.459999999999999964e+00        1.318710000000000049e+00        9.708910331583868081e-06
2.470000000000000195e+00        1.318650000000000100e+00        8.062022080670959049e-06
2.479999999999999982e+00        1.318619999999999903e+00        7.853865717154699064e-06
2.490000000000000213e+00        1.318580000000000085e+00        8.830743942627736489e-06
2.500000000000000000e+00        1.318550000000000111e+00        1.101452029146890153e-05
2.509999999999999787e+00        1.318510000000000071e+00        1.408545986616409820e-05
2.520000000000000018e+00        1.318470000000000031e+00        1.813843280283783082e-05
2.529999999999999805e+00        1.318429999999999991e+00        2.377392354696032699e-05
2.540000000000000036e+00        1.318380000000000107e+00        3.197915868299376722e-05
2.549999999999999822e+00        1.318330000000000002e+00        4.198769713594307867e-05
2.560000000000000053e+00        1.318270435736065060e+00        5.001124828394114908e-05
2.569999999999999840e+00        1.318145178393474559e+00        5.363587163666733414e-05
2.580000000000000071e+00        1.317822385957187814e+00        6.063004649772494854e-05
2.589999999999999858e+00        1.317739999999999911e+00        1.091726670396526029e-04
2.600000000000000089e+00        1.318476019489072337e+00        7.596660621580078945e-04
2.609999999999999876e+00        1.318426665267483422e+00        5.415990900708678678e-05
2.620000000000000107e+00        1.318165018845369074e+00        1.208979467684730698e-05
2.629999999999999893e+00        1.318119999999999958e+00        3.169828926849509908e-06
2.640000000000000124e+00        1.318070000000000075e+00        1.523371889520624445e-06
2.649999999999999911e+00        1.318019999999999969e+00        1.031570174311428406e-06
2.660000000000000142e+00        1.317970000000000086e+00        8.717213571249828073e-07
2.669999999999999929e+00        1.317919999999999980e+00        7.855157617574258985e-07
2.680000000000000160e+00        1.317870000000000097e+00        8.829237708215658279e-07
2.689999999999999947e+00        1.317809999999999926e+00        8.991347990008050217e-07
2.700000000000000178e+00        1.317760000000000042e+00        9.318459114070070734e-07
2.709999999999999964e+00        1.317709999999999937e+00        9.778635109258317572e-07
2.720000000000000195e+00        1.317654535350553990e+00        1.060013738745151699e-06
2.729999999999999982e+00        1.317600000000000104e+00        1.225089223768297748e-06
2.740000000000000213e+00        1.317539999999999933e+00        1.262733171532194765e-06
2.750000000000000000e+00        1.317490000000000050e+00        1.455659065209311525e-06
2.759999999999999787e+00        1.317430000000000101e+00        1.554577665524824885e-06
2.770000000000000018e+00        1.317369999999999930e+00        1.733459817562321070e-06
2.779999999999999805e+00        1.317309999999999981e+00        1.983404031291192401e-06
2.790000000000000036e+00        1.317250000000000032e+00        2.190150168201409488e-06
2.799999999999999822e+00        1.317185842058721246e+00        2.436609511848641865e-06
2.810000000000000053e+00        1.317120000000000068e+00        2.729617547364702214e-06
2.819999999999999840e+00        1.317059999999999897e+00        3.082729640138259164e-06
2.830000000000000071e+00        1.316990000000000105e+00        3.483204106453017600e-06
2.839999999999999858e+00        1.316920000000000091e+00        3.973163617543134442e-06
2.850000000000000089e+00        1.316840000000000011e+00        4.568886050561822981e-06
2.859999999999999876e+00        1.316769999999999996e+00        5.391592844432571315e-06
2.870000000000000107e+00        1.316689999999999916e+00        6.361489005883227327e-06
2.879999999999999893e+00        1.316608179091040665e+00        6.791705999710533560e-06
2.890000000000000124e+00        1.316518975490278409e+00        7.547031666358338352e-06
2.899999999999999911e+00        1.316421491091623208e+00        8.586434820444128346e-06
2.910000000000000142e+00        1.316319999999999935e+00        9.786990517897469386e-06
2.919999999999999929e+00        1.316210000000000102e+00        1.124042996083654947e-05
2.930000000000000160e+00        1.316089196852801901e+00        1.294110391870489456e-05
2.939999999999999947e+00        1.315940000000000110e+00        1.491411567078342707e-05
2.950000000000000178e+00        1.315809263758288772e+00        1.715936241711210812e-05
2.959999999999999964e+00        1.315669999999999895e+00        1.973779648959348508e-05
2.970000000000000195e+00        1.315495796344735124e+00        2.270480678739080239e-05
2.979999999999999982e+00        1.315351446193985252e+00        2.606100551563427162e-05
2.990000000000000213e+00        1.315148666944327083e+00        2.993272797448741726e-05
3.000000000000000000e+00        1.314957439889536284e+00        3.449222625346092750e-05
3.009999999999999787e+00        1.314727762414101830e+00        3.966258326860851548e-05
3.020000000000000018e+00        1.314529571035996547e+00        4.561718257769878935e-05
3.029999999999999805e+00        1.314302920240508765e+00        5.251115350626163594e-05
3.040000000000000036e+00        1.314047732294513882e+00        6.083965297979317967e-05
3.049999999999999822e+00        1.313778072267472341e+00        7.093444642932859910e-05
3.060000000000000053e+00        1.313453604427853971e+00        8.281319897284974713e-05
3.069999999999999840e+00        1.313142033059770952e+00        9.732654784375389218e-05
3.080000000000000071e+00        1.312831665076410248e+00        1.142533969435850625e-04
3.089999999999999858e+00        1.312447467696601144e+00        1.362272612379173342e-04
3.100000000000000089e+00        1.312037208840355129e+00        1.631533325010728190e-04
3.109999999999999876e+00        1.311656230009677238e+00        1.939296495645187566e-04
3.120000000000000107e+00        1.311126606445702780e+00        2.328069750416342178e-04
3.129999999999999893e+00        1.310587750818393182e+00        2.808164067031691108e-04
3.140000000000000124e+00        1.310014651080312120e+00        3.409579194860106821e-04
3.149999999999999911e+00        1.309395572170467315e+00        4.163558497520205735e-04
3.160000000000000142e+00        1.308657274668237891e+00        5.112691917136566282e-04
3.169999999999999929e+00        1.307799015291348788e+00        6.311859570215987234e-04
3.180000000000000160e+00        1.306906025376770586e+00        7.855894908583356973e-04
3.189999999999999947e+00        1.305887742887913650e+00        1.043258094407774166e-03
3.200000000000000178e+00        1.304694442336876481e+00        1.363924495988850551e-03
3.209999999999999964e+00        1.303361052103730211e+00        1.792951288436353671e-03
3.220000000000000195e+00        1.301840158137305803e+00        2.396130164303668115e-03
3.229999999999999982e+00        1.300063412994260537e+00        3.212834249776553956e-03
3.240000000000000213e+00        1.298037727798193597e+00        4.361853485892238508e-03
3.250000000000000000e+00        1.295619256205714276e+00        5.754184290742895766e-03
3.259999999999999787e+00        1.292728082020604186e+00        7.869312613376056378e-03
3.270000000000000018e+00        1.289147171459642749e+00        1.087897497281260437e-02
3.279999999999999805e+00        1.284564008313014316e+00        1.541836524199937178e-02
3.290000000000000036e+00        1.278630596014876719e+00        2.326798081017663819e-02
3.299999999999999822e+00        1.271866624614290675e+00        3.930450406597978813e-02
3.310000000000000053e+00        1.273889347647261028e+00        7.956075731969036724e-02
3.319999999999999840e+00        1.353825136473025603e+00        1.641980224862538695e-01
3.330000000000000071e+00        1.445859838855669821e+00        1.116587664298882565e-01
3.339999999999999858e+00        1.415405314259622349e+00        4.038874601638417494e-02
3.350000000000000089e+00        1.386196014450310043e+00        1.622383572219436229e-02
3.359999999999999876e+00        1.368889173830240669e+00        7.369930713441715658e-03
3.370000000000000107e+00        1.358134095232976346e+00        3.907695655828315358e-03
3.379999999999999893e+00        1.351111924033882250e+00        2.224473491265560599e-03
3.390000000000000124e+00        1.346032325433536903e+00        1.363963577031073468e-03
3.399999999999999911e+00        1.342325399603269576e+00        9.194379590045237416e-04
3.410000000000000142e+00        1.339516322646979063e+00        6.848820320325451749e-04
3.419999999999999929e+00        1.337232562301179151e+00        5.478671661813290647e-04
3.430000000000000160e+00        1.335400540657164736e+00        4.942899721210406447e-04
3.439999999999999947e+00        1.333934317636886302e+00        4.938330087752099964e-04
3.450000000000000178e+00        1.332707103110527758e+00        5.223382896534498922e-04
3.459999999999999964e+00        1.331658779049994967e+00        5.834693624304952090e-04
3.470000000000000195e+00        1.330755051494343144e+00        6.788354499195636566e-04
3.479999999999999982e+00        1.329954998110345121e+00        7.972666331275086787e-04
3.490000000000000213e+00        1.329222335736947480e+00        9.410215385060963786e-04
3.500000000000000000e+00        1.328591983122112907e+00        1.126967088712508246e-03
3.509999999999999787e+00        1.328000000000000069e+00        1.403590765770528284e-03
3.520000000000000018e+00        1.327599999999999891e+00        1.812403404428210079e-03
3.529999999999999805e+00        1.327599999999999891e+00        2.361816797477669060e-03
3.540000000000000036e+00        1.328000000000000069e+00        2.900587924385425453e-03
3.549999999999999822e+00        1.328939952647809175e+00        3.062023882879653588e-03
3.560000000000000053e+00        1.329580998586782581e+00        2.584879623228865646e-03
3.569999999999999840e+00        1.329486844243418453e+00        1.790208884702821582e-03
3.580000000000000071e+00        1.328835652159230385e+00        1.124027161763132068e-03
3.589999999999999858e+00        1.328160111301636137e+00        6.826508819949496550e-04
3.600000000000000089e+00        1.327498157552627456e+00        4.215989747750322554e-04
3.609999999999999876e+00        1.326944820962071558e+00        2.689197034041368082e-04
3.620000000000000107e+00        1.326562446431299280e+00        1.802434915938245824e-04
3.629999999999999893e+00        1.326246761331347335e+00        1.241761876603964302e-04
3.640000000000000124e+00        1.325981405756601950e+00        8.393165380751177180e-05
3.649999999999999911e+00        1.325740582926348887e+00        6.183525165023209932e-05
3.660000000000000142e+00        1.325530029821810230e+00        5.055830425655676350e-05
3.669999999999999929e+00        1.325325615380088751e+00        5.040511582144130090e-05
3.680000000000000160e+00        1.325142039797269744e+00        5.978901535452968620e-05
3.689999999999999947e+00        1.324978593604825283e+00        7.146552593660472695e-05
3.700000000000000178e+00        1.324817385494232447e+00        7.666876364439238214e-05
3.709999999999999964e+00        1.324666282362842118e+00        8.109961164589333431e-05
3.720000000000000195e+00        1.324525997173407799e+00        9.200348774707727125e-05
3.729999999999999982e+00        1.324386517990073342e+00        1.059401575683917030e-04
3.740000000000000213e+00        1.324257838302238532e+00        1.283784345708542467e-04
3.750000000000000000e+00        1.324139951599302423e+00        1.483456628816204478e-04
3.759999999999999787e+00        1.324022852404424633e+00        1.710439801513372721e-04
3.770000000000000018e+00        1.323906533480025072e+00        1.929722238327002807e-04
3.779999999999999805e+00        1.323800988658202726e+00        2.126341001543379048e-04
3.790000000000000036e+00        1.323696212617417434e+00        2.394302990606613835e-04
3.799999999999999822e+00        1.323582198392288412e+00        2.795841549806979106e-04
3.810000000000000053e+00        1.323469999999999924e+00        3.396856450854909902e-04
3.819999999999999840e+00        1.323396419619143005e+00        4.280449204960900329e-04
3.830000000000000071e+00        1.323314660034681678e+00        5.174014584279597795e-04
3.839999999999999858e+00        1.323239999999999972e+00        5.646148182947803096e-04
3.850000000000000089e+00        1.323280000000000012e+00        5.686899815549492339e-04
3.859999999999999876e+00        1.323269999999999946e+00        5.089341850218938052e-04
3.870000000000000107e+00        1.323174924287085163e+00        3.994778544349958166e-04
3.879999999999999893e+00        1.323096782761540302e+00        2.900814986013413969e-04
3.890000000000000124e+00        1.323009360100205978e+00        2.014477163747784786e-04
3.899999999999999911e+00        1.322912646923978253e+00        1.394696350885651817e-04
3.910000000000000142e+00        1.322836634384184196e+00        9.927185987182128026e-05
3.919999999999999929e+00        1.322761315737920773e+00        6.937704397069979919e-05
3.930000000000000160e+00        1.322696679464748115e+00        5.186666049437854513e-05
3.939999999999999947e+00        1.322632719587387484e+00        3.875315647406811807e-05
3.950000000000000178e+00        1.322570000000000023e+00        2.893567958428690218e-05
3.959999999999999964e+00        1.322510000000000074e+00        2.153054507875203078e-05
3.970000000000000195e+00        1.322454911010543688e+00        1.607919849116998921e-05
3.979999999999999982e+00        1.322393648039323688e+00        1.207328255163530013e-05
3.990000000000000213e+00        1.322340000000000071e+00        9.192390693114536093e-06
4.000000000000000000e+00        1.322283091698066348e+00        6.939804467227859733e-06
4.009999999999999787e+00        1.322233767798959736e+00        5.294280618712456421e-06
4.019999999999999574e+00        1.322179999999999911e+00        4.106041336377066214e-06
4.030000000000000249e+00        1.322130000000000027e+00        3.268341129477351474e-06
4.040000000000000036e+00        1.322079678997285956e+00        2.686312289958428384e-06
4.049999999999999822e+00        1.322030000000000038e+00        2.301911880129048686e-06
4.059999999999999609e+00        1.321976788542679193e+00        2.065439730604617277e-06
4.070000000000000284e+00        1.321921254509853538e+00        1.921254149065315707e-06
4.080000000000000071e+00        1.321879999999999944e+00        1.822312854140735524e-06
4.089999999999999858e+00        1.321839999999999904e+00        1.708100775233679828e-06
4.099999999999999645e+00        1.321800000000000086e+00        1.620868374585827745e-06
4.110000000000000320e+00        1.321749999999999980e+00        1.567404923727959369e-06
4.120000000000000107e+00        1.321700000000000097e+00        1.538306916597675604e-06
4.129999999999999893e+00        1.321640902778674853e+00        1.535509027786748535e-06
4.139999999999999680e+00        1.321600000000000108e+00        1.531819770900862977e-06
4.150000000000000355e+00        1.321558870619864212e+00        1.556427520239380747e-06
4.160000000000000142e+00        1.321509999999999962e+00        1.587215536792532360e-06
4.169999999999999929e+00        1.321469999999999922e+00        1.623301548525359150e-06
4.179999999999999716e+00        1.321430000000000105e+00        1.667045336519580608e-06
4.190000000000000391e+00        1.321381739810297162e+00        1.677460971544573167e-06
4.200000000000000178e+00        1.321343888052674220e+00        1.716667017876803943e-06
4.209999999999999964e+00        1.321306596142649337e+00        1.775708275836851452e-06
4.219999999999999751e+00        1.321269839170067018e+00        1.853120622449705402e-06
4.230000000000000426e+00        1.321229999999999905e+00        1.948809647704486443e-06
4.240000000000000213e+00        1.321190000000000087e+00        2.062540403963628592e-06
4.250000000000000000e+00        1.321159999999999890e+00        2.194251449411522765e-06
4.259999999999999787e+00        1.321120000000000072e+00        2.343811261499819733e-06
4.269999999999999574e+00        1.321090000000000098e+00        2.510998370691208520e-06
4.280000000000000249e+00        1.321059999999999901e+00        2.695894904045188397e-06
4.290000000000000036e+00        1.321029999999999927e+00        2.898182568098864336e-06
4.299999999999999822e+00        1.320999999999999952e+00        3.117835744908880002e-06
4.309999999999999609e+00        1.320973512168921227e+00        3.354673228373256204e-06
4.320000000000000284e+00        1.320950000000000069e+00        3.608635184405236867e-06
4.330000000000000071e+00        1.320929999999999938e+00        3.879578271349074709e-06
4.339999999999999858e+00        1.320910000000000029e+00        4.007510702480445798e-06
4.349999999999999645e+00        1.320889999999999898e+00        3.519190262123055835e-06
4.360000000000000320e+00        1.320880000000000054e+00        2.974024532707180052e-06
4.370009999999999728e+00        1.320859999999999923e+00        2.660256863531193501e-06
4.380010000000000403e+00        1.320829999999999949e+00        2.502298172947871683e-06
4.390010000000000190e+00        1.320820000000000105e+00        2.427945265161476517e-06
4.400009999999999977e+00        1.320799999999999974e+00        2.419514176363430126e-06
4.410009999999999764e+00        1.320780000000000065e+00        2.458567099211442542e-06
4.420010000000000439e+00        1.320765754053196739e+00        2.505053135529506439e-06
4.430010000000000225e+00        1.320750000000000091e+00        2.563104523398508743e-06
4.440010000000000012e+00        1.320729999999999960e+00        2.642543974799546758e-06
4.450009999999999799e+00        1.320719398907785669e+00        2.750321310657182120e-06
4.460009999999999586e+00        1.320689999999999920e+00        2.892946775085350668e-06
4.470010000000000261e+00        1.320670000000000011e+00        3.073791151300334898e-06
4.480010000000000048e+00        1.320650000000000102e+00        3.280111400426487446e-06
4.490009999999999835e+00        1.320634181686765496e+00        3.546129489100566901e-06
4.500009999999999621e+00        1.320610000000000062e+00        3.905878052633317807e-06
4.510010000000000296e+00        1.320599335899033555e+00        4.387925221566730964e-06
4.520010000000000083e+00        1.320577583093841545e+00        5.111886295748674711e-06
4.530009999999999870e+00        1.320549999999999891e+00        6.226110872198963841e-06
4.540009999999999657e+00        1.320540000000000047e+00        7.740266202484498014e-06
4.550010000000000332e+00        1.320519999999999916e+00        1.008137406827873832e-05
4.560010000000000119e+00        1.320495055465988443e+00        1.164718858436074555e-05
4.570009999999999906e+00        1.320470000000000033e+00        9.764820196396170943e-06
4.580009999999999692e+00        1.320446439225807955e+00        7.038923741966523143e-06
4.590010000000000367e+00        1.320427769905612392e+00        5.229432490895680778e-06
4.600010000000000154e+00        1.320410000000000084e+00        4.307329096039004935e-06
4.610009999999999941e+00        1.320389999999999953e+00        3.957377865306146581e-06
4.620009999999999728e+00        1.320380000000000109e+00        3.618872446522906881e-06
4.630010000000000403e+00        1.320359999999999978e+00        3.482971944776863279e-06
4.640010000000000190e+00        1.320340000000000069e+00        3.393529258514220820e-06
4.650009999999999977e+00        1.320319999999999938e+00        3.399336697903604405e-06
4.660009999999999764e+00        1.320330000000000004e+00        3.412504035259412592e-06
4.670010000000000439e+00        1.320319999999999938e+00        3.461659403675369062e-06
4.680010000000000225e+00        1.320298788021466052e+00        3.552202382543837096e-06
4.690010000000000012e+00        1.320279999999999898e+00        3.590175012094300115e-06
4.700009999999999799e+00        1.320250187750074966e+00        3.688618867347824839e-06
4.710009999999999586e+00        1.320219999999999949e+00        3.693475775513355524e-06
4.720010000000000261e+00        1.320200000000000040e+00        3.746775268018147606e-06
4.730010000000000048e+00        1.320179999999999909e+00        3.832733148746984936e-06
4.740009999999999835e+00        1.320140000000000091e+00        3.894179631956219979e-06
4.750009999999999621e+00        1.320109999999999895e+00        4.027338555157494509e-06
4.760010000000000296e+00        1.320079999999999920e+00        4.041147504164159747e-06
4.770010000000000083e+00        1.320070000000000077e+00        4.191363579361063389e-06
4.780009999999999870e+00        1.320061615094953567e+00        4.280596979382535632e-06
4.790009999999999657e+00        1.320040000000000102e+00        4.391401565929422639e-06
4.800010000000000332e+00        1.320019999999999971e+00        4.455746713418861928e-06
4.810019999999999740e+00        1.320000000000000062e+00        4.576544634478904016e-06
4.820020000000000415e+00        1.319989999999999997e+00        4.623298244790130376e-06
4.830020000000000202e+00        1.319970000000000088e+00        4.830853056039867039e-06
4.840019999999999989e+00        1.319939999999999891e+00        4.937665881016083855e-06
4.850019999999999776e+00        1.319930000000000048e+00        5.074589560376793196e-06
4.860019999999999563e+00        1.319919999999999982e+00        5.222837029307081376e-06
4.870020000000000238e+00        1.319890000000000008e+00        5.312549510607297832e-06
4.880020000000000024e+00        1.319852343360221170e+00        5.438847248674797900e-06
4.890019999999999811e+00        1.319835444798683088e+00        5.545403535249325945e-06
4.900019999999999598e+00        1.319830000000000059e+00        5.729059863820144425e-06
4.910020000000000273e+00        1.319809999999999928e+00        5.783288533372589444e-06
4.920020000000000060e+00        1.319779999999999953e+00        5.887272982463789482e-06
4.930019999999999847e+00        1.319760000000000044e+00        6.028226802882531008e-06
4.940019999999999634e+00        1.319739999999999913e+00        6.173599990940163190e-06
4.950020000000000309e+00        1.319709999999999939e+00        6.323565169897753356e-06
4.960020000000000095e+00        1.319676830803104828e+00        6.478294706224739382e-06
4.970019999999999882e+00        1.319649999999999990e+00        6.637890973392429285e-06
4.980019999999999669e+00        1.319630000000000081e+00        6.802396038529437632e-06
4.990020000000000344e+00        1.319609999999999950e+00        6.972147586041924906e-06
