#transparent until 2 mic opcon of CH3OH
2.999999999999999889e-01         1.331685999999999925e+00         2.387324086695326603e-10
3.099999999999999978e-01         1.331660457142857190e+00         2.466901556251837490e-10
3.200000000000000067e-01         1.331634914285714233e+00         2.546479025808347859e-10
3.300000000000000155e-01         1.331609185714285770e+00         2.626056495364859263e-10
3.400000000000000244e-01         1.331582914285714292e+00         2.705633964921370150e-10
3.499999999999999778e-01         1.331557285714285666e+00         2.785211434477881037e-10
3.599999999999999867e-01         1.331531742857142930e+00         2.864788904034391406e-10
3.699999999999999956e-01         1.331505200000000055e+00         2.944366373590902293e-10
3.800000000000000044e-01         1.331479657142857098e+00         3.023943843147413697e-10
3.900000000000000133e-01         1.331453557142857180e+00         3.103521312703924584e-10
4.000000000000000222e-01         1.331427571428571266e+00         3.183098782260435470e-10
4.099999999999999756e-01         1.331401028571428613e+00         3.262676251816945840e-10
4.199999999999999845e-01         1.331375485714285656e+00         3.342253721373456727e-10
4.299999999999999933e-01         1.331348942857142781e+00         3.421831190929968131e-10
4.400000000000000022e-01         1.331322399999999906e+00         3.501408660486478501e-10
4.500000000000000111e-01         1.331295928571428533e+00         3.580986130042989904e-10
4.600000000000000200e-01         1.331270314285714296e+00         3.660563599599500791e-10
4.699999999999999734e-01         1.331243771428571421e+00         3.740141069156011161e-10
4.799999999999999822e-01         1.331217228571428546e+00         3.819718538712522565e-10
4.899999999999999911e-01         1.331190685714285671e+00         3.899296008269032934e-10
5.000000000000000000e-01         1.331164142857142796e+00         3.978873477825543821e-10
5.100000000000000089e-01         1.331137299999999968e+00         4.058450947382055225e-10
5.200000000000000178e-01         1.331110057142857128e+00         4.138028416938565595e-10
5.300000000000000266e-01         1.331083514285714253e+00         4.217605886495076998e-10
5.400000000000000355e-01         1.331056971428571378e+00         4.297183356051587885e-10
5.500000000000000444e-01         1.331030214285714219e+00         4.376760825608098772e-10
5.600000000000000533e-01         1.331002885714285711e+00         4.456338295164609659e-10
5.699999999999999512e-01         1.330976342857142836e+00         4.535915764721119511e-10
5.799999999999999600e-01         1.330948800000000043e+00         4.615493234277630915e-10
5.899999999999999689e-01         1.330922257142857168e+00         4.695070703834141802e-10
5.999999999999999778e-01         1.330894714285714153e+00         4.774648173390653206e-10
6.099999999999999867e-01         1.330867171428571361e+00         4.854225642947163575e-10
6.199999999999999956e-01         1.330840628571428708e+00         4.933803112503674979e-10
6.300000000000000044e-01         1.330813085714285693e+00         5.013380582060185349e-10
6.400000000000000133e-01         1.330785542857142900e+00         5.092958051616695719e-10
6.500000000000000222e-01         1.330757999999999885e+00         5.172535521173207123e-10
6.600000000000000311e-01         1.330730457142857093e+00         5.252112990729718526e-10
6.700000000000000400e-01         1.330702914285714300e+00         5.331690460286229930e-10
6.800000000000000488e-01         1.330675371428571285e+00         5.411267929842740300e-10
6.899999999999999467e-01         1.330647828571428493e+00         5.490845399399250670e-10
6.999999999999999556e-01         1.330620285714285700e+00         5.570422868955762073e-10
7.099999999999999645e-01         1.330592742857142685e+00         5.650000338512272443e-10
7.199999999999999734e-01         1.330565199999999892e+00         5.729577808068782813e-10
7.299999999999999822e-01         1.330536657142857182e+00         5.809155277625294217e-10
7.399999999999999911e-01         1.330509114285714167e+00         5.888732747181804586e-10
7.500000000000000000e-01         1.330481571428571375e+00         5.968310216738315990e-10
7.600000000000000089e-01         1.330453028571428664e+00         6.047887686294827394e-10
7.700000000000000178e-01         1.330425485714285649e+00         6.127465155851338798e-10
7.800000000000000266e-01         1.330396942857142939e+00         6.207042625407849167e-10
7.900000000000000355e-01         1.330369399999999924e+00         6.286620094964359537e-10
8.000000000000000444e-01         1.330340857142857214e+00         6.366197564520870941e-10
8.100000000000000533e-01         1.330312314285714281e+00         6.445775034077381311e-10
8.199999999999999512e-01         1.330284771428571489e+00         6.525352503633891681e-10
8.299999999999999600e-01         1.330256228571428556e+00         6.604929973190403084e-10
8.399999999999999689e-01         1.330227685717142894e+00         6.684507442746914488e-10
8.499999999999999778e-01         1.330199142859999961e+00         6.764084912303425892e-10
8.599999999999999867e-01         1.330170600002857251e+00         6.843662381859935228e-10
8.699999999999999956e-01         1.330142057145714318e+00         6.923239851416446631e-10
8.800000000000000044e-01         1.330113514288571608e+00         7.002817320972958035e-10
8.900000000000000133e-01         1.330084971431428453e+00         7.082394790529468405e-10
9.000000000000000222e-01         1.330056428474285735e+00         7.161972260085979809e-10
9.100000000000000311e-01         1.330026885717142893e+00         7.241549729642491212e-10
9.200000000000000400e-01         1.329998342859999960e+00         7.321127199199001582e-10
9.300000000000000488e-01         1.329969799902857241e+00         7.400704668755512986e-10
9.399999999999999467e-01         1.329940257145714400e+00         7.480282138312022322e-10
9.499999999999999556e-01         1.329911714188571459e+00         7.559859607868533725e-10
9.599999999999999645e-01         1.329882171431428617e+00         7.639437077425044095e-10
9.699999999999999734e-01         1.329853628474285898e+00         7.719014546981555499e-10
9.799999999999999822e-01         1.329824085717142834e+00         7.798592016538066903e-10
9.899999999999999911e-01         1.329795542760000115e+00         7.878169486094577272e-10
1.000000000000000000e+00         1.329765995957547187e+00         7.957746955651088676e-10
1.010000000000000009e+00         1.329696999999999907e+00         8.037324425207599046e-10
1.020000000000000018e+00         1.329596800000000023e+00         8.116901894764110450e-10
1.030000000000000027e+00         1.329539800000000049e+00         8.196479364320621853e-10
1.040000000000000036e+00         1.329499500000000056e+00         8.276056833877131189e-10
1.050000000000000044e+00         1.329464800000000002e+00         8.355634303433642593e-10
1.060000000000000053e+00         1.329442799999999814e+00         8.435211772990153997e-10
1.070000000000000062e+00         1.329431999999999947e+00         8.514789242546664367e-10
1.080000000000000071e+00         1.329415599999999920e+00         8.594366712103175770e-10
1.090000000000000080e+00         1.329408600000000051e+00         8.673944181659687174e-10
1.100000000000000089e+00         1.329409399999999852e+00         8.753521651216197544e-10
1.110000000000000098e+00         1.329412820803486772e+00         8.833099120772708948e-10
1.120000000000000107e+00         1.329416225028925647e+00         8.912676590329219317e-10
1.129999999999999893e+00         1.329416300567721088e+00         8.992254059885728653e-10
1.139999999999999902e+00         1.329422615887445813e+00         9.071831529442240057e-10
1.149999999999999911e+00         1.329426060574712576e+00         9.151408998998750427e-10
1.159999999999999920e+00         1.329420028175519741e+00         9.230986468555261830e-10
1.169999999999999929e+00         1.329419454273458090e+00         9.310563938111772200e-10
1.179999999999999938e+00         1.329418028737953561e+00         9.390141407668283604e-10
1.189999999999999947e+00         1.329403835631727482e+00         9.469718877224793974e-10
1.199999999999999956e+00         1.329397010483042152e+00         9.549296346781304343e-10
1.209999999999999964e+00         1.329382500353857077e+00         9.628873816337816781e-10
1.219999999999999973e+00         1.329352184178272944e+00         9.708451285894329219e-10
1.229999999999999982e+00         1.329316240485322709e+00         9.788028755450837521e-10
1.239999999999999991e+00         1.329283533378287085e+00         9.867606225007349958e-10
1.250000000000000000e+00         1.329255129405077618e+00         9.947183694563860328e-10
1.260000000000000009e+00         1.329211068825065345e+00         9.387324086695326603e-10
1.270000000000000018e+00         1.329156874046203640e+00         9.466901556251837490e-10
1.280000000000000027e+00         1.329114855787476346e+00         9.546479025808347859e-10
1.290000000000000036e+00         1.329058950676012429e+00         9.626056495364859263e-10
1.300000000000000044e+00         1.329001893243409116e+00         9.705633964921370150e-10
1.310000000000000053e+00         1.328964103730972957e+00         9.785211434477881037e-10
1.320000000000000062e+00         1.328894414822384018e+00         9.864788904034391406e-10
1.330000000000000071e+00         1.328835020638173159e+00         9.944366373590902293e-10
1.340000000000000080e+00         1.328755618671859873e+00         9.023943843147413697e-10
1.350000000000000089e+00         1.328703844191775785e+00         9.103521312703924584e-10
1.360000000000000098e+00         1.328653919843137299e+00         9.183098782260435470e-10
1.370000000000000107e+00         1.328596565267071483e+00         9.262676251816945840e-10
1.379999999999999893e+00         1.328536993726877169e+00         9.342253721373456727e-10
1.389999999999999902e+00         1.328468301762279369e+00         9.421831190929968131e-10
1.399999999999999911e+00         1.328429109388095553e+00         9.501408660486478501e-10
1.409999999999999920e+00         1.328401074563607898e+00         9.580986130042989904e-10
1.419999999999999929e+00         1.328342727042651550e+00         9.660563599599500791e-10
1.429999999999999938e+00         1.328276897357142827e+00         9.740141069156011161e-10
1.439999999999999947e+00         1.328215451819090509e+00         9.819718538712522565e-10
1.449999999999999956e+00         1.328153005433004852e+00         9.899296008269032934e-10
1.459999999999999964e+00         1.328122552717549754e+00         9.978873477825543821e-10
1.469999999999999973e+00         1.328077853173537770e+00         9.058450947382055225e-10
1.479999999999999982e+00         1.328027896920018991e+00         9.138028416938565595e-10
1.489999999999999991e+00         1.327977435080213819e+00         9.217605886495076998e-10
1.500000000000000000e+00         1.327923609583350872e+00         9.297183356051587885e-10
1.510000000000000009e+00         1.327874363636363686e+00         9.376760825608098772e-10
1.520000000000000018e+00         1.327840890659284456e+00         9.456338295164609659e-10
1.530000000000000027e+00         1.327819654980079589e+00         9.535915764721119511e-10
1.540000000000000036e+00         1.327812039253715160e+00         9.615493234277630915e-10
1.550000000000000044e+00         1.327815849203859200e+00         9.695070703834141802e-10
1.560000000000000053e+00         1.327803204448112062e+00         9.774648173390653206e-10
1.570000000000000062e+00         1.327786106116015219e+00         9.854225642947163575e-10
1.580000000000000071e+00         1.327758956431535076e+00         9.933803112503674979e-10
1.590000000000000080e+00         1.327751824923155688e+00         9.013380582060185349e-10
1.600000000000000089e+00         1.327778817054498850e+00         9.092958051616695719e-10
1.610000000000000098e+00         1.327817874100719386e+00         9.172535521173207123e-10
1.620000000000000107e+00         1.327834030987969260e+00         9.252112990729718526e-10
1.629999999999999893e+00         1.327826027464387604e+00         9.331690460286229930e-10
1.639999999999999902e+00         1.327817000000000025e+00         9.411267929842740300e-10
1.649999999999999911e+00         1.327796420091324148e+00         9.490845399399250670e-10
1.659999999999999920e+00         1.327782377932710478e+00         9.570422868955762073e-10
1.669999999999999929e+00         1.327759205164794398e+00         9.650000338512272443e-10
1.679999999999999938e+00         1.327726595038404955e+00         9.729577808068782813e-10
1.689999999999999947e+00         1.327740642779362101e+00         9.809155277625294217e-10
1.699999999999999956e+00         1.327746435663064162e+00         9.888732747181804586e-10
1.709999999999999964e+00         1.327747937160406400e+00         9.968310216738315990e-10
1.719999999999999973e+00         1.327735415328861857e+00         9.047887686294827394e-10
1.729999999999999982e+00         1.327715203188365667e+00         9.127465155851338798e-10
1.739999999999999991e+00         1.327703935010022374e+00         9.207042625407849167e-10
1.750000000000000000e+00         1.327675603518267966e+00         9.286620094964359537e-10
1.760000000000000009e+00         1.327654189931972706e+00         9.366197564520870941e-10
1.770000000000000018e+00         1.327624298531260294e+00         9.445775034077381311e-10
1.780000000000000027e+00         1.327576387509977307e+00         9.525352503633891681e-10
1.790000000000000036e+00         1.327533511642949415e+00         9.604929973190403084e-10
1.800000000000000044e+00         1.327488213016314811e+00         9.684507442746914488e-10
1.810000000000000053e+00         1.327442304798980066e+00         9.764084912303425892e-10
1.820000000000000062e+00         1.327392547715894766e+00         9.843662381859935228e-10
1.830000000000000071e+00         1.327340374999999906e+00         9.923239851416446631e-10
1.840000000000000080e+00         1.327294086354845692e+00         9.002817320972958035e-10
1.850000000000000089e+00         1.327246756755222634e+00         9.082394790529468405e-10
1.860000000000000098e+00         1.327194406247665048e+00         9.161972260085979809e-10
1.870000000000000107e+00         1.327150641339869264e+00         9.241549729642491212e-10
1.879999999999999893e+00         1.327086167534931915e+00         9.321127199199001582e-10
1.889999999999999902e+00         1.327021622991859884e+00         9.400704668755512986e-10
1.899999999999999911e+00         1.326948705765563119e+00         9.480282138312022322e-10
1.909999999999999920e+00         1.326889048742502908e+00         9.559859607868533725e-10
1.919999999999999929e+00         1.326825589051745746e+00         9.639437077425044095e-10
1.929999999999999938e+00         1.326756718305891036e+00         9.719014546981555499e-10
1.939999999999999947e+00         1.326673541850220239e+00         9.798592016538066903e-10
1.949999999999999956e+00         1.326596426158038078e+00         9.878169486094577272e-10
1.959999999999999964e+00         1.326533061640140287e+00         9.957746955651088676e-10
1.969999999999999973e+00         1.326450058477127492e+00         9.037324425207599046e-10
1.979999999999999982e+00         1.326368684210526228e+00         9.116901894764110450e-10
1.989999999999999991e+00         1.326287726015509927e+00         9.196479364320621853e-10
2.000000000000000000e+00         1.326196969306919771e+00         9.878169486094577272e-10
2.009999999999999787e+00         1.326109430161579894e+00         9.878169486094577272e-10
2.020000000000000018e+00         1.326009310055692891e+00         9.878169486094577272e-10
2.029999999999999805e+00         1.325897107112173012e+00         9.878169486094577272e-10
2.040000000000000036e+00         1.325785823711332467e+00         7.453315245532242889e-06
2.049999999999999822e+00         1.325670583896917165e+00         3.086210279009552398e-05
2.060000000000000053e+00         1.325569059042846609e+00         6.379398278601854523e-05
2.069999999999999840e+00         1.325473301827811534e+00         9.744788691637674375e-05
2.080000000000000071e+00         1.325398577831473634e+00         1.299604555428605500e-04
2.089999999999999858e+00         1.325326169572614843e+00         1.536042861934671473e-04
2.100000000000000089e+00         1.325255187026105119e+00         1.718556212040270748e-04
2.109999999999999876e+00         1.325190753884344153e+00         1.900713616568056486e-04
2.120000000000000107e+00         1.325153239461714039e+00         1.909008927165562006e-04
2.129999999999999893e+00         1.325097714420568007e+00         1.412695942865322763e-04
2.140000000000000124e+00         1.324998284778538871e+00         7.614062573373265046e-05
2.149999999999999911e+00         1.324857537301263655e+00         2.947803263744047767e-05
2.160000000000000142e+00         1.324721481866967920e+00         6.741882123493175869e-06
2.169999999999999929e+00         1.324562773206312993e+00         1.726831089376285984e-09
2.180000000000000160e+00         1.324410821753825518e+00         1.734788836331937228e-09
2.189999999999999947e+00         1.324252756341362414e+00         1.742746583287588265e-09
2.200000000000000178e+00         1.324088348962841888e+00         6.803408465824216688e-07
2.209999999999999964e+00         1.323911361157451783e+00         1.280045332129647346e-05
2.220000000000000195e+00         1.323700232589029024e+00         3.201870977826042818e-05
2.229999999999999982e+00         1.323453847896606250e+00         7.862605457559765137e-05
2.240000000000000213e+00         1.323156487275048088e+00         2.049084519324596734e-04
2.250000000000000000e+00         1.322847053065902667e+00         4.678245387206074425e-04
2.259999999999999787e+00         1.322677540737593915e+00         9.399196717536653862e-04
2.270000000000000018e+00         1.322876076762174780e+00         1.578850092230917697e-03
2.279999999999999805e+00         1.323674172067450749e+00         1.736377551739180704e-03
2.290000000000000036e+00         1.324075827495751811e+00         1.107861750095251669e-03
2.299999999999999822e+00         1.323878499929494801e+00         6.184457153878454442e-04
2.310000000000000053e+00         1.323556308487383593e+00         3.838457011857718888e-04
2.319999999999999840e+00         1.323216707490634469e+00         3.247398466957299623e-04
2.330000000000000071e+00         1.322929816111274137e+00         4.234757976960857608e-04
2.339999999999999858e+00         1.322916189629866901e+00         6.701260656673679742e-04
2.350000000000000089e+00         1.323053263987716832e+00         4.109280929914676823e-04
2.359999999999999876e+00         1.322843452043101831e+00         2.165612488297931847e-04
2.370000000000000107e+00         1.322559548996700141e+00         5.947929894284248995e-05
2.379999999999999893e+00         1.322253036937548698e+00         1.801567065170042308e-05
2.390000000000000124e+00         1.321977684193820002e+00         8.350628500625176996e-06
2.399999999999999911e+00         1.321693568539036967e+00         3.072440042016114586e-05
2.410000000000000142e+00         1.321410940225094421e+00         7.918441058901618901e-05
2.419999999999999929e+00         1.321122011544585861e+00         1.766337304287899496e-04
2.430000000000000160e+00         1.320912071530274456e+00         3.999979270939403261e-04
2.439999999999999947e+00         1.320897427393201928e+00         4.593813594414915703e-04
2.450000000000000178e+00         1.320687482758620579e+00         4.353423829741841244e-04
2.459999999999999964e+00         1.320513509252480011e+00         4.769016914342399482e-04
2.470000000000000195e+00         1.320247546410779016e+00         4.785147538982796665e-04
2.479999999999999982e+00         1.319961485953852653e+00         6.693022893430754152e-04
2.490000000000000213e+00         1.319928936080575044e+00         8.823746238077599018e-04
2.500000000000000000e+00         1.319810986779766937e+00         9.157833301724688842e-04
2.509999999999999787e+00         1.319847380817565030e+00         1.077861996623185725e-03
2.520000000000000018e+00         1.319926313813566843e+00         8.999629443254239828e-04
2.529999999999999805e+00         1.319770706654439518e+00         7.330086280978758469e-04
2.540000000000000036e+00         1.319623567114965867e+00         5.685329995068102819e-04
2.549999999999999822e+00         1.319374882278987693e+00         3.508782562097162005e-04
2.560000000000000053e+00         1.319018440202435638e+00         1.703196968596756703e-04
2.569999999999999840e+00         1.318582771830378197e+00         8.154326780726540644e-05
2.580000000000000071e+00         1.318118911415878891e+00         1.329237591242915723e-04
2.589999999999999858e+00         1.317847215933756200e+00         3.803254586496893422e-04
2.600000000000000089e+00         1.317894926107535225e+00         2.164896256822368902e-04
2.609999999999999876e+00         1.317421638567358944e+00         2.076971955424934093e-09
2.620000000000000107e+00         1.316962704349676105e+00         2.084929702380585337e-09
2.629999999999999893e+00         1.316534502640825055e+00         2.092887449336236167e-09
2.640000000000000124e+00         1.316123092772152781e+00         2.100845196291887411e-09
2.649999999999999911e+00         1.315699647058823585e+00         2.108802943247538241e-09
2.660000000000000142e+00         1.315283048489340079e+00         2.116760690203189071e-09
2.669999999999999929e+00         1.314860429474530301e+00         2.124718437158840728e-09
2.680000000000000160e+00         1.314425016269475055e+00         2.132676184114491972e-09
2.689999999999999947e+00         1.313949089981303997e+00         2.140633931070142802e-09
2.700000000000000178e+00         1.313450752711320613e+00         2.148591678025794046e-09
2.709999999999999964e+00         1.312922135420345970e+00         2.156549424981444876e-09
2.720000000000000195e+00         1.312353213865897539e+00         2.164507171937096534e-09
2.729999999999999982e+00         1.311753647962730973e+00         2.172464918892747364e-09
2.740000000000000213e+00         1.311087773795056366e+00         2.180422665848398194e-09
2.750000000000000000e+00         1.310373827935087832e+00         2.188380412804049024e-09
2.759999999999999787e+00         1.309597891794634261e+00         2.877793446609782774e-06
2.770000000000000018e+00         1.308733946702293816e+00         4.190019125917673816e-05
2.779999999999999805e+00         1.307788388070828312e+00         1.143241742013841782e-04
2.790000000000000036e+00         1.306768960377306277e+00         2.478848533797233596e-04
2.799999999999999822e+00         1.305651326710891791e+00         4.446107952879621268e-04
2.810000000000000053e+00         1.304465178444749851e+00         7.200813399017997598e-04
2.819999999999999840e+00         1.303195206598565026e+00         1.087070269951824660e-03
2.830000000000000071e+00         1.301818198183688713e+00         1.534043011978734753e-03
2.839999999999999858e+00         1.300345388068281816e+00         2.109917277074048383e-03
2.850000000000000089e+00         1.298756355808639462e+00         2.848134417079591345e-03
2.859999999999999876e+00         1.297062467239773031e+00         3.792398818035900947e-03
2.870000000000000107e+00         1.295273285032584099e+00         5.045112258149729058e-03
2.879999999999999893e+00         1.293525005059335875e+00         6.605770337272792551e-03
2.890000000000000124e+00         1.291747533124764979e+00         8.443537511291390393e-03
2.899999999999999911e+00         1.290189090336163025e+00         1.052522166659553698e-02
2.910000000000000142e+00         1.288535281745972760e+00         1.293388556899358229e-02
2.919999999999999929e+00         1.286953479443712967e+00         1.578463276466825563e-02
2.930000000000000160e+00         1.285708894832166216e+00         1.917203151263045108e-02
2.939999999999999947e+00         1.285269866910120351e+00         2.301712574364118274e-02
2.950000000000000178e+00         1.285042776573424916e+00         2.715796204411238812e-02
2.959999999999999964e+00         1.285755701107130333e+00         3.147102906952863044e-02
2.970000000000000195e+00         1.286805849864601115e+00         3.592324671406451481e-02
2.979999999999999982e+00         1.289446314864995058e+00         4.040820688229673774e-02
2.990000000000000213e+00         1.293609076000549418e+00         4.386367601578620296e-02
3.000000000000000000e+00         1.297351481094107584e+00         4.571211390022648924e-02
3.009999999999999787e+00         1.301542412990504216e+00         4.645275079187106970e-02
3.020000000000000018e+00         1.304514992038224852e+00         4.670757299012464475e-02
3.029999999999999805e+00         1.306687229611650514e+00         4.679945714171702270e-02
3.040000000000000036e+00         1.309172317525546747e+00         4.684244060478700428e-02
3.049999999999999822e+00         1.310782866944552705e+00         4.701650941600162698e-02
3.060000000000000053e+00         1.312968204245145598e+00         4.707666515630314075e-02
3.069999999999999840e+00         1.314432768046208455e+00         4.716228842960858147e-02
3.080000000000000071e+00         1.316355794596463236e+00         4.721899808966567580e-02
3.089999999999999858e+00         1.317806138104336666e+00         4.722202885379941234e-02
3.100000000000000089e+00         1.318979102540647874e+00         4.727292009275593787e-02
3.109999999999999876e+00         1.320776926990705480e+00         4.749335573350067785e-02
3.120000000000000107e+00         1.322246690233376709e+00         4.754561470736404921e-02
3.129999999999999893e+00         1.323909955831029883e+00         4.770183182657755649e-02
3.140000000000000124e+00         1.325259386207470191e+00         4.772092611744730567e-02
3.149999999999999911e+00         1.326792486300343743e+00         4.785852949158358322e-02
3.160000000000000142e+00         1.328634490516109601e+00         4.798047150792075083e-02
3.169999999999999929e+00         1.330259128309265737e+00         4.814160793923147330e-02
3.180000000000000160e+00         1.332452027373212555e+00         4.825854455239106389e-02
3.189999999999999947e+00         1.335142938739738661e+00         4.814201851351530836e-02
3.200000000000000178e+00         1.338132292470835871e+00         4.747878201103231111e-02
3.209999999999999964e+00         1.341120770758133185e+00         4.592123399945684248e-02
3.220000000000000195e+00         1.343853053297621392e+00         4.326941535217316420e-02
3.229999999999999982e+00         1.345529460518474441e+00         4.001951872018061351e-02
3.240000000000000213e+00         1.346126750218126000e+00         3.661323886795803811e-02
3.250000000000000000e+00         1.345911662942503639e+00         3.343741428106413588e-02
3.259999999999999787e+00         1.345088677238492014e+00         3.061146264099855879e-02
3.270000000000000018e+00         1.343539164716375689e+00         2.830414199470267581e-02
3.279999999999999805e+00         1.341652000479629958e+00         2.645329585699154537e-02
3.290000000000000036e+00         1.339402079154973224e+00         2.504915111616745627e-02
3.299999999999999822e+00         1.336672723325355028e+00         2.404414234596018163e-02
3.310000000000000053e+00         1.333312203693021392e+00         2.364734508019308845e-02
3.319999999999999840e+00         1.328905253741535564e+00         2.447778565643149440e-02
3.330000000000000071e+00         1.323319539308664083e+00         2.871302550561299904e-02
3.339999999999999858e+00         1.322007946067910389e+00         3.861837500200789031e-02
3.350000000000000089e+00         1.329237683541853787e+00         4.426159653297304791e-02
3.359999999999999876e+00         1.334141229475960255e+00         4.286045951826312345e-02
3.370000000000000107e+00         1.334132231925980516e+00         4.394536027878895301e-02
3.379999999999999893e+00         1.337552347136447217e+00         4.633392977640704569e-02
3.390000000000000124e+00         1.341126320777253467e+00         4.630864316851093787e-02
3.399999999999999911e+00         1.343797511078281381e+00         4.581059573410455055e-02
3.410000000000000142e+00         1.346633326983879497e+00         4.534421566680867793e-02
3.419999999999999929e+00         1.348906897412190720e+00         4.424756034382487657e-02
3.430000000000000160e+00         1.350324603469314155e+00         4.303042319614511224e-02
3.439999999999999947e+00         1.352465704093290588e+00         4.279902419386012041e-02
3.450000000000000178e+00         1.354740931808769311e+00         4.141074061079829532e-02
3.459999999999999964e+00         1.356750862138470293e+00         3.941804813570795596e-02
3.470000000000000195e+00         1.357837734312614897e+00         3.700956869844557184e-02
3.479999999999999982e+00         1.357743733166669964e+00         3.463868116124758922e-02
3.490000000000000213e+00         1.356904827715627926e+00         3.308431508813496763e-02
3.500000000000000000e+00         1.355570681588863069e+00         3.233759463303061132e-02
3.509999999999999787e+00         1.352945200743824294e+00         3.305962822111650767e-02
3.520000000000000018e+00         1.351879058894354113e+00         3.918535907326062967e-02
3.529999999999999805e+00         1.358907871342631246e+00         4.418689679911774054e-02
3.540000000000000036e+00         1.365875503968842386e+00         4.355156677474487925e-02
3.549999999999999822e+00         1.372347761649131748e+00         3.903431170417555329e-02
3.560000000000000053e+00         1.374982235955549248e+00         3.456705087197656234e-02
3.569999999999999840e+00         1.376996663164531620e+00         3.049144095528539058e-02
3.580000000000000071e+00         1.378985995695248823e+00         2.609189729624036835e-02
3.589999999999999858e+00         1.379918992102738162e+00         2.120030287413892170e-02
3.600000000000000089e+00         1.379390280746433994e+00         1.615197851377688995e-02
3.609999999999999876e+00         1.377899409044552659e+00         1.165528381774201538e-02
3.620000000000000107e+00         1.375536812884421867e+00         8.167279028973855812e-03
3.629999999999999893e+00         1.372838530868751405e+00         5.538015269777044752e-03
3.640000000000000124e+00         1.370347854601325910e+00         3.676666795040474302e-03
3.649999999999999911e+00         1.367961344364422738e+00         2.483834978427893261e-03
3.660000000000000142e+00         1.365695935377419623e+00         1.557763332963295376e-03
3.669999999999999929e+00         1.363821953846154011e+00         9.246378757651133864e-04
3.680000000000000160e+00         1.362000613736650712e+00         5.675103744474243673e-04
3.689999999999999947e+00         1.360395533477388508e+00         2.488336371429573793e-04
3.700000000000000178e+00         1.358928678819542490e+00         7.421815918301621494e-05
3.709999999999999964e+00         1.357569392049390089e+00         2.952324120546553537e-09
3.720000000000000195e+00         1.356200162886448402e+00         2.960281867502205194e-09
3.729999999999999982e+00         1.354970627022029195e+00         1.761839087141471472e-06
3.740000000000000213e+00         1.353789387411718836e+00         1.396505724076576292e-04
3.750000000000000000e+00         1.352559438282298299e+00         3.599420571235954899e-04
3.759999999999999787e+00         1.351379429222025363e+00         6.831575687552467755e-04
3.770000000000000018e+00         1.350199853567769503e+00         1.276790306575376066e-03
3.779999999999999805e+00         1.349106503326917839e+00         1.998816453186205190e-03
3.790000000000000036e+00         1.348269290140515331e+00         3.093900864174021093e-03
3.799999999999999822e+00         1.347688571943933544e+00         4.276935352013292585e-03
3.810000000000000053e+00         1.347611587108359377e+00         5.571819670234519351e-03
3.819999999999999840e+00         1.347893892575325436e+00         6.701674443928346686e-03
3.830000000000000071e+00         1.348610468472348334e+00         7.436619914817122444e-03
3.839999999999999858e+00         1.349209610272340987e+00         7.708095394551753125e-03
3.850000000000000089e+00         1.349652114420254234e+00         7.872841974587978242e-03
3.859999999999999876e+00         1.350186235367898169e+00         7.875492161595781457e-03
3.870000000000000107e+00         1.350418011870244905e+00         7.458343984932369261e-03
3.879999999999999893e+00         1.350080055955278580e+00         7.191633445871603754e-03
3.890000000000000124e+00         1.349664366051341657e+00         7.533856471471003964e-03
3.899999999999999911e+00         1.349570361382190331e+00         8.056961837931277820e-03
3.910000000000000142e+00         1.349780920942969420e+00         8.635613427474316678e-03
3.919999999999999929e+00         1.350014019561314171e+00         9.074012147820413252e-03
3.930000000000000160e+00         1.350431791020241690e+00         9.650457824641828219e-03
3.939999999999999947e+00         1.351115792169446106e+00         1.030598778345445665e-02
3.950000000000000178e+00         1.352255905944379277e+00         1.070761851349495870e-02
3.959999999999999964e+00         1.353592910062988874e+00         1.073185803938662627e-02
3.970000000000000195e+00         1.355039712744792180e+00         1.021789920941103443e-02
3.979999999999999982e+00         1.356335734532387649e+00         9.157689305773665175e-03
3.990000000000000213e+00         1.357188841874413798e+00         7.560537911118470587e-03
4.000000000000000000e+00         1.357345379091287496e+00         5.808930424929964823e-03
4.009999999999999787e+00         1.356855954966666111e+00         4.259659285387757538e-03
4.019999999999999574e+00         1.355986649796996790e+00         3.172705305502561239e-03
4.030000000000000249e+00         1.355096818817759452e+00         2.543003700346339359e-03
4.040000000000000036e+00         1.354277940334303709e+00         2.233487931430836251e-03
4.049999999999999822e+00         1.353653921988094755e+00         2.122124501246957975e-03
4.059999999999999609e+00         1.353200381988119982e+00         2.068351124193376460e-03
4.070000000000000284e+00         1.352862222464749076e+00         2.014890645331473239e-03
4.080000000000000071e+00         1.352610107192539823e+00         1.945602931427807764e-03
4.089999999999999858e+00         1.352403372274195492e+00         1.855206156511278849e-03
4.099999999999999645e+00         1.352209180707260927e+00         1.711722025563821399e-03
4.110000000000000320e+00         1.352029943090319763e+00         1.581285814793029687e-03
4.120000000000000107e+00         1.351868981815288029e+00         1.339167790553055359e-03
4.129999999999999893e+00         1.351676390725868648e+00         1.118157241710952083e-03
4.139999999999999680e+00         1.351397268292519493e+00         8.447375914537895089e-04
4.150000000000000355e+00         1.351107183232871378e+00         6.324743658298680833e-04
4.160000000000000142e+00         1.350772294634023263e+00         4.317117703969192057e-04
4.169999999999999929e+00         1.350392037003104839e+00         3.226973453633604589e-04
4.179999999999999716e+00         1.350075629213069561e+00         2.053585642893047036e-04
4.190000000000000391e+00         1.349746099164713220e+00         1.327355782759641236e-04
4.200000000000000178e+00         1.349442398222861828e+00         7.425252959720392049e-05
4.209999999999999964e+00         1.349165447839385745e+00         4.217426898300299194e-05
4.219999999999999751e+00         1.348891897737999779e+00         2.268107469194626050e-05
4.230000000000000426e+00         1.348644982072126464e+00         4.279189044829253836e-06
4.240000000000000213e+00         1.348407609922525063e+00         3.374084709196061599e-09
4.250000000000000000e+00         1.348154020497633665e+00         3.382042456151712429e-09
4.259999999999999787e+00         1.347905299276779267e+00         3.390000203107363673e-09
4.269999999999999574e+00         1.347721496500085214e+00         2.048146577331024080e-07
4.280000000000000249e+00         1.347488282695154638e+00         3.405915697018665747e-09
4.290000000000000036e+00         1.347269024069521981e+00         3.413873443974316990e-09
4.299999999999999822e+00         1.347044326081436205e+00         3.421831190929967821e-09
4.309999999999999609e+00         1.346847011063354582e+00         3.429788937885619064e-09
4.320000000000000284e+00         1.346640728049852020e+00         5.849489600335742720e-06
4.330000000000000071e+00         1.346493057560996798e+00         5.133646340787104085e-05
4.339999999999999858e+00         1.346274494380647058e+00         7.261110150740332633e-06
4.349999999999999645e+00         1.346064682760834685e+00         3.159295673194472423e-05
4.360000000000000320e+00         1.345860646986774434e+00         3.658720891781982559e-05
4.370009999999999728e+00         1.345562042327207442e+00         1.000336398556586875e-04
4.380010000000000403e+00         1.345287322872512181e+00         1.951427014126968953e-04
4.390010000000000190e+00         1.345034523752107303e+00         3.965535314837963276e-04
4.400009999999999977e+00         1.344897802040950108e+00         6.204562482115103970e-04
4.410009999999999764e+00         1.344726437954300691e+00         8.753404802130688046e-04
4.420010000000000439e+00         1.344728014733464150e+00         1.139094584521642027e-03
4.430010000000000225e+00         1.344757344693348955e+00         1.402443277942717632e-03
4.440010000000000012e+00         1.344812900376963771e+00         1.658468526592304882e-03
4.450009999999999799e+00         1.344989613594936628e+00         1.885764382040227205e-03
4.460009999999999586e+00         1.345238746063271318e+00         2.028796430481579014e-03
4.470010000000000261e+00         1.345498434670651333e+00         2.051190262344034995e-03
4.480010000000000048e+00         1.345909707221465634e+00         1.953287100363713166e-03
4.490009999999999835e+00         1.346191734556934083e+00         1.741104807592747062e-03
4.500009999999999621e+00         1.346621721658407766e+00         1.413434529025515756e-03
4.510010000000000296e+00         1.346601914596560423e+00         7.536968835135340232e-04
4.520010000000000083e+00         1.346333391915461641e+00         3.255180909479222172e-04
4.530009999999999870e+00         1.345993714746128500e+00         1.120985921696088093e-04
4.540009999999999657e+00         1.345708553069712599e+00         7.611753897020252368e-05
4.550010000000000332e+00         1.345422957898533722e+00         3.620782822568201136e-09
4.560010000000000119e+00         1.345216732806150173e+00         3.628740569523851966e-09
4.570009999999999906e+00         1.345081914344946838e+00         3.636698316479503210e-09
4.580009999999999692e+00         1.344896786700333413e+00         3.644656063435154040e-09
4.590010000000000367e+00         1.344906392117279248e+00         3.652613810390805284e-09
4.600010000000000154e+00         1.344863455396109186e+00         3.660571557346456114e-09
4.610009999999999941e+00         1.344730513052528442e+00         3.668529304302107358e-09
4.620009999999999728e+00         1.344618229828463685e+00         3.676487051257758188e-09
4.630010000000000403e+00         1.344490563275983375e+00         3.684444798213409846e-09
4.640010000000000190e+00         1.344421944937103541e+00         3.692402545169061089e-09
4.650009999999999977e+00         1.344325641104152202e+00         3.700360292124711506e-09
4.660009999999999764e+00         1.344134873228830074e+00         3.708318039080362336e-09
4.670010000000000439e+00         1.344171182803155729e+00         3.716275786036013994e-09
4.680010000000000225e+00         1.344149965136095304e+00         3.724233532991665237e-09
4.690010000000000012e+00         1.344103558588389369e+00         3.732191279947316068e-09
4.700009999999999799e+00         1.343918352857903065e+00         3.740149026902966898e-09
4.710009999999999586e+00         1.343897843335391196e+00         3.748106773858617728e-09
4.720010000000000261e+00         1.343761067232109419e+00         3.756064520814269385e-09
4.730010000000000048e+00         1.343790380561712183e+00         3.764022267769921043e-09
4.740009999999999835e+00         1.343564417743746686e+00         3.771980014725571046e-09
4.750009999999999621e+00         1.343493414138827280e+00         3.779937761681221876e-09
4.760010000000000296e+00         1.343330350299444031e+00         3.787895508636873533e-09
4.770010000000000083e+00         1.343244264901293228e+00         6.082492378438417863e-05
4.780009999999999870e+00         1.343226769173690993e+00         1.400475549734864331e-04
4.790009999999999657e+00         1.343105384059979146e+00         2.143681113435057500e-04
4.800010000000000332e+00         1.342960949118858327e+00         1.521550178876583507e-04
4.810019999999999740e+00         1.342894387388426924e+00         3.458853390557883141e-04
4.820020000000000415e+00         1.342790196958629112e+00         5.504647858202425022e-04
4.830020000000000202e+00         1.342824537103352922e+00         5.030199562818304720e-04
4.840019999999999989e+00         1.342865678384089545e+00         5.029038011691677572e-04
4.850019999999999776e+00         1.342788158411280408e+00         7.044994506346745735e-04
4.860019999999999563e+00         1.342704824008848385e+00         8.523572401037840616e-04
4.870020000000000238e+00         1.342760416936955581e+00         9.514956810629460670e-04
4.880020000000000024e+00         1.342843261099033292e+00         1.036167935596068665e-03
4.890019999999999811e+00         1.343072321096811406e+00         1.206285211525236645e-03
4.900019999999999598e+00         1.343370234368303384e+00         1.102144188739213925e-03
4.910020000000000273e+00         1.343395729380705728e+00         9.681228115916591919e-04
4.920020000000000060e+00         1.343630144674320848e+00         8.851945781790522246e-04
4.930019999999999847e+00         1.343868711494671464e+00         5.637634019555912103e-04
4.940019999999999634e+00         1.343672479938955666e+00         3.616893187850361824e-04
4.950020000000000309e+00         1.343698298519918621e+00         1.498547390087957734e-04
4.960020000000000095e+00         1.343781319293327670e+00         8.390216081328762392e-05
4.970019999999999882e+00         1.343628928579799098e+00         3.955016152452501874e-09
4.980019999999999669e+00         1.343643096351047728e+00         3.962973899408152704e-09
4.990020000000000344e+00         1.343950113105189414e+00         3.970931646363805188e-09
