# wav(mic), n, k
2.999999999999999889e-01        1.229999999999999982e+00        0.000000000000000000e+00
3.099999999999999978e-01        1.229999999999999982e+00        0.000000000000000000e+00
3.200000000000000067e-01        1.229999999999999982e+00        0.000000000000000000e+00
3.300000000000000155e-01        1.229999999999999982e+00        0.000000000000000000e+00
3.400000000000000244e-01        1.229999999999999982e+00        0.000000000000000000e+00
3.499999999999999778e-01        1.229999999999999982e+00        0.000000000000000000e+00
3.599999999999999867e-01        1.229999999999999982e+00        0.000000000000000000e+00
3.699999999999999956e-01        1.229999999999999982e+00        0.000000000000000000e+00
3.800000000000000044e-01        1.229999999999999982e+00        0.000000000000000000e+00
3.900000000000000133e-01        1.229999999999999982e+00        0.000000000000000000e+00
4.000000000000000222e-01        1.229999999999999982e+00        0.000000000000000000e+00
4.099999999999999756e-01        1.229999999999999982e+00        0.000000000000000000e+00
4.199999999999999845e-01        1.229999999999999982e+00        0.000000000000000000e+00
4.299999999999999933e-01        1.229999999999999982e+00        0.000000000000000000e+00
4.400000000000000022e-01        1.229999999999999982e+00        0.000000000000000000e+00
4.500000000000000111e-01        1.229999999999999982e+00        0.000000000000000000e+00
4.600000000000000200e-01        1.229999999999999982e+00        0.000000000000000000e+00
4.699999999999999734e-01        1.229999999999999982e+00        0.000000000000000000e+00
4.799999999999999822e-01        1.229999999999999982e+00        0.000000000000000000e+00
4.899999999999999911e-01        1.229999999999999982e+00        0.000000000000000000e+00
5.000000000000000000e-01        1.229999999999999982e+00        0.000000000000000000e+00
5.100000000000000089e-01        1.229999999999999982e+00        0.000000000000000000e+00
5.200000000000000178e-01        1.229999999999999982e+00        0.000000000000000000e+00
5.300000000000000266e-01        1.229999999999999982e+00        0.000000000000000000e+00
5.400000000000000355e-01        1.229999999999999982e+00        0.000000000000000000e+00
5.500000000000000444e-01        1.229999999999999982e+00        0.000000000000000000e+00
5.600000000000000533e-01        1.229999999999999982e+00        0.000000000000000000e+00
5.699999999999999512e-01        1.229999999999999982e+00        0.000000000000000000e+00
5.799999999999999600e-01        1.229999999999999982e+00        0.000000000000000000e+00
5.899999999999999689e-01        1.229999999999999982e+00        0.000000000000000000e+00
5.999999999999999778e-01        1.229999999999999982e+00        0.000000000000000000e+00
6.099999999999999867e-01        1.229999999999999982e+00        0.000000000000000000e+00
6.199999999999999956e-01        1.229999999999999982e+00        0.000000000000000000e+00
6.300000000000000044e-01        1.229999999999999982e+00        0.000000000000000000e+00
6.400000000000000133e-01        1.229999999999999982e+00        0.000000000000000000e+00
6.500000000000000222e-01        1.229999999999999982e+00        0.000000000000000000e+00
6.600000000000000311e-01        1.229999999999999982e+00        0.000000000000000000e+00
6.700000000000000400e-01        1.229999999999999982e+00        0.000000000000000000e+00
6.800000000000000488e-01        1.229999999999999982e+00        0.000000000000000000e+00
6.899999999999999467e-01        1.229999999999999982e+00        0.000000000000000000e+00
6.999999999999999556e-01        1.229999999999999982e+00        0.000000000000000000e+00
7.099999999999999645e-01        1.229999999999999982e+00        0.000000000000000000e+00
7.199999999999999734e-01        1.229999999999999982e+00        0.000000000000000000e+00
7.299999999999999822e-01        1.229999999999999982e+00        0.000000000000000000e+00
7.399999999999999911e-01        1.229999999999999982e+00        0.000000000000000000e+00
7.500000000000000000e-01        1.229999999999999982e+00        0.000000000000000000e+00
7.600000000000000089e-01        1.229999999999999982e+00        0.000000000000000000e+00
7.700000000000000178e-01        1.229999999999999982e+00        0.000000000000000000e+00
7.800000000000000266e-01        1.229999999999999982e+00        0.000000000000000000e+00
7.900000000000000355e-01        1.229999999999999982e+00        0.000000000000000000e+00
8.000000000000000444e-01        1.229999999999999982e+00        0.000000000000000000e+00
8.100000000000000533e-01        1.229999999999999982e+00        0.000000000000000000e+00
8.199999999999999512e-01        1.229999999999999982e+00        0.000000000000000000e+00
8.299999999999999600e-01        1.229999999999999982e+00        0.000000000000000000e+00
8.399999999999999689e-01        1.229999999999999982e+00        0.000000000000000000e+00
8.499999999999999778e-01        1.229999999999999982e+00        0.000000000000000000e+00
8.599999999999999867e-01        1.229999999999999982e+00        0.000000000000000000e+00
8.699999999999999956e-01        1.229999999999999982e+00        0.000000000000000000e+00
8.800000000000000044e-01        1.229999999999999982e+00        0.000000000000000000e+00
8.900000000000000133e-01        1.229999999999999982e+00        0.000000000000000000e+00
9.000000000000000222e-01        1.229999999999999982e+00        0.000000000000000000e+00
9.100000000000000311e-01        1.229999999999999982e+00        0.000000000000000000e+00
9.200000000000000400e-01        1.229999999999999982e+00        0.000000000000000000e+00
9.300000000000000488e-01        1.229999999999999982e+00        0.000000000000000000e+00
9.399999999999999467e-01        1.229999999999999982e+00        0.000000000000000000e+00
9.499999999999999556e-01        1.229999999999999982e+00        0.000000000000000000e+00
9.599999999999999645e-01        1.229999999999999982e+00        0.000000000000000000e+00
9.699999999999999734e-01        1.229999999999999982e+00        0.000000000000000000e+00
9.799999999999999822e-01        1.229999999999999982e+00        0.000000000000000000e+00
9.899999999999999911e-01        1.229999999999999982e+00        0.000000000000000000e+00
1.000000000000000000e+00        1.229999999999999982e+00        0.000000000000000000e+00
1.010000000000000009e+00        1.229999999999999982e+00        0.000000000000000000e+00
1.020000000000000018e+00        1.229999999999999982e+00        0.000000000000000000e+00
1.030000000000000027e+00        1.229999999999999982e+00        0.000000000000000000e+00
1.040000000000000036e+00        1.229999999999999982e+00        0.000000000000000000e+00
1.050000000000000044e+00        1.229999999999999982e+00        0.000000000000000000e+00
1.060000000000000053e+00        1.229999999999999982e+00        0.000000000000000000e+00
1.070000000000000062e+00        1.229999999999999982e+00        0.000000000000000000e+00
1.080000000000000071e+00        1.229999999999999982e+00        0.000000000000000000e+00
1.090000000000000080e+00        1.229999999999999982e+00        0.000000000000000000e+00
1.100000000000000089e+00        1.229999999999999982e+00        0.000000000000000000e+00
1.110000000000000098e+00        1.229999999999999982e+00        0.000000000000000000e+00
1.120000000000000107e+00        1.229999999999999982e+00        0.000000000000000000e+00
1.129999999999999893e+00        1.229999999999999982e+00        0.000000000000000000e+00
1.139999999999999902e+00        1.229999999999999982e+00        0.000000000000000000e+00
1.149999999999999911e+00        1.229999999999999982e+00        0.000000000000000000e+00
1.159999999999999920e+00        1.229999999999999982e+00        0.000000000000000000e+00
1.169999999999999929e+00        1.229999999999999982e+00        0.000000000000000000e+00
1.179999999999999938e+00        1.229999999999999982e+00        0.000000000000000000e+00
1.189999999999999947e+00        1.229999999999999982e+00        0.000000000000000000e+00
1.199999999999999956e+00        1.229999999999999982e+00        0.000000000000000000e+00
1.209999999999999964e+00        1.229999999999999982e+00        0.000000000000000000e+00
1.219999999999999973e+00        1.229999999999999982e+00        0.000000000000000000e+00
1.229999999999999982e+00        1.229999999999999982e+00        0.000000000000000000e+00
1.239999999999999991e+00        1.229999999999999982e+00        0.000000000000000000e+00
1.250000000000000000e+00        1.229999999999999982e+00        0.000000000000000000e+00
1.260000000000000009e+00        1.229999999999999982e+00        0.000000000000000000e+00
1.270000000000000018e+00        1.229999999999999982e+00        0.000000000000000000e+00
1.280000000000000027e+00        1.229999999999999982e+00        0.000000000000000000e+00
1.290000000000000036e+00        1.229999999999999982e+00        0.000000000000000000e+00
1.300000000000000044e+00        1.229999999999999982e+00        0.000000000000000000e+00
1.310000000000000053e+00        1.229999999999999982e+00        0.000000000000000000e+00
1.320000000000000062e+00        1.229999999999999982e+00        0.000000000000000000e+00
1.330000000000000071e+00        1.229999999999999982e+00        0.000000000000000000e+00
1.340000000000000080e+00        1.229999999999999982e+00        0.000000000000000000e+00
1.350000000000000089e+00        1.229999999999999982e+00        0.000000000000000000e+00
1.360000000000000098e+00        1.229999999999999982e+00        0.000000000000000000e+00
1.370000000000000107e+00        1.229999999999999982e+00        0.000000000000000000e+00
1.379999999999999893e+00        1.229999999999999982e+00        0.000000000000000000e+00
1.389999999999999902e+00        1.229999999999999982e+00        0.000000000000000000e+00
1.399999999999999911e+00        1.229999999999999982e+00        0.000000000000000000e+00
1.409999999999999920e+00        1.229999999999999982e+00        0.000000000000000000e+00
1.419999999999999929e+00        1.229999999999999982e+00        0.000000000000000000e+00
1.429999999999999938e+00        1.229999999999999982e+00        0.000000000000000000e+00
1.439999999999999947e+00        1.229999999999999982e+00        0.000000000000000000e+00
1.449999999999999956e+00        1.229999999999999982e+00        0.000000000000000000e+00
1.459999999999999964e+00        1.229999999999999982e+00        0.000000000000000000e+00
1.469999999999999973e+00        1.229999999999999982e+00        0.000000000000000000e+00
1.479999999999999982e+00        1.229999999999999982e+00        0.000000000000000000e+00
1.489999999999999991e+00        1.229999999999999982e+00        0.000000000000000000e+00
1.500000000000000000e+00        1.229999999999999982e+00        0.000000000000000000e+00
1.510000000000000009e+00        1.229999999999999982e+00        0.000000000000000000e+00
1.520000000000000018e+00        1.229999999999999982e+00        0.000000000000000000e+00
1.530000000000000027e+00        1.229999999999999982e+00        0.000000000000000000e+00
1.540000000000000036e+00        1.229999999999999982e+00        0.000000000000000000e+00
1.550000000000000044e+00        1.229999999999999982e+00        0.000000000000000000e+00
1.560000000000000053e+00        1.229999999999999982e+00        0.000000000000000000e+00
1.570000000000000062e+00        1.229999999999999982e+00        0.000000000000000000e+00
1.580000000000000071e+00        1.229999999999999982e+00        0.000000000000000000e+00
1.590000000000000080e+00        1.229999999999999982e+00        0.000000000000000000e+00
1.600000000000000089e+00        1.229999999999999982e+00        0.000000000000000000e+00
1.610000000000000098e+00        1.229999999999999982e+00        0.000000000000000000e+00
1.620000000000000107e+00        1.229999999999999982e+00        0.000000000000000000e+00
1.629999999999999893e+00        1.229999999999999982e+00        0.000000000000000000e+00
1.639999999999999902e+00        1.229999999999999982e+00        0.000000000000000000e+00
1.649999999999999911e+00        1.229999999999999982e+00        0.000000000000000000e+00
1.659999999999999920e+00        1.229999999999999982e+00        0.000000000000000000e+00
1.669999999999999929e+00        1.229999999999999982e+00        0.000000000000000000e+00
1.679999999999999938e+00        1.229999999999999982e+00        0.000000000000000000e+00
1.689999999999999947e+00        1.229999999999999982e+00        0.000000000000000000e+00
1.699999999999999956e+00        1.229999999999999982e+00        0.000000000000000000e+00
1.709999999999999964e+00        1.229999999999999982e+00        0.000000000000000000e+00
1.719999999999999973e+00        1.229999999999999982e+00        0.000000000000000000e+00
1.729999999999999982e+00        1.229999999999999982e+00        0.000000000000000000e+00
1.739999999999999991e+00        1.229999999999999982e+00        0.000000000000000000e+00
1.750000000000000000e+00        1.229999999999999982e+00        0.000000000000000000e+00
1.760000000000000009e+00        1.229999999999999982e+00        0.000000000000000000e+00
1.770000000000000018e+00        1.229999999999999982e+00        0.000000000000000000e+00
1.780000000000000027e+00        1.229999999999999982e+00        0.000000000000000000e+00
1.790000000000000036e+00        1.229999999999999982e+00        0.000000000000000000e+00
1.800000000000000044e+00        1.229999999999999982e+00        0.000000000000000000e+00
1.810000000000000053e+00        1.229999999999999982e+00        0.000000000000000000e+00
1.820000000000000062e+00        1.229999999999999982e+00        0.000000000000000000e+00
1.830000000000000071e+00        1.229999999999999982e+00        0.000000000000000000e+00
1.840000000000000080e+00        1.229999999999999982e+00        0.000000000000000000e+00
1.850000000000000089e+00        1.229999999999999982e+00        0.000000000000000000e+00
1.860000000000000098e+00        1.229999999999999982e+00        0.000000000000000000e+00
1.870000000000000107e+00        1.229999999999999982e+00        0.000000000000000000e+00
1.879999999999999893e+00        1.229999999999999982e+00        0.000000000000000000e+00
1.889999999999999902e+00        1.229999999999999982e+00        0.000000000000000000e+00
1.899999999999999911e+00        1.229999999999999982e+00        0.000000000000000000e+00
1.909999999999999920e+00        1.229999999999999982e+00        0.000000000000000000e+00
1.919999999999999929e+00        1.229999999999999982e+00        0.000000000000000000e+00
1.929999999999999938e+00        1.229999999999999982e+00        0.000000000000000000e+00
1.939999999999999947e+00        1.229999999999999982e+00        0.000000000000000000e+00
1.949999999999999956e+00        1.229999999999999982e+00        0.000000000000000000e+00
1.959999999999999964e+00        1.229999999999999982e+00        0.000000000000000000e+00
1.969999999999999973e+00        1.229999999999999982e+00        0.000000000000000000e+00
1.979999999999999982e+00        1.229999999999999982e+00        0.000000000000000000e+00
1.989999999999999991e+00        1.229999999999999982e+00        0.000000000000000000e+00
2.000000000000000000e+00        1.229999999999999982e+00        0.000000000000000000e+00
2.009999999999999787e+00        1.229999999999999982e+00        0.000000000000000000e+00
2.020000000000000018e+00        1.229999999999999982e+00        0.000000000000000000e+00
2.029999999999999805e+00        1.229999999999999982e+00        0.000000000000000000e+00
2.040000000000000036e+00        1.229999999999999982e+00        0.000000000000000000e+00
2.049999999999999822e+00        1.229999999999999982e+00        0.000000000000000000e+00
2.060000000000000053e+00        1.229999999999999982e+00        0.000000000000000000e+00
2.069999999999999840e+00        1.229999999999999982e+00        2.147048382711720730e-09
2.080000000000000071e+00        1.229999999999999982e+00        2.587077877777719097e-09
2.089999999999999858e+00        1.229999999999999982e+00        4.700849068645900941e-09
2.100000000000000089e+00        1.229999999999999982e+00        1.156900141043724885e-08
2.109999999999999876e+00        1.229999999999999982e+00        2.123243712767945830e-08
2.120000000000000107e+00        1.229999999999999982e+00        4.284866238259703344e-08
2.129999999999999893e+00        1.229999999999999982e+00        7.177929884446468323e-08
2.140000000000000124e+00        1.229999999999999982e+00        1.217039602170006590e-07
2.149999999999999911e+00        1.229999999999999982e+00        2.341989779677029161e-07
2.160000000000000142e+00        1.229999999999999982e+00        1.108953753887161235e-07
2.169999999999999929e+00        1.229999999999999982e+00        5.131589944052944003e-08
2.180000000000000160e+00        1.229999999999999982e+00        1.845656055322858103e-08
2.189999999999999947e+00        1.229999999999999982e+00        0.000000000000000000e+00
2.200000000000000178e+00        1.229999999999999982e+00        0.000000000000000000e+00
2.209999999999999964e+00        1.229999999999999982e+00        0.000000000000000000e+00
2.220000000000000195e+00        1.229999999999999982e+00        0.000000000000000000e+00
2.229999999999999982e+00        1.229999999999999982e+00        0.000000000000000000e+00
2.240000000000000213e+00        1.229999999999999982e+00        0.000000000000000000e+00
2.250000000000000000e+00        1.229999999999999982e+00        0.000000000000000000e+00
2.259999999999999787e+00        1.229999999999999982e+00        0.000000000000000000e+00
2.270000000000000018e+00        1.229999999999999982e+00        0.000000000000000000e+00
2.279999999999999805e+00        1.229999999999999982e+00        0.000000000000000000e+00
2.290000000000000036e+00        1.229999999999999982e+00        0.000000000000000000e+00
2.299999999999999822e+00        1.229999999999999982e+00        0.000000000000000000e+00
2.310000000000000053e+00        1.229999999999999982e+00        0.000000000000000000e+00
2.319999999999999840e+00        1.229999999999999982e+00        0.000000000000000000e+00
2.330000000000000071e+00        1.229999999999999982e+00        0.000000000000000000e+00
2.339999999999999858e+00        1.229999999999999982e+00        0.000000000000000000e+00
2.350000000000000089e+00        1.229999999999999982e+00        0.000000000000000000e+00
2.359999999999999876e+00        1.229999999999999982e+00        0.000000000000000000e+00
2.370000000000000107e+00        1.229999999999999982e+00        0.000000000000000000e+00
2.379999999999999893e+00        1.229999999999999982e+00        0.000000000000000000e+00
2.390000000000000124e+00        1.229999999999999982e+00        0.000000000000000000e+00
2.399999999999999911e+00        1.229999999999999982e+00        0.000000000000000000e+00
2.410000000000000142e+00        1.229999999999999982e+00        0.000000000000000000e+00
2.419999999999999929e+00        1.229999999999999982e+00        0.000000000000000000e+00
2.430000000000000160e+00        1.229999999999999982e+00        0.000000000000000000e+00
2.439999999999999947e+00        1.229999999999999982e+00        0.000000000000000000e+00
2.450000000000000178e+00        1.229999999999999982e+00        0.000000000000000000e+00
2.459999999999999964e+00        1.229999999999999982e+00        0.000000000000000000e+00
2.470000000000000195e+00        1.229999999999999982e+00        0.000000000000000000e+00
2.479999999999999982e+00        1.229999999999999982e+00        0.000000000000000000e+00
2.490000000000000213e+00        1.229999999999999982e+00        0.000000000000000000e+00
2.500000000000000000e+00        1.229999999999999982e+00        0.000000000000000000e+00
2.509999999999999787e+00        1.229999999999999982e+00        0.000000000000000000e+00
2.520000000000000018e+00        1.229999999999999982e+00        0.000000000000000000e+00
2.529999999999999805e+00        1.229999999999999982e+00        0.000000000000000000e+00
2.540000000000000036e+00        1.229999999999999982e+00        0.000000000000000000e+00
2.549999999999999822e+00        1.229999999999999982e+00        0.000000000000000000e+00
2.560000000000000053e+00        1.229999999999999982e+00        0.000000000000000000e+00
2.569999999999999840e+00        1.229999999999999982e+00        0.000000000000000000e+00
2.580000000000000071e+00        1.229999999999999982e+00        0.000000000000000000e+00
2.589999999999999858e+00        1.229999999999999982e+00        0.000000000000000000e+00
2.600000000000000089e+00        1.229999999999999982e+00        0.000000000000000000e+00
2.609999999999999876e+00        1.229999999999999982e+00        0.000000000000000000e+00
2.620000000000000107e+00        1.229999999999999982e+00        0.000000000000000000e+00
2.629999999999999893e+00        1.229999999999999982e+00        0.000000000000000000e+00
2.640000000000000124e+00        1.229999999999999982e+00        0.000000000000000000e+00
2.649999999999999911e+00        1.229999999999999982e+00        0.000000000000000000e+00
2.660000000000000142e+00        1.229999999999999982e+00        0.000000000000000000e+00
2.669999999999999929e+00        1.229999999999999982e+00        0.000000000000000000e+00
2.680000000000000160e+00        1.229999999999999982e+00        0.000000000000000000e+00
2.689999999999999947e+00        1.229999999999999982e+00        0.000000000000000000e+00
2.700000000000000178e+00        1.229999999999999982e+00        0.000000000000000000e+00
2.709999999999999964e+00        1.229999999999999982e+00        0.000000000000000000e+00
2.720000000000000195e+00        1.229999999999999982e+00        0.000000000000000000e+00
2.729999999999999982e+00        1.229999999999999982e+00        0.000000000000000000e+00
2.740000000000000213e+00        1.229999999999999982e+00        0.000000000000000000e+00
2.750000000000000000e+00        1.229999999999999982e+00        0.000000000000000000e+00
2.759999999999999787e+00        1.229999999999999982e+00        0.000000000000000000e+00
2.770000000000000018e+00        1.229999999999999982e+00        0.000000000000000000e+00
2.779999999999999805e+00        1.229999999999999982e+00        0.000000000000000000e+00
2.790000000000000036e+00        1.229999999999999982e+00        0.000000000000000000e+00
2.799999999999999822e+00        1.229999999999999982e+00        0.000000000000000000e+00
2.810000000000000053e+00        1.229999999999999982e+00        0.000000000000000000e+00
2.819999999999999840e+00        1.229999999999999982e+00        0.000000000000000000e+00
2.830000000000000071e+00        1.229999999999999982e+00        0.000000000000000000e+00
2.839999999999999858e+00        1.229999999999999982e+00        0.000000000000000000e+00
2.850000000000000089e+00        1.229999999999999982e+00        0.000000000000000000e+00
2.859999999999999876e+00        1.229999999999999982e+00        0.000000000000000000e+00
2.870000000000000107e+00        1.229999999999999982e+00        0.000000000000000000e+00
2.879999999999999893e+00        1.229999999999999982e+00        0.000000000000000000e+00
2.890000000000000124e+00        1.229999999999999982e+00        0.000000000000000000e+00
2.899999999999999911e+00        1.229999999999999982e+00        0.000000000000000000e+00
2.910000000000000142e+00        1.229999999999999982e+00        0.000000000000000000e+00
2.919999999999999929e+00        1.229999999999999982e+00        0.000000000000000000e+00
2.930000000000000160e+00        1.229999999999999982e+00        0.000000000000000000e+00
2.939999999999999947e+00        1.229999999999999982e+00        0.000000000000000000e+00
2.950000000000000178e+00        1.229999999999999982e+00        0.000000000000000000e+00
2.959999999999999964e+00        1.229999999999999982e+00        0.000000000000000000e+00
2.970000000000000195e+00        1.229999999999999982e+00        0.000000000000000000e+00
2.979999999999999982e+00        1.229999999999999982e+00        0.000000000000000000e+00
2.990000000000000213e+00        1.229999999999999982e+00        0.000000000000000000e+00
3.000000000000000000e+00        1.229999999999999982e+00        0.000000000000000000e+00
3.009999999999999787e+00        1.229999999999999982e+00        0.000000000000000000e+00
3.020000000000000018e+00        1.229999999999999982e+00        0.000000000000000000e+00
3.029999999999999805e+00        1.229999999999999982e+00        0.000000000000000000e+00
3.040000000000000036e+00        1.229999999999999982e+00        0.000000000000000000e+00
3.049999999999999822e+00        1.229999999999999982e+00        0.000000000000000000e+00
3.060000000000000053e+00        1.229999999999999982e+00        0.000000000000000000e+00
3.069999999999999840e+00        1.229999999999999982e+00        0.000000000000000000e+00
3.080000000000000071e+00        1.229999999999999982e+00        0.000000000000000000e+00
3.089999999999999858e+00        1.229999999999999982e+00        0.000000000000000000e+00
3.100000000000000089e+00        1.229999999999999982e+00        0.000000000000000000e+00
3.109999999999999876e+00        1.229999999999999982e+00        0.000000000000000000e+00
3.120000000000000107e+00        1.229999999999999982e+00        0.000000000000000000e+00
3.129999999999999893e+00        1.229999999999999982e+00        0.000000000000000000e+00
3.140000000000000124e+00        1.229999999999999982e+00        0.000000000000000000e+00
3.149999999999999911e+00        1.229999999999999982e+00        0.000000000000000000e+00
3.160000000000000142e+00        1.229999999999999982e+00        0.000000000000000000e+00
3.169999999999999929e+00        1.229999999999999982e+00        0.000000000000000000e+00
3.180000000000000160e+00        1.229999999999999982e+00        0.000000000000000000e+00
3.189999999999999947e+00        1.229999999999999982e+00        0.000000000000000000e+00
3.200000000000000178e+00        1.229999999999999982e+00        0.000000000000000000e+00
3.209999999999999964e+00        1.229999999999999982e+00        0.000000000000000000e+00
3.220000000000000195e+00        1.229999999999999982e+00        0.000000000000000000e+00
3.229999999999999982e+00        1.229999999999999982e+00        0.000000000000000000e+00
3.240000000000000213e+00        1.229999999999999982e+00        0.000000000000000000e+00
3.250000000000000000e+00        1.229999999999999982e+00        0.000000000000000000e+00
3.259999999999999787e+00        1.229999999999999982e+00        0.000000000000000000e+00
3.270000000000000018e+00        1.229999999999999982e+00        0.000000000000000000e+00
3.279999999999999805e+00        1.229999999999999982e+00        0.000000000000000000e+00
3.290000000000000036e+00        1.229999999999999982e+00        0.000000000000000000e+00
3.299999999999999822e+00        1.229999999999999982e+00        0.000000000000000000e+00
3.310000000000000053e+00        1.229999999999999982e+00        0.000000000000000000e+00
3.319999999999999840e+00        1.229999999999999982e+00        0.000000000000000000e+00
3.330000000000000071e+00        1.229999999999999982e+00        0.000000000000000000e+00
3.339999999999999858e+00        1.229999999999999982e+00        0.000000000000000000e+00
3.350000000000000089e+00        1.229999999999999982e+00        0.000000000000000000e+00
3.359999999999999876e+00        1.229999999999999982e+00        0.000000000000000000e+00
3.370000000000000107e+00        1.229999999999999982e+00        0.000000000000000000e+00
3.379999999999999893e+00        1.229999999999999982e+00        0.000000000000000000e+00
3.390000000000000124e+00        1.229999999999999982e+00        0.000000000000000000e+00
3.399999999999999911e+00        1.229999999999999982e+00        0.000000000000000000e+00
3.410000000000000142e+00        1.229999999999999982e+00        0.000000000000000000e+00
3.419999999999999929e+00        1.229999999999999982e+00        0.000000000000000000e+00
3.430000000000000160e+00        1.229999999999999982e+00        0.000000000000000000e+00
3.439999999999999947e+00        1.229999999999999982e+00        0.000000000000000000e+00
3.450000000000000178e+00        1.229999999999999982e+00        0.000000000000000000e+00
3.459999999999999964e+00        1.229999999999999982e+00        0.000000000000000000e+00
3.470000000000000195e+00        1.229999999999999982e+00        0.000000000000000000e+00
3.479999999999999982e+00        1.229999999999999982e+00        0.000000000000000000e+00
3.490000000000000213e+00        1.229999999999999982e+00        0.000000000000000000e+00
3.500000000000000000e+00        1.229999999999999982e+00        0.000000000000000000e+00
3.509999999999999787e+00        1.229999999999999982e+00        0.000000000000000000e+00
3.520000000000000018e+00        1.229999999999999982e+00        0.000000000000000000e+00
3.529999999999999805e+00        1.229999999999999982e+00        0.000000000000000000e+00
3.540000000000000036e+00        1.229999999999999982e+00        0.000000000000000000e+00
3.549999999999999822e+00        1.229999999999999982e+00        0.000000000000000000e+00
3.560000000000000053e+00        1.229999999999999982e+00        0.000000000000000000e+00
3.569999999999999840e+00        1.229999999999999982e+00        0.000000000000000000e+00
3.580000000000000071e+00        1.229999999999999982e+00        0.000000000000000000e+00
3.589999999999999858e+00        1.229999999999999982e+00        0.000000000000000000e+00
3.600000000000000089e+00        1.229999999999999982e+00        0.000000000000000000e+00
3.609999999999999876e+00        1.229999999999999982e+00        0.000000000000000000e+00
3.620000000000000107e+00        1.229999999999999982e+00        0.000000000000000000e+00
3.629999999999999893e+00        1.229999999999999982e+00        0.000000000000000000e+00
3.640000000000000124e+00        1.229999999999999982e+00        0.000000000000000000e+00
3.649999999999999911e+00        1.229999999999999982e+00        0.000000000000000000e+00
3.660000000000000142e+00        1.229999999999999982e+00        0.000000000000000000e+00
3.669999999999999929e+00        1.229999999999999982e+00        0.000000000000000000e+00
3.680000000000000160e+00        1.229999999999999982e+00        0.000000000000000000e+00
3.689999999999999947e+00        1.229999999999999982e+00        0.000000000000000000e+00
3.700000000000000178e+00        1.229999999999999982e+00        0.000000000000000000e+00
3.709999999999999964e+00        1.229999999999999982e+00        0.000000000000000000e+00
3.720000000000000195e+00        1.229999999999999982e+00        0.000000000000000000e+00
3.729999999999999982e+00        1.229999999999999982e+00        0.000000000000000000e+00
3.740000000000000213e+00        1.229999999999999982e+00        0.000000000000000000e+00
3.750000000000000000e+00        1.229999999999999982e+00        0.000000000000000000e+00
3.759999999999999787e+00        1.229999999999999982e+00        0.000000000000000000e+00
3.770000000000000018e+00        1.229999999999999982e+00        0.000000000000000000e+00
3.779999999999999805e+00        1.229999999999999982e+00        0.000000000000000000e+00
3.790000000000000036e+00        1.229999999999999982e+00        0.000000000000000000e+00
3.799999999999999822e+00        1.229999999999999982e+00        0.000000000000000000e+00
3.810000000000000053e+00        1.229999999999999982e+00        0.000000000000000000e+00
3.819999999999999840e+00        1.229999999999999982e+00        0.000000000000000000e+00
3.830000000000000071e+00        1.229999999999999982e+00        0.000000000000000000e+00
3.839999999999999858e+00        1.229999999999999982e+00        0.000000000000000000e+00
3.850000000000000089e+00        1.229999999999999982e+00        0.000000000000000000e+00
3.859999999999999876e+00        1.229999999999999982e+00        0.000000000000000000e+00
3.870000000000000107e+00        1.229999999999999982e+00        0.000000000000000000e+00
3.879999999999999893e+00        1.229999999999999982e+00        0.000000000000000000e+00
3.890000000000000124e+00        1.229999999999999982e+00        0.000000000000000000e+00
3.899999999999999911e+00        1.229999999999999982e+00        0.000000000000000000e+00
3.910000000000000142e+00        1.229999999999999982e+00        0.000000000000000000e+00
3.919999999999999929e+00        1.229999999999999982e+00        0.000000000000000000e+00
3.930000000000000160e+00        1.229999999999999982e+00        0.000000000000000000e+00
3.939999999999999947e+00        1.229999999999999982e+00        0.000000000000000000e+00
3.950000000000000178e+00        1.229999999999999982e+00        3.017803260287105898e-08
3.959999999999999964e+00        1.229999999999999982e+00        4.533715300039696403e-08
3.970000000000000195e+00        1.229999999999999982e+00        6.224645596404604553e-08
3.979999999999999982e+00        1.229999999999999982e+00        9.995907698768358839e-08
3.990000000000000213e+00        1.229999999999999982e+00        1.426904925081439330e-07
4.000000000000000000e+00        1.229999999999999982e+00        1.919454033722451676e-07
4.009999999999999787e+00        1.229999999999999982e+00        2.643795404658640591e-07
4.019999999999999574e+00        1.229999999999999982e+00        3.439730843280664412e-07
4.030000000000000249e+00        1.229999999999999982e+00        4.590029671341032986e-07
4.040000000000000036e+00        1.229999999999999982e+00        5.732540127910507627e-07
4.049999999999999822e+00        1.229999999999999982e+00        7.142005473235479000e-07
4.059999999999999609e+00        1.229999999999999982e+00        8.747546456394715300e-07
4.070000000000000284e+00        1.229999999999999982e+00        1.065816401452364846e-06
4.080000000000000071e+00        1.229999999999999982e+00        1.290504249221189766e-06
4.089999999999999858e+00        1.229999999999999982e+00        1.546323404949261465e-06
4.099999999999999645e+00        1.229999999999999982e+00        1.835838698123905086e-06
4.110000000000000320e+00        1.229999999999999982e+00        2.169265490932547375e-06
4.120000000000000107e+00        1.229999999999999982e+00        2.561332956336310252e-06
4.129999999999999893e+00        1.229999999999999982e+00        3.071770021337374447e-06
4.139999999999999680e+00        1.229999999999999982e+00        3.704951216854334540e-06
4.150000000000000355e+00        1.229999999999999982e+00        4.521344031350847370e-06
4.160000000000000142e+00        1.229999999999999982e+00        5.521963569064742234e-06
4.169999999999999929e+00        1.229999999999999982e+00        6.601001536622196153e-06
4.179999999999999716e+00        1.229999999999999982e+00        7.354546607536179303e-06
4.190000000000000391e+00        1.229999999999999982e+00        7.184307335985334802e-06
4.200000000000000178e+00        1.229999999999999982e+00        6.789675863954853236e-06
4.209999999999999964e+00        1.229999999999999982e+00        6.857188499368057060e-06
4.219999999999999751e+00        1.229999999999999982e+00        7.408597338383616959e-06
4.230000000000000426e+00        1.229999999999999982e+00        8.332911028791586237e-06
4.240000000000000213e+00        1.229999999999999982e+00        9.375541902989406500e-06
4.250000000000000000e+00        1.229999999999999982e+00        1.038614065732013183e-05
4.259999999999999787e+00        1.229999999999999982e+00        1.124064959999999061e-05
4.269999999999999574e+00        1.229999999999999982e+00        1.167535275375509100e-05
4.280000000000000249e+00        1.229999999999999982e+00        1.241424946212211053e-05
4.290000000000000036e+00        1.229999999999999982e+00        1.357427801578357427e-05
4.299999999999999822e+00        1.229999999999999982e+00        1.357690843806108197e-05
4.309999999999999609e+00        1.229999999999999982e+00        1.024809331103695283e-05
4.320000000000000284e+00        1.229999999999999982e+00        7.603502657234972791e-06
4.330000000000000071e+00        1.229999999999999982e+00        5.788107066059620655e-06
4.339999999999999858e+00        1.229999999999999982e+00        4.413893757825804935e-06
4.349999999999999645e+00        1.229999999999999982e+00        3.306757243684345291e-06
4.360000000000000320e+00        1.229999999999999982e+00        2.382387736403292113e-06
4.370009999999999728e+00        1.229999999999999982e+00        1.681509602879514344e-06
4.380010000000000403e+00        1.229999999999999982e+00        1.183409733938979874e-06
4.390010000000000190e+00        1.229999999999999982e+00        8.585379750667819006e-07
4.400009999999999977e+00        1.229999999999999982e+00        6.673369779650813198e-07
4.410009999999999764e+00        1.229999999999999982e+00        5.446904682390615954e-07
4.420010000000000439e+00        1.229999999999999982e+00        4.615397733449991790e-07
4.430010000000000225e+00        1.229999999999999982e+00        3.194727142102409224e-07
4.440010000000000012e+00        1.229999999999999982e+00        1.817282879090838347e-07
4.450009999999999799e+00        1.229999999999999982e+00        1.273442601880882407e-07
4.460009999999999586e+00        1.229999999999999982e+00        6.026050935647341060e-08
4.470010000000000261e+00        1.229999999999999982e+00        0.000000000000000000e+00
4.480010000000000048e+00        1.229999999999999982e+00        0.000000000000000000e+00
4.490009999999999835e+00        1.229999999999999982e+00        0.000000000000000000e+00
4.500009999999999621e+00        1.229999999999999982e+00        0.000000000000000000e+00
4.510010000000000296e+00        1.229999999999999982e+00        0.000000000000000000e+00
4.520010000000000083e+00        1.229999999999999982e+00        0.000000000000000000e+00
4.530009999999999870e+00        1.229999999999999982e+00        0.000000000000000000e+00
4.540009999999999657e+00        1.229999999999999982e+00        0.000000000000000000e+00
4.550010000000000332e+00        1.229999999999999982e+00        0.000000000000000000e+00
4.560010000000000119e+00        1.229999999999999982e+00        0.000000000000000000e+00
4.570009999999999906e+00        1.229999999999999982e+00        0.000000000000000000e+00
4.580009999999999692e+00        1.229999999999999982e+00        0.000000000000000000e+00
4.590010000000000367e+00        1.229999999999999982e+00        0.000000000000000000e+00
4.600010000000000154e+00        1.229999999999999982e+00        0.000000000000000000e+00
4.610009999999999941e+00        1.229999999999999982e+00        0.000000000000000000e+00
4.620009999999999728e+00        1.229999999999999982e+00        0.000000000000000000e+00
4.630010000000000403e+00        1.229999999999999982e+00        0.000000000000000000e+00
4.640010000000000190e+00        1.229999999999999982e+00        0.000000000000000000e+00
4.650009999999999977e+00        1.229999999999999982e+00        0.000000000000000000e+00
4.660009999999999764e+00        1.229999999999999982e+00        0.000000000000000000e+00
4.670010000000000439e+00        1.229999999999999982e+00        0.000000000000000000e+00
4.680010000000000225e+00        1.229999999999999982e+00        0.000000000000000000e+00
4.690010000000000012e+00        1.229999999999999982e+00        0.000000000000000000e+00
4.700009999999999799e+00        1.229999999999999982e+00        0.000000000000000000e+00
4.710009999999999586e+00        1.229999999999999982e+00        0.000000000000000000e+00
4.720010000000000261e+00        1.229999999999999982e+00        0.000000000000000000e+00
4.730010000000000048e+00        1.229999999999999982e+00        0.000000000000000000e+00
4.740009999999999835e+00        1.229999999999999982e+00        0.000000000000000000e+00
4.750009999999999621e+00        1.229999999999999982e+00        0.000000000000000000e+00
4.760010000000000296e+00        1.229999999999999982e+00        0.000000000000000000e+00
4.770010000000000083e+00        1.229999999999999982e+00        0.000000000000000000e+00
4.780009999999999870e+00        1.229999999999999982e+00        0.000000000000000000e+00
4.790009999999999657e+00        1.229999999999999982e+00        0.000000000000000000e+00
4.800010000000000332e+00        1.229999999999999982e+00        0.000000000000000000e+00
4.810019999999999740e+00        1.229999999999999982e+00        0.000000000000000000e+00
4.820020000000000415e+00        1.229999999999999982e+00        0.000000000000000000e+00
4.830020000000000202e+00        1.229999999999999982e+00        0.000000000000000000e+00
4.840019999999999989e+00        1.229999999999999982e+00        0.000000000000000000e+00
4.850019999999999776e+00        1.229999999999999982e+00        0.000000000000000000e+00
4.860019999999999563e+00        1.229999999999999982e+00        0.000000000000000000e+00
4.870020000000000238e+00        1.229999999999999982e+00        0.000000000000000000e+00
4.880020000000000024e+00        1.229999999999999982e+00        0.000000000000000000e+00
4.890019999999999811e+00        1.229999999999999982e+00        0.000000000000000000e+00
4.900019999999999598e+00        1.229999999999999982e+00        0.000000000000000000e+00
4.910020000000000273e+00        1.229999999999999982e+00        0.000000000000000000e+00
4.920020000000000060e+00        1.229999999999999982e+00        0.000000000000000000e+00
4.930019999999999847e+00        1.229999999999999982e+00        0.000000000000000000e+00
4.940019999999999634e+00        1.229999999999999982e+00        0.000000000000000000e+00
4.950020000000000309e+00        1.229999999999999982e+00        0.000000000000000000e+00
4.960020000000000095e+00        1.229999999999999982e+00        0.000000000000000000e+00
4.970019999999999882e+00        1.229999999999999982e+00        0.000000000000000000e+00
4.980019999999999669e+00        1.229999999999999982e+00        0.000000000000000000e+00
4.990020000000000344e+00        1.229999999999999982e+00        0.000000000000000000e+00
