# wav(mic), n, k, crys 50 K
2.999999999999999889e-01        1.312249500000000069e+00        1.457026399999999972e-10
3.099999999999999978e-01        1.312249500000000069e+00        1.457026399999999972e-10
3.200000000000000067e-01        1.312249500000000069e+00        1.457026399999999972e-10
3.300000000000000155e-01        1.312249500000000069e+00        1.457026399999999972e-10
3.400000000000000244e-01        1.312249500000000069e+00        1.457026399999999972e-10
3.499999999999999778e-01        1.312249500000000069e+00        1.457026399999999972e-10
3.599999999999999867e-01        1.312249500000000069e+00        1.457026399999999972e-10
3.699999999999999956e-01        1.312249500000000069e+00        1.457026399999999972e-10
3.800000000000000044e-01        1.312249500000000069e+00        1.457026399999999972e-10
3.900000000000000133e-01        1.312249500000000069e+00        1.457026399999999972e-10
4.000000000000000222e-01        1.312249500000000069e+00        1.457026399999999972e-10
4.099999999999999756e-01        1.312249500000000069e+00        1.457026399999999972e-10
4.199999999999999845e-01        1.312249500000000069e+00        1.457026399999999972e-10
4.299999999999999933e-01        1.312249500000000069e+00        1.457026399999999972e-10
4.400000000000000022e-01        1.312249500000000069e+00        1.457026399999999972e-10
4.500000000000000111e-01        1.312249500000000069e+00        1.457026399999999972e-10
4.600000000000000200e-01        1.312249500000000069e+00        1.457026399999999972e-10
4.699999999999999734e-01        1.312249500000000069e+00        1.457026399999999972e-10
4.799999999999999822e-01        1.312249500000000069e+00        1.457026399999999972e-10
4.899999999999999911e-01        1.312249500000000069e+00        1.457026399999999972e-10
5.000000000000000000e-01        1.312249500000000069e+00        1.457026399999999972e-10
5.100000000000000089e-01        1.312249500000000069e+00        1.457026399999999972e-10
5.200000000000000178e-01        1.312249500000000069e+00        1.457026399999999972e-10
5.300000000000000266e-01        1.312249500000000069e+00        1.457026399999999972e-10
5.400000000000000355e-01        1.312249500000000069e+00        1.457026399999999972e-10
5.500000000000000444e-01        1.312249500000000069e+00        1.457026399999999972e-10
5.600000000000000533e-01        1.312249500000000069e+00        1.457026399999999972e-10
5.699999999999999512e-01        1.312249500000000069e+00        1.457026399999999972e-10
5.799999999999999600e-01        1.312249500000000069e+00        1.457026399999999972e-10
5.899999999999999689e-01        1.312249500000000069e+00        1.457026399999999972e-10
5.999999999999999778e-01        1.312249500000000069e+00        1.457026399999999972e-10
6.099999999999999867e-01        1.312249500000000069e+00        1.457026399999999972e-10
6.199999999999999956e-01        1.312249500000000069e+00        1.457026399999999972e-10
6.300000000000000044e-01        1.312249500000000069e+00        1.457026399999999972e-10
6.400000000000000133e-01        1.312249500000000069e+00        1.457026399999999972e-10
6.500000000000000222e-01        1.312249500000000069e+00        1.457026399999999972e-10
6.600000000000000311e-01        1.312249500000000069e+00        1.457026399999999972e-10
6.700000000000000400e-01        1.312249500000000069e+00        1.457026399999999972e-10
6.800000000000000488e-01        1.312249500000000069e+00        1.457026399999999972e-10
6.899999999999999467e-01        1.312249500000000069e+00        1.457026399999999972e-10
6.999999999999999556e-01        1.312249500000000069e+00        1.457026399999999972e-10
7.099999999999999645e-01        1.312249500000000069e+00        1.457026399999999972e-10
7.199999999999999734e-01        1.312249500000000069e+00        1.457026399999999972e-10
7.299999999999999822e-01        1.312249500000000069e+00        1.457026399999999972e-10
7.399999999999999911e-01        1.312249500000000069e+00        1.457026399999999972e-10
7.500000000000000000e-01        1.312249500000000069e+00        1.457026399999999972e-10
7.600000000000000089e-01        1.312249500000000069e+00        1.457026399999999972e-10
7.700000000000000178e-01        1.312249500000000069e+00        1.457026399999999972e-10
7.800000000000000266e-01        1.312249500000000069e+00        1.457026399999999972e-10
7.900000000000000355e-01        1.312249500000000069e+00        1.457026399999999972e-10
8.000000000000000444e-01        1.312249500000000069e+00        1.457026399999999972e-10
8.100000000000000533e-01        1.312249500000000069e+00        1.457026399999999972e-10
8.199999999999999512e-01        1.312249500000000069e+00        1.457026399999999972e-10
8.299999999999999600e-01        1.312249500000000069e+00        1.457026399999999972e-10
8.399999999999999689e-01        1.312249500000000069e+00        1.457026399999999972e-10
8.499999999999999778e-01        1.312249500000000069e+00        1.457026399999999972e-10
8.599999999999999867e-01        1.312249500000000069e+00        1.457026399999999972e-10
8.699999999999999956e-01        1.312249500000000069e+00        1.457026399999999972e-10
8.800000000000000044e-01        1.312249500000000069e+00        1.457026399999999972e-10
8.900000000000000133e-01        1.312249500000000069e+00        1.457026399999999972e-10
9.000000000000000222e-01        1.312249500000000069e+00        1.457026399999999972e-10
9.100000000000000311e-01        1.312249500000000069e+00        1.457026399999999972e-10
9.200000000000000400e-01        1.312249500000000069e+00        1.457026399999999972e-10
9.300000000000000488e-01        1.312249500000000069e+00        1.457026399999999972e-10
9.399999999999999467e-01        1.312249500000000069e+00        1.457026399999999972e-10
9.499999999999999556e-01        1.312249500000000069e+00        1.457026399999999972e-10
9.599999999999999645e-01        1.312249500000000069e+00        1.457026399999999972e-10
9.699999999999999734e-01        1.312249500000000069e+00        1.457026399999999972e-10
9.799999999999999822e-01        1.312249500000000069e+00        1.457026399999999972e-10
9.899999999999999911e-01        1.312249500000000069e+00        1.457026399999999972e-10
1.000000000000000000e+00        1.312249500000000069e+00        1.457026399999999972e-10
1.010000000000000009e+00        1.312249500000000069e+00        1.457026399999999972e-10
1.020000000000000018e+00        1.312249500000000069e+00        1.457026399999999972e-10
1.030000000000000027e+00        1.312249500000000069e+00        1.457026399999999972e-10
1.040000000000000036e+00        1.312249500000000069e+00        1.457026399999999972e-10
1.050000000000000044e+00        1.312249500000000069e+00        1.457026399999999972e-10
1.060000000000000053e+00        1.312249500000000069e+00        1.457026399999999972e-10
1.070000000000000062e+00        1.312249500000000069e+00        1.457026399999999972e-10
1.080000000000000071e+00        1.312249500000000069e+00        1.457026399999999972e-10
1.090000000000000080e+00        1.312249500000000069e+00        1.457026399999999972e-10
1.100000000000000089e+00        1.312249500000000069e+00        1.457026399999999972e-10
1.110000000000000098e+00        1.312249500000000069e+00        1.301373527580620063e-06
1.120000000000000107e+00        1.312110759586776920e+00        5.300884545379088232e-08
1.129999999999999893e+00        1.311950448661800550e+00        1.559647907299342182e-06
1.139999999999999902e+00        1.311787219298245599e+00        8.736150501853140277e-08
1.149999999999999911e+00        1.311621220689655143e+00        1.293384674655606114e-07
1.159999999999999920e+00        1.311452187297921457e+00        9.391588361202109289e-07
1.169999999999999929e+00        1.311282644511733597e+00        3.022304161998174129e-06
1.179999999999999938e+00        1.311109637351190349e+00        3.391348743303441013e-06
1.189999999999999947e+00        1.310935059180687645e+00        5.056191505925287748e-06
1.199999999999999956e+00        1.310758169064748069e+00        6.326183581870332428e-06
1.209999999999999964e+00        1.310579649044586015e+00        6.988310809483201171e-06
1.219999999999999973e+00        1.310397391922005550e+00        8.342340715598637295e-06
1.229999999999999982e+00        1.310213382739725985e+00        8.831952293698765703e-06
1.239999999999999991e+00        1.310026981928523293e+00        9.396096043088441108e-06
1.250000000000000000e+00        1.309837045888594176e+00        9.760032001326206873e-06
1.260000000000000009e+00        1.309644050391644887e+00        1.144591086161879768e-05
1.270000000000000018e+00        1.309449785025706969e+00        1.343933742095115788e-05
1.280000000000000027e+00        1.309254018216318816e+00        1.336884625426944381e-05
1.290000000000000036e+00        1.309052311277258518e+00        1.271133209595020052e-05
1.300000000000000044e+00        1.308847437952176618e+00        1.499499922072328454e-05
1.310000000000000053e+00        1.308643677308388709e+00        1.779927411828609418e-05
1.320000000000000062e+00        1.308437697384066567e+00        1.397749027883471380e-05
1.330000000000000071e+00        1.308223117974238958e+00        1.018156433670954115e-05
1.340000000000000080e+00        1.308004144893248677e+00        9.852453329198008889e-06
1.350000000000000089e+00        1.307780437180215971e+00        8.210243705287269752e-06
1.360000000000000098e+00        1.307553937647058850e+00        8.769528822352907178e-06
1.370000000000000107e+00        1.307324489287686298e+00        1.070439666151292082e-05
1.379999999999999893e+00        1.307090896137105496e+00        9.689255295483997023e-06
1.389999999999999902e+00        1.306849893079399028e+00        1.050847575429173444e-05
1.399999999999999911e+00        1.306604104124801768e+00        1.354976622263349333e-05
1.409999999999999920e+00        1.306354117883211652e+00        1.653276851407709720e-05
1.419999999999999929e+00        1.306095703442960110e+00        1.980707261408018652e-05
1.429999999999999938e+00        1.305827099999999907e+00        2.554226471428572615e-05
1.439999999999999947e+00        1.305546646776611697e+00        3.905252390654669726e-05
1.449999999999999956e+00        1.305255749261083675e+00        6.466905754630493408e-05
1.459999999999999964e+00        1.304956054205153038e+00        1.080609856781726601e-04
1.469999999999999973e+00        1.304652469127516756e+00        1.769923252540745438e-04
1.479999999999999982e+00        1.304354869758636903e+00        2.827638321722667544e-04
1.489999999999999991e+00        1.304101229411764651e+00        4.402683929411754815e-04
1.500000000000000000e+00        1.303953879594656806e+00        5.916505738139113055e-04
1.510000000000000009e+00        1.303855502636363628e+00        6.228073555909088930e-04
1.520000000000000018e+00        1.303682731763122327e+00        5.851660189187976547e-04
1.530000000000000027e+00        1.303459948472775576e+00        5.552892470650729788e-04
1.540000000000000036e+00        1.303219613942307564e+00        5.460583037718530312e-04
1.550000000000000044e+00        1.302976322131147446e+00        5.415236363718722162e-04
1.560000000000000053e+00        1.302727844548551950e+00        5.505840771507666907e-04
1.570000000000000062e+00        1.302516225598991273e+00        5.822341701008827567e-04
1.580000000000000071e+00        1.302356577800829918e+00        5.202709070746871492e-04
1.590000000000000080e+00        1.302086402254098330e+00        4.001532134836063240e-04
1.600000000000000089e+00        1.301775097005261062e+00        3.272415167179273227e-04
1.610000000000000098e+00        1.301439708633093550e+00        2.533553605515579321e-04
1.620000000000000107e+00        1.301061536492891024e+00        2.180977049289098098e-04
1.629999999999999893e+00        1.300682495555555596e+00        2.316380639259256902e-04
1.639999999999999902e+00        1.300312450173410239e+00        2.878414193641606368e-04
1.649999999999999911e+00        1.299988886301369773e+00        4.149307731735135348e-04
1.659999999999999920e+00        1.299852114403911241e+00        5.214430013501319353e-04
1.669999999999999929e+00        1.299702115161649907e+00        3.600155240133790088e-04
1.679999999999999938e+00        1.299340070190895702e+00        1.870603456204121876e-04
1.689999999999999947e+00        1.298929682976406541e+00        1.097252955172415477e-04
1.699999999999999956e+00        1.298523706812477529e+00        7.330858867192539775e-05
1.709999999999999964e+00        1.298122957689581858e+00        5.615801140184277425e-05
1.719999999999999973e+00        1.297727459074982548e+00        4.888190402102317609e-05
1.729999999999999982e+00        1.297334560526315794e+00        4.428729270290858038e-05
1.739999999999999991e+00        1.296939170328542001e+00        3.902807880424367498e-05
1.750000000000000000e+00        1.296537462990527745e+00        3.529509780311230896e-05
1.760000000000000009e+00        1.296130359183673475e+00        3.480078887755103047e-05
1.770000000000000018e+00        1.295719995038041583e+00        3.727184786139593558e-05
1.780000000000000027e+00        1.295306154465161841e+00        3.916108712168792918e-05
1.790000000000000036e+00        1.294886651228978058e+00        4.000547945860283240e-05
1.800000000000000044e+00        1.294459312284069075e+00        3.975855521305185199e-05
1.810000000000000053e+00        1.294023633554712172e+00        3.922336547786211311e-05
1.820000000000000062e+00        1.293578312891114024e+00        3.854702807978722934e-05
1.830000000000000071e+00        1.293122456992574332e+00        3.844893583756188514e-05
1.840000000000000080e+00        1.292655081047152432e+00        4.036042296907523734e-05
1.850000000000000089e+00        1.292175105540417812e+00        4.474042944141684336e-05
1.860000000000000098e+00        1.291682363271420053e+00        5.344648573337328534e-05
1.870000000000000107e+00        1.291174448148148191e+00        6.739962293333350669e-05
1.879999999999999893e+00        1.290651064809384074e+00        8.978735287976497253e-05
1.889999999999999902e+00        1.290111672729910008e+00        1.275144237336812666e-04
1.899999999999999911e+00        1.289561308381171001e+00        1.846041898851887594e-04
1.909999999999999920e+00        1.289006379892076115e+00        2.627017173643838286e-04
1.919999999999999929e+00        1.288452206801573796e+00        3.617600568718375674e-04
1.929999999999999938e+00        1.287902894323873060e+00        4.788990770450749336e-04
1.939999999999999947e+00        1.287361345044052863e+00        6.126839100330379014e-04
1.949999999999999956e+00        1.286831439509536823e+00        7.620675853296990506e-04
1.959999999999999964e+00        1.286318934583220885e+00        9.253646901240882190e-04
1.969999999999999973e+00        1.285830115327102785e+00        1.097648293457943606e-03
1.979999999999999982e+00        1.285371754254756915e+00        1.269788427061309052e-03
1.989999999999999991e+00        1.284946704789322158e+00        1.427056809735672074e-03
2.000000000000000000e+00        1.284548275233160730e+00        1.551420153860104314e-03
2.009999999999999787e+00        1.284159851962041632e+00        1.631985404180558890e-03
2.020000000000000018e+00        1.283760010287020581e+00        1.668960220853441369e-03
2.029999999999999805e+00        1.283334029074446603e+00        1.676186544416499160e-03
2.040000000000000036e+00        1.282882160747197853e+00        1.672691420099626331e-03
2.049999999999999822e+00        1.282419202120838486e+00        1.668866201307028525e-03
2.060000000000000053e+00        1.281963082690429578e+00        1.655589532373046317e-03
2.069999999999999840e+00        1.281518718307134375e+00        1.610248323845224613e-03
2.080000000000000071e+00        1.281069294058457153e+00        1.506971367417344124e-03
2.089999999999999858e+00        1.280581257532621420e+00        1.337338825409255033e-03
2.100000000000000089e+00        1.280020654193093632e+00        1.118504982734320769e-03
2.109999999999999876e+00        1.279369713756983273e+00        8.843853500419063870e-04
2.120000000000000107e+00        1.278635775097993976e+00        6.716201463085050760e-04
2.129999999999999893e+00        1.277842325148469627e+00        5.020166232914587958e-04
2.140000000000000124e+00        1.277015283887757313e+00        3.786927567503952838e-04
2.149999999999999911e+00        1.276172245112107806e+00        2.928348504035881606e-04
2.160000000000000142e+00        1.275320820408616607e+00        2.321787742216301239e-04
2.169999999999999929e+00        1.274461244190140841e+00        1.878578990492962603e-04
2.180000000000000160e+00        1.273591833733100698e+00        1.541529605734832606e-04
2.189999999999999947e+00        1.272709464822817660e+00        1.271515485738979663e-04
2.200000000000000178e+00        1.271812422372083029e+00        1.062846594219650856e-04
2.209999999999999964e+00        1.270899136842105204e+00        9.101640367062836107e-05
2.220000000000000195e+00        1.269967476908517190e+00        8.102663878170346954e-05
2.229999999999999982e+00        1.269017467444768510e+00        7.606173978345147336e-05
2.240000000000000213e+00        1.268047528004956570e+00        7.727962265675347177e-05
2.250000000000000000e+00        1.267057537249283605e+00        8.439436047564482276e-05
2.259999999999999787e+00        1.266047822540069090e+00        9.779423406309539540e-05
2.270000000000000018e+00        1.265017903218020878e+00        1.172858658930011667e-04
2.279999999999999805e+00        1.263968258879808682e+00        1.425986632449664543e-04
2.290000000000000036e+00        1.262899340051373276e+00        1.720498802509389717e-04
2.299999999999999822e+00        1.261808835487661540e+00        2.039340731962390981e-04
2.310000000000000053e+00        1.260694209516411091e+00        2.395511933521077459e-04
2.319999999999999840e+00        1.259555984080846791e+00        2.811580721039450958e-04
2.330000000000000071e+00        1.258396628416030616e+00        3.288263030458015595e-04
2.339999999999999858e+00        1.257219502403027489e+00        3.799042304616841604e-04
2.350000000000000089e+00        1.256024855768148596e+00        4.280541311086108708e-04
2.359999999999999876e+00        1.254807833736509171e+00        4.658907994343127476e-04
2.370000000000000107e+00        1.253561191459140467e+00        4.913055006474820619e-04
2.379999999999999893e+00        1.252276809185727480e+00        5.047709139011894060e-04
2.390000000000000124e+00        1.250949459716929724e+00        5.089956615278532631e-04
2.399999999999999911e+00        1.249574004156919216e+00        5.080950042738888259e-04
2.410000000000000142e+00        1.248147185581727436e+00        5.088936373162028038e-04
2.419999999999999929e+00        1.246672364012738843e+00        5.154495056210189755e-04
2.430000000000000160e+00        1.245151833549745568e+00        5.289169925039484280e-04
2.439999999999999947e+00        1.243586371274373326e+00        5.455316643123257758e-04
2.450000000000000178e+00        1.241973428857438666e+00        5.648592320089750951e-04
2.459999999999999964e+00        1.240310787705479534e+00        5.860421786489724031e-04
2.470000000000000195e+00        1.238596792951766279e+00        6.079601055689541319e-04
2.479999999999999982e+00        1.236828965347035014e+00        6.289041516054577965e-04
2.490000000000000213e+00        1.235003738732865175e+00        6.463100630424611004e-04
2.500000000000000000e+00        1.233114864748797723e+00        6.594878213430605636e-04
2.509999999999999787e+00        1.231157797681302624e+00        6.671016941128103282e-04
2.520000000000000018e+00        1.229124918407310751e+00        6.703564446948434390e-04
2.529999999999999805e+00        1.227009649287564841e+00        6.718797841904147619e-04
2.540000000000000036e+00        1.224809873827120921e+00        6.759014408129819474e-04
2.549999999999999822e+00        1.222523711812529834e+00        6.790401167814442192e-04
2.560000000000000053e+00        1.220142623738731613e+00        6.796649971263640788e-04
2.569999999999999840e+00        1.217661030597834593e+00        6.781177152863649684e-04
2.580000000000000071e+00        1.215064791095890273e+00        6.733409274470735948e-04
2.589999999999999858e+00        1.212351214073845274e+00        6.712390118971111328e-04
2.600000000000000089e+00        1.209510530574712694e+00        6.708484550498083118e-04
2.609999999999999876e+00        1.206532679373288675e+00        6.733292215576514202e-04
2.620000000000000107e+00        1.203402134133454204e+00        6.836415033091785371e-04
2.629999999999999893e+00        1.200112287129157851e+00        6.963696438372789146e-04
2.640000000000000124e+00        1.196648912877323445e+00        7.089095936252792210e-04
2.649999999999999911e+00        1.192991342859250459e+00        7.330241376025379597e-04
2.660000000000000142e+00        1.189116883885144915e+00        7.681537095751538860e-04
2.669999999999999929e+00        1.184996040122110683e+00        8.371352250341629895e-04
2.680000000000000160e+00        1.180620097085977926e+00        9.418441791459943209e-04
2.689999999999999947e+00        1.175975249462981598e+00        1.111619371430615753e-03
2.700000000000000178e+00        1.171044974495308422e+00        1.336310375462043459e-03
2.709999999999999964e+00        1.165788545893310602e+00        1.627326633530909927e-03
2.720000000000000195e+00        1.160163290711683892e+00        2.021781746777822145e-03
2.729999999999999982e+00        1.154173099527186608e+00        2.568518721874568037e-03
2.740000000000000213e+00        1.147859432316399753e+00        3.255658836098846223e-03
2.750000000000000000e+00        1.141132468237873399e+00        3.980335860400105105e-03
2.759999999999999787e+00        1.133838213586291443e+00        4.784474148347583715e-03
2.770000000000000018e+00        1.125859931793625091e+00        5.800441098352236008e-03
2.779999999999999805e+00        1.117177866018767007e+00        7.144250440321652830e-03
2.790000000000000036e+00        1.107765460383386635e+00        8.881818555870611351e-03
2.799999999999999822e+00        1.097525429213483505e+00        1.107376843661592170e-02
2.810000000000000053e+00        1.086322489931740742e+00        1.386043474822783866e-02
2.819999999999999840e+00        1.074070041514598728e+00        1.746993333967673465e-02
2.830000000000000071e+00        1.060647625135904715e+00        2.201701496971267269e-02
2.839999999999999858e+00        1.045477415612953376e+00        2.823943202582861189e-02
2.850000000000000089e+00        1.029557833724639604e+00        3.720026631236435233e-02
2.859999999999999876e+00        1.013542898403851478e+00        4.874055799518588888e-02
2.870000000000000107e+00        9.978203302779523609e-01        6.283968524676154799e-02
2.879999999999999893e+00        9.827834108395804291e-01        7.949909630309823227e-02
2.890000000000000124e+00        9.687868159538572943e-01        9.866880134209934927e-02
2.899999999999999911e+00        9.561984406689665317e-01        1.203037149574963105e-01
2.910000000000000142e+00        9.454110169342794245e-01        1.444197734083962625e-01
2.919999999999999929e+00        9.368580332539201416e-01        1.715960013954047625e-01
2.930000000000000160e+00        9.335434642936488725e-01        2.011058923279402111e-01
2.939999999999999947e+00        9.346500654857279322e-01        2.289452739841681683e-01
2.950000000000000178e+00        9.375813309504527071e-01        2.559163066674607911e-01
2.959999999999999964e+00        9.443086130888442842e-01        2.830952811640841116e-01
2.970000000000000195e+00        9.559436118282224060e-01        3.072424774938317671e-01
2.979999999999999982e+00        9.699564502415121137e-01        3.250219602298449195e-01
2.990000000000000213e+00        9.816167655582611618e-01        3.354352350863771259e-01
3.000000000000000000e+00        9.860247856994818205e-01        3.415641800161198227e-01
3.009999999999999787e+00        9.821720236311636265e-01        3.491401753838231370e-01
3.020000000000000018e+00        9.719868587650531966e-01        3.625753517984550700e-01
3.029999999999999805e+00        9.594734140776700615e-01        3.842258036893200779e-01
3.040000000000000036e+00        9.484808088716915053e-01        4.125031355630323637e-01
3.049999999999999822e+00        9.381108411560308280e-01        4.439180699498827543e-01
3.060000000000000053e+00        9.239018920405003277e-01        4.792532539282944870e-01
3.069999999999999840e+00        9.021067359294279164e-01        5.250788384500373329e-01
3.080000000000000071e+00        8.722557576802091317e-01        5.938193074180879716e-01
3.089999999999999858e+00        8.430407712152777622e-01        7.074160483311636716e-01
3.100000000000000089e+00        8.569275613914372203e-01        9.004924520850021707e-01
3.109999999999999876e+00        1.047098295831988324e+00        1.139588944155145445e+00
3.120000000000000107e+00        1.375281784756232195e+00        1.130956658888649491e+00
3.129999999999999893e+00        1.528400031950908566e+00        9.738568997037685415e-01
3.140000000000000124e+00        1.579820124721463825e+00        8.612689988248877215e-01
3.149999999999999911e+00        1.600154325122741028e+00        7.875696351196074252e-01
3.160000000000000142e+00        1.605479842004773339e+00        7.439400739379466998e-01
3.169999999999999929e+00        1.611252035379061587e+00        7.345764419494585917e-01
3.180000000000000160e+00        1.642178867383732976e+00        7.508935016697397824e-01
3.189999999999999947e+00        1.707367315495824656e+00        7.675032901995518797e-01
3.200000000000000178e+00        1.806316261748635688e+00        7.645821724327055424e-01
3.209999999999999964e+00        1.926428337127915613e+00        7.146459781204751449e-01
3.220000000000000195e+00        2.029403351129323241e+00        6.048293882650395137e-01
3.229999999999999982e+00        2.083093942878426752e+00        4.601702967361944729e-01
3.240000000000000213e+00        2.082019964198992934e+00        3.110407229750251634e-01
3.250000000000000000e+00        2.029573034075526028e+00        1.843910310956333176e-01
3.259999999999999787e+00        1.953038150741320811e+00        1.060104504008989312e-01
3.270000000000000018e+00        1.883319161335658354e+00        6.424464944974249414e-02
3.279999999999999805e+00        1.826260413637677882e+00        4.085459756823686672e-02
3.290000000000000036e+00        1.779683202221584493e+00        2.680765363276854663e-02
3.299999999999999822e+00        1.741245012560663552e+00        1.809697476248952816e-02
3.310000000000000053e+00        1.708977333973509927e+00        1.252719284701986693e-02
3.319999999999999840e+00        1.681367124816695036e+00        9.015680138353087542e-03
3.330000000000000071e+00        1.657746728217590615e+00        6.746907790457059087e-03
3.339999999999999858e+00        1.637214092347697436e+00        5.456922623774163733e-03
3.350000000000000089e+00        1.619144059187441975e+00        4.834025377433059240e-03
3.359999999999999876e+00        1.603282259133468113e+00        4.615673268367900643e-03
3.370000000000000107e+00        1.589289345313498192e+00        4.529786440795839121e-03
3.379999999999999893e+00        1.576739498530212114e+00        4.867371549591729442e-03
3.390000000000000124e+00        1.565840982467532339e+00        4.739324130627699250e-03
3.399999999999999911e+00        1.555499490684121078e+00        4.763127297543269349e-03
3.410000000000000142e+00        1.546128800454585894e+00        4.776836343925477957e-03
3.419999999999999929e+00        1.537480634609250441e+00        4.824959748006385322e-03
3.430000000000000160e+00        1.529365769523473695e+00        4.968470828873427364e-03
3.439999999999999947e+00        1.522087260800280228e+00        5.096856133096927879e-03
3.450000000000000178e+00        1.515081699738903165e+00        5.197332405744129087e-03
3.459999999999999964e+00        1.508567428317894477e+00        5.326512247900613492e-03
3.470000000000000195e+00        1.502461215136390971e+00        5.583254215687114171e-03
3.479999999999999982e+00        1.496749213061713490e+00        5.822157276632713811e-03
3.490000000000000213e+00        1.491393580806533947e+00        6.129907286830020216e-03
3.500000000000000000e+00        1.486353169078446168e+00        6.276999914022170571e-03
3.509999999999999787e+00        1.481478412153069968e+00        6.597303695365837502e-03
3.520000000000000018e+00        1.477242094319892951e+00        6.873101713116948688e-03
3.529999999999999805e+00        1.472850295743265869e+00        7.068986600016625120e-03
3.540000000000000036e+00        1.468795372382999842e+00        7.298144075442367963e-03
3.549999999999999822e+00        1.464872368865131724e+00        7.592845168700643708e-03
3.560000000000000053e+00        1.461178691821378939e+00        7.890820532861697253e-03
3.569999999999999840e+00        1.457647201586010688e+00        8.124975444204953628e-03
3.580000000000000071e+00        1.454274499030068002e+00        8.447628385095379625e-03
3.589999999999999858e+00        1.451023239871382708e+00        8.735358274115756494e-03
3.600000000000000089e+00        1.447960002590135131e+00        9.062460280326166406e-03
3.609999999999999876e+00        1.445020356069639966e+00        9.318093543763415754e-03
3.620000000000000107e+00        1.442113633043478060e+00        9.617213119304359251e-03
3.629999999999999893e+00        1.439381550129808840e+00        9.965151411895212599e-03
3.640000000000000124e+00        1.436703320323867494e+00        1.028427023914574995e-02
3.649999999999999911e+00        1.434146395472578606e+00        1.065726461750291822e-02
3.660000000000000142e+00        1.431681186918851933e+00        1.102526244233002078e-02
3.669999999999999929e+00        1.429299964864241268e+00        1.142372143465886225e-02
3.680000000000000160e+00        1.427038599096892568e+00        1.180788628547376450e-02
3.689999999999999947e+00        1.424836547249067831e+00        1.220886951723613306e-02
3.700000000000000178e+00        1.422705252555462874e+00        1.265816889550997436e-02
3.709999999999999964e+00        1.420683218280379467e+00        1.309985378708025672e-02
3.720000000000000195e+00        1.418749327099865010e+00        1.354156941967361166e-02
3.729999999999999982e+00        1.416796111023387317e+00        1.397054171115745536e-02
3.740000000000000213e+00        1.414985397776789666e+00        1.450723447910184059e-02
3.750000000000000000e+00        1.413281059416445551e+00        1.501707337135279111e-02
3.759999999999999787e+00        1.411660099772743981e+00        1.547915887075727165e-02
3.770000000000000018e+00        1.410053074354485680e+00        1.595931362450766014e-02
3.779999999999999805e+00        1.408521410493110970e+00        1.645193889702682710e-02
3.790000000000000036e+00        1.407089515193709062e+00        1.696082897814010781e-02
3.799999999999999822e+00        1.405686616378382325e+00        1.741708723096245873e-02
3.810000000000000053e+00        1.404339717058193493e+00        1.788424040221349431e-02
3.819999999999999840e+00        1.403068028535909839e+00        1.838749936229309642e-02
3.830000000000000071e+00        1.401832656779661068e+00        1.879962178757062924e-02
3.839999999999999858e+00        1.400635377186819408e+00        1.925272203808051433e-02
3.850000000000000089e+00        1.399472863363153463e+00        1.970243411266426117e-02
3.859999999999999876e+00        1.398351932846613854e+00        2.016766539577248551e-02
3.870000000000000107e+00        1.397314180550560225e+00        2.057100676912435727e-02
3.879999999999999893e+00        1.396259228644219696e+00        2.095511391351649252e-02
3.890000000000000124e+00        1.395258389904109553e+00        2.137527989397260131e-02
3.899999999999999911e+00        1.394280236849277710e+00        2.183091060554647259e-02
3.910000000000000142e+00        1.393364438766519831e+00        2.223855828193833234e-02
3.919999999999999929e+00        1.392473233944583111e+00        2.259950355275399184e-02
3.930000000000000160e+00        1.391566892053691218e+00        2.295361280724832198e-02
3.939999999999999947e+00        1.390685202730489234e+00        2.336359073202484010e-02
3.950000000000000178e+00        1.389858940294840250e+00        2.379759967587491074e-02
3.959999999999999964e+00        1.389091920557905979e+00        2.420195112685086247e-02
3.970000000000000195e+00        1.388330829737015160e+00        2.455419215851413484e-02
3.979999999999999982e+00        1.387563892649270825e+00        2.486851409443463848e-02
3.990000000000000213e+00        1.386803454774458100e+00        2.525361712653780011e-02
4.000000000000000000e+00        1.386077961702816275e+00        2.562094544933635892e-02
4.009999999999999787e+00        1.385404096262405016e+00        2.604838536080677711e-02
4.019999999999999574e+00        1.384757890538199865e+00        2.641122931188657347e-02
4.030000000000000249e+00        1.384121481319382507e+00        2.675913416077580625e-02
4.040000000000000036e+00        1.383475071945643897e+00        2.708932244259587563e-02
4.049999999999999822e+00        1.382848084274346467e+00        2.735376235392194752e-02
4.059999999999999609e+00        1.382170828153875153e+00        2.771518683669616998e-02
4.070000000000000284e+00        1.381529721208708761e+00        2.811051753228228228e-02
4.080000000000000071e+00        1.380903590410361703e+00        2.849532716763186410e-02
4.089999999999999858e+00        1.380308288952192264e+00        2.895198577495665046e-02
4.099999999999999645e+00        1.379744474822804268e+00        2.939986898027732026e-02
4.110000000000000320e+00        1.379227426473655038e+00        2.985276435938172962e-02
4.120000000000000107e+00        1.378738042063492042e+00        3.031299248571429558e-02
4.129999999999999893e+00        1.378279369238714525e+00        3.077302023039065609e-02
4.139999999999999680e+00        1.377849597037126506e+00        3.123309099165556824e-02
4.150000000000000355e+00        1.377446998194728600e+00        3.169322452328802997e-02
4.160000000000000142e+00        1.377070850530035306e+00        3.215288338515900207e-02
4.169999999999999929e+00        1.376720722326856494e+00        3.261248107485994335e-02
4.179999999999999716e+00        1.376396183511269244e+00        3.307223101067614801e-02
4.190000000000000391e+00        1.376097020139298799e+00        3.353145504969898966e-02
4.200000000000000178e+00        1.375823467064144712e+00        3.399091472656250168e-02
4.209999999999999964e+00        1.375575373315017114e+00        3.444984962524114125e-02
4.219999999999999751e+00        1.375352971421092585e+00        3.490885049793493455e-02
4.230000000000000426e+00        1.375156859029025069e+00        3.536779066259197746e-02
4.240000000000000213e+00        1.374987361622275861e+00        3.582658069647182142e-02
4.250000000000000000e+00        1.374844917818828449e+00        3.628548446881992018e-02
4.259999999999999787e+00        1.374730360794611306e+00        3.674386362415799773e-02
4.269999999999999574e+00        1.374644616106657669e+00        3.720242129558244681e-02
4.280000000000000249e+00        1.374588552757820992e+00        3.766055638745262335e-02
4.290000000000000036e+00        1.374563686394596251e+00        3.811866477782154677e-02
4.299999999999999822e+00        1.374571327305342150e+00        3.857676222736700772e-02
4.309999999999999609e+00        1.374612757262382967e+00        3.903481864759033443e-02
4.320000000000000284e+00        1.374692036360606551e+00        3.949823297422652008e-02
4.330000000000000071e+00        1.374805213248217584e+00        3.997305418769689367e-02
4.339999999999999858e+00        1.374974582690296598e+00        4.045167200099070853e-02
4.349999999999999645e+00        1.375199457415114956e+00        4.095604740262865501e-02
4.360000000000000320e+00        1.375567555608878223e+00        4.138264196362548275e-02
4.370009999999999728e+00        1.376011796798697784e+00        4.177068196776993758e-02
4.380010000000000403e+00        1.376430131251350719e+00        4.207885183963691600e-02
4.390010000000000190e+00        1.376936193855829549e+00        4.239670090953073789e-02
4.400009999999999977e+00        1.377489951803875456e+00        4.262163868022694757e-02
4.410009999999999764e+00        1.378100108949416258e+00        4.280712300778209689e-02
4.420010000000000439e+00        1.378731049557193611e+00        4.287382779652117865e-02
4.430010000000000225e+00        1.379389417287992359e+00        4.286168680821628857e-02
4.440010000000000012e+00        1.380052106183290439e+00        4.273384350901729412e-02
4.450009999999999799e+00        1.380735050632911465e+00        4.259537924395857822e-02
4.460009999999999586e+00        1.381393958664513644e+00        4.233500345856557046e-02
4.470010000000000261e+00        1.382037562863662306e+00        4.201453815039154355e-02
4.480010000000000048e+00        1.382710997397500696e+00        4.158196315160591489e-02
4.490009999999999835e+00        1.383315620473007712e+00        4.112166642365038677e-02
4.500009999999999621e+00        1.383887832746352631e+00        4.056646218423344552e-02
4.510010000000000296e+00        1.384425007348373038e+00        3.988147991353056115e-02
4.520010000000000083e+00        1.384939350481695586e+00        3.916308853473274981e-02
4.530009999999999870e+00        1.385340364521177259e+00        3.837569632182342289e-02
4.540009999999999657e+00        1.385708985037193308e+00        3.753605872527141646e-02
4.550010000000000332e+00        1.386008378892058301e+00        3.671274971971173057e-02
4.560010000000000119e+00        1.386180484211050778e+00        3.580861368651287735e-02
4.570009999999999906e+00        1.386344434454365171e+00        3.489697255654763963e-02
4.580009999999999692e+00        1.386383830594103417e+00        3.393242253800188291e-02
4.590010000000000367e+00        1.386390339102217206e+00        3.298064591995673173e-02
4.600010000000000154e+00        1.386365261457057407e+00        3.205443866028120925e-02
4.610009999999999941e+00        1.386207168481123686e+00        3.115149646400352385e-02
4.620009999999999728e+00        1.386015936253277570e+00        3.025530737069053247e-02
4.630010000000000403e+00        1.385779113245673377e+00        2.939144581823452743e-02
4.640010000000000190e+00        1.385477204441984744e+00        2.845158847822319356e-02
4.650009999999999977e+00        1.385160241615561505e+00        2.761583076111540427e-02
4.660009999999999764e+00        1.384784063030505497e+00        2.677292917396286928e-02
4.670010000000000439e+00        1.384421416794981541e+00        2.591111545109775136e-02
4.680010000000000225e+00        1.383989561196007134e+00        2.514281421403222888e-02
4.690010000000000012e+00        1.383512595177091020e+00        2.432644754559155215e-02
4.700009999999999799e+00        1.382993832436998360e+00        2.354764472354403670e-02
4.710009999999999586e+00        1.382450368532187168e+00        2.283971851153883403e-02
4.720010000000000261e+00        1.381893789634486502e+00        2.211650517898995638e-02
4.730010000000000048e+00        1.381319417338522815e+00        2.146355461945140958e-02
4.740009999999999835e+00        1.380721572770039707e+00        2.079172826482797443e-02
4.750009999999999621e+00        1.380077589105183522e+00        2.013875918180983368e-02
4.760010000000000296e+00        1.379430740400713562e+00        1.955136228086545164e-02
4.770010000000000083e+00        1.378750008787906545e+00        1.888899053619889565e-02
4.780009999999999870e+00        1.378084736578505609e+00        1.833412812325909899e-02
4.790009999999999657e+00        1.377398297760216828e+00        1.777801317376384929e-02
4.800010000000000332e+00        1.376671203158321033e+00        1.732137486097988163e-02
4.810019999999999740e+00        1.375913237644424525e+00        1.674663433085534989e-02
4.820020000000000415e+00        1.375218710314981774e+00        1.621767978638346402e-02
4.830020000000000202e+00        1.374472063957722590e+00        1.571057609006128522e-02
4.840019999999999989e+00        1.373697553435384577e+00        1.536678985192231270e-02
4.850019999999999776e+00        1.372839588149550760e+00        1.485904403188303621e-02
4.860019999999999563e+00        1.372076186048348134e+00        1.445433904229370854e-02
4.870020000000000238e+00        1.371331928671328582e+00        1.399193363592654560e-02
4.880020000000000024e+00        1.370481009735937672e+00        1.380949935011091187e-02
4.890019999999999811e+00        1.369617886486955038e+00        1.337439324833146655e-02
4.900019999999999598e+00        1.368759840991321752e+00        1.299161705824445658e-02
4.910020000000000273e+00        1.367951478441904456e+00        1.273638661137844151e-02
4.920020000000000060e+00        1.367104047761130259e+00        1.247093984430650525e-02
4.930019999999999847e+00        1.366209920580835124e+00        1.219763892204358581e-02
4.940019999999999634e+00        1.365289894367811119e+00        1.177530474343194480e-02
4.950020000000000309e+00        1.364463238801741918e+00        1.155894871823601351e-02
4.960020000000000095e+00        1.363533842608036339e+00        1.146473739347990059e-02
4.970019999999999882e+00        1.362559650782528609e+00        1.134220205546930017e-02
4.980019999999999669e+00        1.361619302996990521e+00        1.105796767208658792e-02
4.990020000000000344e+00        1.360776187437604090e+00        1.089320291089849492e-02
