# wav(mic), n, k, crys 50 K
2.999999999999999889e-01        1.312191099999999944e+00        1.457026399999999972e-10
3.099999999999999978e-01        1.312191099999999944e+00        1.457026399999999972e-10
3.200000000000000067e-01        1.312191099999999944e+00        1.457026399999999972e-10
3.300000000000000155e-01        1.312191099999999944e+00        1.457026399999999972e-10
3.400000000000000244e-01        1.312191099999999944e+00        1.457026399999999972e-10
3.499999999999999778e-01        1.312191099999999944e+00        1.457026399999999972e-10
3.599999999999999867e-01        1.312191099999999944e+00        1.457026399999999972e-10
3.699999999999999956e-01        1.312191099999999944e+00        1.457026399999999972e-10
3.800000000000000044e-01        1.312191099999999944e+00        1.457026399999999972e-10
3.900000000000000133e-01        1.312191099999999944e+00        1.457026399999999972e-10
4.000000000000000222e-01        1.312191099999999944e+00        1.457026399999999972e-10
4.099999999999999756e-01        1.312191099999999944e+00        1.457026399999999972e-10
4.199999999999999845e-01        1.312191099999999944e+00        1.457026399999999972e-10
4.299999999999999933e-01        1.312191099999999944e+00        1.457026399999999972e-10
4.400000000000000022e-01        1.312191099999999944e+00        1.457026399999999972e-10
4.500000000000000111e-01        1.312191099999999944e+00        1.457026399999999972e-10
4.600000000000000200e-01        1.312191099999999944e+00        1.457026399999999972e-10
4.699999999999999734e-01        1.312191099999999944e+00        1.457026399999999972e-10
4.799999999999999822e-01        1.312191099999999944e+00        1.457026399999999972e-10
4.899999999999999911e-01        1.312191099999999944e+00        1.457026399999999972e-10
5.000000000000000000e-01        1.312191099999999944e+00        1.457026399999999972e-10
5.100000000000000089e-01        1.312191099999999944e+00        1.457026399999999972e-10
5.200000000000000178e-01        1.312191099999999944e+00        1.457026399999999972e-10
5.300000000000000266e-01        1.312191099999999944e+00        1.457026399999999972e-10
5.400000000000000355e-01        1.312191099999999944e+00        1.457026399999999972e-10
5.500000000000000444e-01        1.312191099999999944e+00        1.457026399999999972e-10
5.600000000000000533e-01        1.312191099999999944e+00        1.457026399999999972e-10
5.699999999999999512e-01        1.312191099999999944e+00        1.457026399999999972e-10
5.799999999999999600e-01        1.312191099999999944e+00        1.457026399999999972e-10
5.899999999999999689e-01        1.312191099999999944e+00        1.457026399999999972e-10
5.999999999999999778e-01        1.312191099999999944e+00        1.457026399999999972e-10
6.099999999999999867e-01        1.312191099999999944e+00        1.457026399999999972e-10
6.199999999999999956e-01        1.312191099999999944e+00        1.457026399999999972e-10
6.300000000000000044e-01        1.312191099999999944e+00        1.457026399999999972e-10
6.400000000000000133e-01        1.312191099999999944e+00        1.457026399999999972e-10
6.500000000000000222e-01        1.312191099999999944e+00        1.457026399999999972e-10
6.600000000000000311e-01        1.312191099999999944e+00        1.457026399999999972e-10
6.700000000000000400e-01        1.312191099999999944e+00        1.457026399999999972e-10
6.800000000000000488e-01        1.312191099999999944e+00        1.457026399999999972e-10
6.899999999999999467e-01        1.312191099999999944e+00        1.457026399999999972e-10
6.999999999999999556e-01        1.312191099999999944e+00        1.457026399999999972e-10
7.099999999999999645e-01        1.312191099999999944e+00        1.457026399999999972e-10
7.199999999999999734e-01        1.312191099999999944e+00        1.457026399999999972e-10
7.299999999999999822e-01        1.312191099999999944e+00        1.457026399999999972e-10
7.399999999999999911e-01        1.312191099999999944e+00        1.457026399999999972e-10
7.500000000000000000e-01        1.312191099999999944e+00        1.457026399999999972e-10
7.600000000000000089e-01        1.312191099999999944e+00        1.457026399999999972e-10
7.700000000000000178e-01        1.312191099999999944e+00        1.457026399999999972e-10
7.800000000000000266e-01        1.312191099999999944e+00        1.457026399999999972e-10
7.900000000000000355e-01        1.312191099999999944e+00        1.457026399999999972e-10
8.000000000000000444e-01        1.312191099999999944e+00        1.457026399999999972e-10
8.100000000000000533e-01        1.312191099999999944e+00        1.457026399999999972e-10
8.199999999999999512e-01        1.312191099999999944e+00        1.457026399999999972e-10
8.299999999999999600e-01        1.312191099999999944e+00        1.457026399999999972e-10
8.399999999999999689e-01        1.312191099999999944e+00        1.457026399999999972e-10
8.499999999999999778e-01        1.312191099999999944e+00        1.457026399999999972e-10
8.599999999999999867e-01        1.312191099999999944e+00        1.457026399999999972e-10
8.699999999999999956e-01        1.312191099999999944e+00        1.457026399999999972e-10
8.800000000000000044e-01        1.312191099999999944e+00        1.457026399999999972e-10
8.900000000000000133e-01        1.312191099999999944e+00        1.457026399999999972e-10
9.000000000000000222e-01        1.312191099999999944e+00        1.457026399999999972e-10
9.100000000000000311e-01        1.312191099999999944e+00        1.457026399999999972e-10
9.200000000000000400e-01        1.312191099999999944e+00        1.457026399999999972e-10
9.300000000000000488e-01        1.312191099999999944e+00        1.457026399999999972e-10
9.399999999999999467e-01        1.312191099999999944e+00        1.457026399999999972e-10
9.499999999999999556e-01        1.312191099999999944e+00        1.457026399999999972e-10
9.599999999999999645e-01        1.312191099999999944e+00        1.457026399999999972e-10
9.699999999999999734e-01        1.312191099999999944e+00        1.457026399999999972e-10
9.799999999999999822e-01        1.312191099999999944e+00        1.457026399999999972e-10
9.899999999999999911e-01        1.312191099999999944e+00        1.457026399999999972e-10
1.000000000000000000e+00        1.312191099999999944e+00        1.457026399999999972e-10
1.010000000000000009e+00        1.312191099999999944e+00        1.457026399999999972e-10
1.020000000000000018e+00        1.312191099999999944e+00        1.457026399999999972e-10
1.030000000000000027e+00        1.312191099999999944e+00        1.457026399999999972e-10
1.040000000000000036e+00        1.312191099999999944e+00        1.457026399999999972e-10
1.050000000000000044e+00        1.312191099999999944e+00        1.457026399999999972e-10
1.060000000000000053e+00        1.312191099999999944e+00        1.457026399999999972e-10
1.070000000000000062e+00        1.312191099999999944e+00        1.457026399999999972e-10
1.080000000000000071e+00        1.312191099999999944e+00        1.457026399999999972e-10
1.090000000000000080e+00        1.312191099999999944e+00        1.457026399999999972e-10
1.100000000000000089e+00        1.312191099999999944e+00        1.457026399999999972e-10
1.110000000000000098e+00        1.312191099999999944e+00        1.926089859907667194e-06
1.120000000000000107e+00        1.312052659586776970e+00        1.062473909256198405e-08
1.129999999999999893e+00        1.311890611678832030e+00        3.110169474599121340e-07
1.139999999999999902e+00        1.311725582057416295e+00        1.081446620653907431e-08
1.149999999999999911e+00        1.311558220689655219e+00        1.090933062068965468e-08
1.159999999999999920e+00        1.311388187297921393e+00        5.587218037414834755e-07
1.169999999999999929e+00        1.311216673807721333e+00        2.488570146480077207e-06
1.179999999999999938e+00        1.311042313988095120e+00        3.867456951041727425e-06
1.189999999999999947e+00        1.310866502779809872e+00        5.563202885369505983e-06
1.199999999999999956e+00        1.310688682302158181e+00        7.057391505611590366e-06
1.209999999999999964e+00        1.310508999009200259e+00        7.560908406652456033e-06
1.219999999999999973e+00        1.310325552089136592e+00        8.667026357938677664e-06
1.229999999999999982e+00        1.310140258356164544e+00        9.624738916712220529e-06
1.239999999999999991e+00        1.309951942076871045e+00        9.999104955225856237e-06
1.250000000000000000e+00        1.309760890384615406e+00        1.057134928647209992e-05
1.260000000000000009e+00        1.309566685378589890e+00        1.213399187989556039e-05
1.270000000000000018e+00        1.309370763303341789e+00        1.385566898136250235e-05
1.280000000000000027e+00        1.309173732637571197e+00        1.404608495635673061e-05
1.290000000000000036e+00        1.308970649844236833e+00        1.305779313084111135e-05
1.300000000000000044e+00        1.308763997240956378e+00        1.550666872532179466e-05
1.310000000000000053e+00        1.308558677308388818e+00        1.864380398611949175e-05
1.320000000000000062e+00        1.308351715873959487e+00        1.487647293400683308e-05
1.330000000000000071e+00        1.308135296838407458e+00        1.062925725468379548e-05
1.340000000000000080e+00        1.307914944893248776e+00        1.028070237795738200e-05
1.350000000000000089e+00        1.307690137180216094e+00        8.612027300227435351e-06
1.360000000000000098e+00        1.307461645882352919e+00        8.880115256470623550e-06
1.370000000000000107e+00        1.307230419271120825e+00        1.044080710049696352e-05
1.379999999999999893e+00        1.306995396137105470e+00        9.740039314526729997e-06
1.389999999999999902e+00        1.306752693079399119e+00        1.001392168814361514e-05
1.399999999999999911e+00        1.306504746853516696e+00        1.239135787202536284e-05
1.409999999999999920e+00        1.306252789676746628e+00        1.535658157090712096e-05
1.419999999999999929e+00        1.305992403442959970e+00        1.845621608941406340e-05
1.429999999999999938e+00        1.305721907142857185e+00        2.454601650000000365e-05
1.439999999999999947e+00        1.305440046776611629e+00        3.786629778160917825e-05
1.449999999999999956e+00        1.305147351773398912e+00        6.236733730935900024e-05
1.459999999999999964e+00        1.304845459261059881e+00        1.043487609625672893e-04
1.469999999999999973e+00        1.304538843240651946e+00        1.728326180345155340e-04
1.479999999999999982e+00        1.304238269758636992e+00        2.776548375911025500e-04
1.489999999999999991e+00        1.303978741176470502e+00        4.339339994117636951e-04
1.500000000000000000e+00        1.303825379594656830e+00        5.892832832519582544e-04
1.510000000000000009e+00        1.303727502454545384e+00        6.254842087090906359e-04
1.520000000000000018e+00        1.303555116913414080e+00        5.872173355002242943e-04
1.530000000000000027e+00        1.303331277689242951e+00        5.568950266002653526e-04
1.540000000000000036e+00        1.303087976267482517e+00        5.472969760052446815e-04
1.550000000000000044e+00        1.302842901855047586e+00        5.425104462381362402e-04
1.560000000000000053e+00        1.302590448764906261e+00        5.509579216396933050e-04
1.570000000000000062e+00        1.302371425598991106e+00        5.868766294199244480e-04
1.580000000000000071e+00        1.302217886514522860e+00        5.334070380912846404e-04
1.590000000000000080e+00        1.301951572950819536e+00        4.070622763934423943e-04
1.600000000000000089e+00        1.301636994334277597e+00        3.314020569486031778e-04
1.610000000000000098e+00        1.301301457713828880e+00        2.545552105435641417e-04
1.620000000000000107e+00        1.300918039336492749e+00        2.151272575355449345e-04
1.629999999999999893e+00        1.300533649629629585e+00        2.275844806666664846e-04
1.639999999999999902e+00        1.300156951252408488e+00        2.819879669402685046e-04
1.649999999999999911e+00        1.299820141324200762e+00        4.103428194063901344e-04
1.659999999999999920e+00        1.299676563896201564e+00        5.416300420195562133e-04
1.669999999999999929e+00        1.299553317948717979e+00        3.856166545930892354e-04
1.679999999999999938e+00        1.299195482158590265e+00        1.919022120264328218e-04
1.689999999999999947e+00        1.298775495172413752e+00        1.071710295027224978e-04
1.699999999999999956e+00        1.298362105987809212e+00        6.899368023987089620e-05
1.709999999999999964e+00        1.297955526576895835e+00        5.194432946420988393e-05
1.719999999999999973e+00        1.297555170217238985e+00        4.596350856902588162e-05
1.729999999999999982e+00        1.297158860526315793e+00        4.261331927908586974e-05
1.739999999999999991e+00        1.296760656399726042e+00        3.794860362422998294e-05
1.750000000000000000e+00        1.296356145872801013e+00        3.365536112110960733e-05
1.760000000000000009e+00        1.295945477551020408e+00        3.297213281632654247e-05
1.770000000000000018e+00        1.295531178828977836e+00        3.565827275984127353e-05
1.780000000000000027e+00        1.295114151717369877e+00        3.872888169578016698e-05
1.790000000000000036e+00        1.294692001617076427e+00        3.970999856532990652e-05
1.800000000000000044e+00        1.294261880614203442e+00        3.901540703262956414e-05
1.810000000000000053e+00        1.293822440512333971e+00        3.791998780107527116e-05
1.820000000000000062e+00        1.293373212891113955e+00        3.767490674968710691e-05
1.830000000000000071e+00        1.292913953372524682e+00        3.839539581126240168e-05
1.840000000000000080e+00        1.292443618707899589e+00        4.060844163288422881e-05
1.850000000000000089e+00        1.291960854677565829e+00        4.458544718165300227e-05
1.860000000000000098e+00        1.291464589334931024e+00        5.243837110005999182e-05
1.870000000000000107e+00        1.290952831851851945e+00        6.608964305185201216e-05
1.879999999999999893e+00        1.290425400879765316e+00        8.902700927272683270e-05
1.889999999999999902e+00        1.289882912010443805e+00        1.269478674296488103e-04
1.899999999999999911e+00        1.289329976176808223e+00        1.836559399856480912e-04
1.909999999999999920e+00        1.288771958250497063e+00        2.606845807157044865e-04
1.919999999999999929e+00        1.288214011973018547e+00        3.580256167172564071e-04
1.929999999999999938e+00        1.287660206510851335e+00        4.734265821035056328e-04
1.939999999999999947e+00        1.287113733480176103e+00        6.057009481387646893e-04
1.949999999999999956e+00        1.286578537820163515e+00        7.537169680817426770e-04
1.959999999999999964e+00        1.286059910223900760e+00        9.153584907930927038e-04
1.969999999999999973e+00        1.285564077383177573e+00        1.086698126728971809e-03
1.979999999999999982e+00        1.285097848916490593e+00        1.258987528303381117e-03
1.989999999999999991e+00        1.284665506804501423e+00        1.417604324025125134e-03
2.000000000000000000e+00        1.284260602538860097e+00        1.544611643626943613e-03
2.009999999999999787e+00        1.283867023698384235e+00        1.627872974044626683e-03
2.020000000000000018e+00        1.283462877495554988e+00        1.666631397129793909e-03
2.029999999999999805e+00        1.283032542052313874e+00        1.674499697686116862e-03
2.040000000000000036e+00        1.282575173150684922e+00        1.671165765902864198e-03
2.049999999999999822e+00        1.282105680764488165e+00        1.668494919975339148e-03
2.060000000000000053e+00        1.281643055029296985e+00        1.658189995263671624e-03
2.069999999999999840e+00        1.281193860483675895e+00        1.616546021378477286e-03
2.080000000000000071e+00        1.280741564829899426e+00        1.516669245591757221e-03
2.089999999999999858e+00        1.280252409157769833e+00        1.349167220521947782e-03
2.100000000000000089e+00        1.279690354193093738e+00        1.129629093093728739e-03
2.109999999999999876e+00        1.279037417527932874e+00        8.932508869064314898e-04
2.120000000000000107e+00        1.278299145607562748e+00        6.771800703043545601e-04
2.129999999999999893e+00        1.277499905961626325e+00        5.048848458359996971e-04
2.140000000000000124e+00        1.276666351821679202e+00        3.793204856619136192e-04
2.149999999999999911e+00        1.275816003946188326e+00        2.917045966905836593e-04
2.160000000000000142e+00        1.274956970308682935e+00        2.298817869731291635e-04
2.169999999999999929e+00        1.274089306426056334e+00        1.846045999031694545e-04
2.180000000000000160e+00        1.273211761251635377e+00        1.507153650021792477e-04
2.189999999999999947e+00        1.272321498789974026e+00        1.242735500086430077e-04
2.200000000000000178e+00        1.271416624769856618e+00        1.042339314365230607e-04
2.209999999999999964e+00        1.270496224193548462e+00        8.980073723769122472e-05
2.220000000000000195e+00        1.269557710809674056e+00        8.019361627297580278e-05
2.229999999999999982e+00        1.268600662401000445e+00        7.487702238349319282e-05
2.240000000000000213e+00        1.267623224865757958e+00        7.549514044403146695e-05
2.250000000000000000e+00        1.266625109742120170e+00        8.170118357879666417e-05
2.259999999999999787e+00        1.265606343436802561e+00        9.473232794278700804e-05
2.270000000000000018e+00        1.264567044328237966e+00        1.142670251689464309e-04
2.279999999999999805e+00        1.263508091150089774e+00        1.401821039286418500e-04
2.290000000000000036e+00        1.262430233372851207e+00        1.706827547401704160e-04
2.299999999999999822e+00        1.261331039717978886e+00        2.035750770035246520e-04
2.310000000000000053e+00        1.260207991998446353e+00        2.395540644027971996e-04
2.319999999999999840e+00        1.259060968007699621e+00        2.811640963195369074e-04
2.330000000000000071e+00        1.257892586679389302e+00        3.286607763893130158e-04
2.339999999999999858e+00        1.256705797956480630e+00        3.795718670255441760e-04
2.350000000000000089e+00        1.255501223579065684e+00        4.275040202401060238e-04
2.359999999999999876e+00        1.254273964458503920e+00        4.652196881094151568e-04
2.370000000000000107e+00        1.253016931968271575e+00        4.905430463844309870e-04
2.379999999999999893e+00        1.251721699176578051e+00        5.029502378499541970e-04
2.390000000000000124e+00        1.250382760950825567e+00        5.068274034168027348e-04
2.399999999999999911e+00        1.248994959078639555e+00        5.056077665970847880e-04
2.410000000000000142e+00        1.247555599250535385e+00        5.063479196716632420e-04
2.419999999999999929e+00        1.246067779511677243e+00        5.138711271178342168e-04
2.430000000000000160e+00        1.244534951623091690e+00        5.285797936322165266e-04
2.439999999999999947e+00        1.242957548328690986e+00        5.461007690285513356e-04
2.450000000000000178e+00        1.241332901070072436e+00        5.652373760096654704e-04
2.459999999999999964e+00        1.239657700993150646e+00        5.850976447345888768e-04
2.470000000000000195e+00        1.237929591440217303e+00        6.050703172554351174e-04
2.479999999999999982e+00        1.236146160326819565e+00        6.240945364117247767e-04
2.490000000000000213e+00        1.234303552607823429e+00        6.409356992728188233e-04
2.500000000000000000e+00        1.232397168380036545e+00        6.547302819913776916e-04
2.509999999999999787e+00        1.230422679805952990e+00        6.646797522200295887e-04
2.520000000000000018e+00        1.228373793994778085e+00        6.701183528328981355e-04
2.529999999999999805e+00        1.226243243539507866e+00        6.726677622846504974e-04
2.540000000000000036e+00        1.224027754948586066e+00        6.768030116886245874e-04
2.549999999999999822e+00        1.221725384505021328e+00        6.783276002295552396e-04
2.560000000000000053e+00        1.219326240408034279e+00        6.762315795207971382e-04
2.569999999999999840e+00        1.216821962654950573e+00        6.719258992107329754e-04
2.580000000000000071e+00        1.214204131070983905e+00        6.677515798630137903e-04
2.589999999999999858e+00        1.211466909501004219e+00        6.671429269025181893e-04
2.600000000000000089e+00        1.208603665501915669e+00        6.692027778605363257e-04
2.609999999999999876e+00        1.205603784697292458e+00        6.728539712868876737e-04
2.620000000000000107e+00        1.202452892285628128e+00        6.802042430102656729e-04
2.629999999999999893e+00        1.199140757416841563e+00        6.912056252277494223e-04
2.640000000000000124e+00        1.195652451732341914e+00        7.052372986527885319e-04
2.649999999999999911e+00        1.191968600678666279e+00        7.272292190247863983e-04
2.660000000000000142e+00        1.188066073513038390e+00        7.603311184822737377e-04
2.669999999999999929e+00        1.183915105087948838e+00        8.213543368760001283e-04
2.680000000000000160e+00        1.179506049826889669e+00        9.319213230178928671e-04
2.689999999999999947e+00        1.174832274280395161e+00        1.101306999011884532e-03
2.700000000000000178e+00        1.169870655189081399e+00        1.323519051578051289e-03
2.709999999999999964e+00        1.164581820829805103e+00        1.610587395004237565e-03
2.720000000000000195e+00        1.158919434687587513e+00        1.996782443373505342e-03
2.729999999999999982e+00        1.152888184230287827e+00        2.547108972020584432e-03
2.740000000000000213e+00        1.146537592338487066e+00        3.231663716910552261e-03
2.750000000000000000e+00        1.139779560180871565e+00        3.955543874403942214e-03
2.759999999999999787e+00        1.132452446266830171e+00        4.746179658384304216e-03
2.770000000000000018e+00        1.124434634954079026e+00        5.738355737547265988e-03
2.779999999999999805e+00        1.115706623498659900e+00        7.058436090201011121e-03
2.790000000000000036e+00        1.106242723615548318e+00        8.764043326743881090e-03
2.799999999999999822e+00        1.095949386358229027e+00        1.091259296946456812e-02
2.810000000000000053e+00        1.084677974310842785e+00        1.363811018626931958e-02
2.819999999999999840e+00        1.072338164741918787e+00        1.717550455552658076e-02
2.830000000000000071e+00        1.058845766140305233e+00        2.162357753999483503e-02
2.839999999999999858e+00        1.043394211410948902e+00        2.759591768774071960e-02
2.850000000000000089e+00        1.027128370154395842e+00        3.652772082378454022e-02
2.859999999999999876e+00        1.010728644350139760e+00        4.812171111705059595e-02
2.870000000000000107e+00        9.946414904829580239e-01        6.236994368217847751e-02
2.879999999999999893e+00        9.792351830834584714e-01        7.925129023938008721e-02
2.890000000000000124e+00        9.649203580079380727e-01        9.873217123790685446e-02
2.899999999999999911e+00        9.520749884649502004e-01        1.208034773179743199e-01
2.910000000000000142e+00        9.411505812715699193e-01        1.454134653408402922e-01
2.919999999999999929e+00        9.326170343648961802e-01        1.729487773866530964e-01
2.930000000000000160e+00        9.293195853489495395e-01        2.028860341077035612e-01
2.939999999999999947e+00        9.306280730846725469e-01        2.311591959750532999e-01
2.950000000000000178e+00        9.336802887089090675e-01        2.582817641972369183e-01
2.959999999999999964e+00        9.403733944079025742e-01        2.858713500425887899e-01
2.970000000000000195e+00        9.522383843884385524e-01        3.105649975713784539e-01
2.979999999999999982e+00        9.667290332924980412e-01        3.287708239306966207e-01
2.990000000000000213e+00        9.791078826202902485e-01        3.393201313228988436e-01
3.000000000000000000e+00        9.841168693598157935e-01        3.451224093080023647e-01
3.009999999999999787e+00        9.805202761468940764e-01        3.521954985562290030e-01
3.020000000000000018e+00        9.703239670881617096e-01        3.651200554498979511e-01
3.029999999999999805e+00        9.574865401941748955e-01        3.865439108737860896e-01
3.040000000000000036e+00        9.463538331920144930e-01        4.148470191655446726e-01
3.049999999999999822e+00        9.361598886680032594e-01        4.461553157033074646e-01
3.060000000000000053e+00        9.222012401383203883e-01        4.809503089421265365e-01
3.069999999999999840e+00        9.004325604968675956e-01        5.255746815191809640e-01
3.080000000000000071e+00        8.698255870292698200e-01        5.921133428658816866e-01
3.089999999999999858e+00        8.374943012717013247e-01        7.023456344509553251e-01
3.100000000000000089e+00        8.416199938183596130e-01        8.929429683939223983e-01
3.109999999999999876e+00        1.016650450581801035e+00        1.148803342494371105e+00
3.120000000000000107e+00        1.365399967809245219e+00        1.161912045199060328e+00
3.129999999999999893e+00        1.532624737833261586e+00        9.941674121032607614e-01
3.140000000000000124e+00        1.585484665461425857e+00        8.745603934496510856e-01
3.149999999999999911e+00        1.605761535715031885e+00        7.971512323911000841e-01
3.160000000000000142e+00        1.610305275656324531e+00        7.503097738424813201e-01
3.169999999999999929e+00        1.613471576534296181e+00        7.386656157039711568e-01
3.180000000000000160e+00        1.641154017936898191e+00        7.554720623847571703e-01
3.189999999999999947e+00        1.704190430706575832e+00        7.744861056668701504e-01
3.200000000000000178e+00        1.802599518741147433e+00        7.755827838979960642e-01
3.209999999999999964e+00        1.925325794117054734e+00        7.303548898411106327e-01
3.220000000000000195e+00        2.034110976793924497e+00        6.224450779972001691e-01
3.229999999999999982e+00        2.093253318941199481e+00        4.760346228615421338e-01
3.240000000000000213e+00        2.096456716720954905e+00        3.233065721518092461e-01
3.250000000000000000e+00        2.046241346414908069e+00        1.903420970132398693e-01
3.259999999999999787e+00        1.967244285319939889e+00        1.063957275273133829e-01
3.270000000000000018e+00        1.894133503741396440e+00        6.257001552340729633e-02
3.279999999999999805e+00        1.834521942954830953e+00        3.870761638052618719e-02
3.290000000000000036e+00        1.786151835382553621e+00        2.476816575658353364e-02
3.299999999999999822e+00        1.746538878056904887e+00        1.641856329717407068e-02
3.310000000000000053e+00        1.713430660728476829e+00        1.120835599933774768e-02
3.319999999999999840e+00        1.685325580983267679e+00        8.039562112765571283e-03
3.330000000000000071e+00        1.661290703196560692e+00        6.060194448312932435e-03
3.339999999999999858e+00        1.640489295468053887e+00        4.976989706760789889e-03
3.350000000000000089e+00        1.622189319445983102e+00        4.564136347922444215e-03
3.359999999999999876e+00        1.606235284193133994e+00        4.498578688654298122e-03
3.370000000000000107e+00        1.592142063448023892e+00        4.540013388199326712e-03
3.379999999999999893e+00        1.579542399782253748e+00        4.895455568481222978e-03
3.390000000000000124e+00        1.568573312770562556e+00        4.809277673484844973e-03
3.399999999999999911e+00        1.558099500000000193e+00        4.711787890603428945e-03
3.410000000000000142e+00        1.548611922791692574e+00        4.755220009064969368e-03
3.419999999999999929e+00        1.539875386709197436e+00        4.834642473843703096e-03
3.430000000000000160e+00        1.531618485448779765e+00        5.013483676112055233e-03
3.439999999999999947e+00        1.524269000499080651e+00        5.181868736327817360e-03
3.450000000000000178e+00        1.517216422976501056e+00        5.277919065274158314e-03
3.459999999999999964e+00        1.510644510648428751e+00        5.456188958419182396e-03
3.470000000000000195e+00        1.504478175423801689e+00        5.727865303872296636e-03
3.479999999999999982e+00        1.498740702816057535e+00        6.009802127801075998e-03
3.490000000000000213e+00        1.493309742623787573e+00        6.282911463603888316e-03
3.500000000000000000e+00        1.488262105762883980e+00        6.497151739392399358e-03
3.509999999999999787e+00        1.483301520050462674e+00        6.726208892943627907e-03
3.520000000000000018e+00        1.479061464522335667e+00        7.074384375982935291e-03
3.529999999999999805e+00        1.474602643190887852e+00        7.198705563859324370e-03
3.540000000000000036e+00        1.470511258442202873e+00        7.500577760426658733e-03
3.549999999999999822e+00        1.466571936743421123e+00        7.725323690871708018e-03
3.560000000000000053e+00        1.462826108579373674e+00        8.100809181499954437e-03
3.569999999999999840e+00        1.459273674705164892e+00        8.269802121366407952e-03
3.580000000000000071e+00        1.455840740640155229e+00        8.661983569544135647e-03
3.589999999999999858e+00        1.452599957958199406e+00        8.927909391237942582e-03
3.600000000000000089e+00        1.449484001343033013e+00        9.238936861251899335e-03
3.609999999999999876e+00        1.446515289816360683e+00        9.535819462962081064e-03
3.620000000000000107e+00        1.443589329707509972e+00        9.777637868996061354e-03
3.629999999999999893e+00        1.440804784478010969e+00        1.016939991511289776e-02
3.640000000000000124e+00        1.438119215207697588e+00        1.048675224994133522e-02
3.649999999999999911e+00        1.435517318934266928e+00        1.086282479541034705e-02
3.660000000000000142e+00        1.433049189247311617e+00        1.125005005871432782e-02
3.669999999999999929e+00        1.430633698277055554e+00        1.162284763664332352e-02
3.680000000000000160e+00        1.428359256069187122e+00        1.205224610975051680e-02
3.689999999999999947e+00        1.426151281066889709e+00        1.241742532843771382e-02
3.700000000000000178e+00        1.423955227523283185e+00        1.285434248307717672e-02
3.709999999999999964e+00        1.421949305797319818e+00        1.338141994925462833e-02
3.720000000000000195e+00        1.420040944377900960e+00        1.377512275804760981e-02
3.729999999999999982e+00        1.418001467987487052e+00        1.415976363213168436e-02
3.740000000000000213e+00        1.416172107655254253e+00        1.479885042915372526e-02
3.750000000000000000e+00        1.414497564190981382e+00        1.529778681830239011e-02
3.759999999999999787e+00        1.412830209324829722e+00        1.573098552107616427e-02
3.770000000000000018e+00        1.411200708315098362e+00        1.622714985514223107e-02
3.779999999999999805e+00        1.409692674242204458e+00        1.676369784358230225e-02
3.790000000000000036e+00        1.408259828071567688e+00        1.723622254411658755e-02
3.799999999999999822e+00        1.406828473415631997e+00        1.771689541118208130e-02
3.810000000000000053e+00        1.405467557072474172e+00        1.819088233066761678e-02
3.819999999999999840e+00        1.404207159472899091e+00        1.867525301378133995e-02
3.830000000000000071e+00        1.402951928714689211e+00        1.911105941426554516e-02
3.839999999999999858e+00        1.401754629536991592e+00        1.958247060598608882e-02
3.850000000000000089e+00        1.400589678571428687e+00        2.002767319974840463e-02
3.859999999999999876e+00        1.399463011987206240e+00        2.045268293603114476e-02
3.870000000000000107e+00        1.398401696195877841e+00        2.087512822022409564e-02
3.879999999999999893e+00        1.397345978468635952e+00        2.129019300826275399e-02
3.890000000000000124e+00        1.396352405575342459e+00        2.171102546342465814e-02
3.899999999999999911e+00        1.395368328706731997e+00        2.213569891244208249e-02
3.910000000000000142e+00        1.394417429955947085e+00        2.253854325991190219e-02
3.919999999999999929e+00        1.393516429346726815e+00        2.294185279525382329e-02
3.930000000000000160e+00        1.392634828429530236e+00        2.333207185959731977e-02
3.939999999999999947e+00        1.391779950250350506e+00        2.370442446364911041e-02
3.950000000000000178e+00        1.390937675795205442e+00        2.410317989614185752e-02
3.959999999999999964e+00        1.390139782806715907e+00        2.448903130565837152e-02
3.970000000000000195e+00        1.389342520348455068e+00        2.486515228027613364e-02
3.979999999999999982e+00        1.388585638833300662e+00        2.522374464116147047e-02
3.990000000000000213e+00        1.387846103983596979e+00        2.560336955008788232e-02
4.000000000000000000e+00        1.387126372968598309e+00        2.596608510132729364e-02
4.009999999999999787e+00        1.386427413307127265e+00        2.634775800489751879e-02
4.019999999999999574e+00        1.385756075380075725e+00        2.671925463923277566e-02
4.030000000000000249e+00        1.385110681344902339e+00        2.708821433227001294e-02
4.040000000000000036e+00        1.384460939439928984e+00        2.745292947809244502e-02
4.049999999999999822e+00        1.383825880371352790e+00        2.777314611254263349e-02
4.059999999999999609e+00        1.383187363247218693e+00        2.811135713948077416e-02
4.070000000000000284e+00        1.382558724211711665e+00        2.849232336336336366e-02
4.080000000000000071e+00        1.381948220941528138e+00        2.885374069419017681e-02
4.089999999999999858e+00        1.381326813809759635e+00        2.927851711642308341e-02
4.099999999999999645e+00        1.380756640924499346e+00        2.973361520123262922e-02
4.110000000000000320e+00        1.380233589946635586e+00        3.020015963883949939e-02
4.120000000000000107e+00        1.379740045873015797e+00        3.066200967142857642e-02
4.129999999999999893e+00        1.379278177361929592e+00        3.112374614915850574e-02
4.139999999999999680e+00        1.378845874809529581e+00        3.158547995126374103e-02
4.150000000000000355e+00        1.378441195408593112e+00        3.204723898838612167e-02
4.160000000000000142e+00        1.378063614840989493e+00        3.250856461130741115e-02
4.169999999999999929e+00        1.377712091894147228e+00        3.296975402705924763e-02
4.179999999999999716e+00        1.377386723784104428e+00        3.343112446204032917e-02
4.190000000000000391e+00        1.377086968740408368e+00        3.389206452933539448e-02
4.200000000000000178e+00        1.376813067064144747e+00        3.435297791036184822e-02
4.209999999999999964e+00        1.376565146998304900e+00        3.481369846758638337e-02
4.219999999999999751e+00        1.376343071421092468e+00        3.527436837793028468e-02
4.230000000000000426e+00        1.376147439285093643e+00        3.573510260095012769e-02
4.240000000000000213e+00        1.375978997434567086e+00        3.619528957557939519e-02
4.250000000000000000e+00        1.375837603757673167e+00        3.665577509758476821e-02
4.259999999999999787e+00        1.375724791483045939e+00        3.711581752437492082e-02
4.269999999999999574e+00        1.375640856228324660e+00        3.757623237546191958e-02
4.280000000000000249e+00        1.375587312982972099e+00        3.803591732103864254e-02
4.290000000000000036e+00        1.375565068550520742e+00        3.849565909439908729e-02
4.299999999999999822e+00        1.375575540035876454e+00        3.895517530113795646e-02
4.309999999999999609e+00        1.375619369260374869e+00        3.941504054099729398e-02
4.320000000000000284e+00        1.375695498855746379e+00        3.987421112209076773e-02
4.330000000000000071e+00        1.375826751401094450e+00        4.036663289183661796e-02
4.339999999999999858e+00        1.376010038009796821e+00        4.085371890654412169e-02
4.349999999999999645e+00        1.376277991281489532e+00        4.132440264381158357e-02
4.360000000000000320e+00        1.376608179658613595e+00        4.176634287386162686e-02
4.370009999999999728e+00        1.377067982192078155e+00        4.214344306847530447e-02
4.380010000000000403e+00        1.377506740209639036e+00        4.245185694515885705e-02
4.390010000000000190e+00        1.378038558780841916e+00        4.274920386163522795e-02
4.400009999999999977e+00        1.378591438336366437e+00        4.297093931260036193e-02
4.410009999999999764e+00        1.379208838521400748e+00        4.313253947470816613e-02
4.420010000000000439e+00        1.379839438622262326e+00        4.318886307365965571e-02
4.430010000000000225e+00        1.380501307012356182e+00        4.317985841451050383e-02
4.440010000000000012e+00        1.381165651012145723e+00        4.303465820610968134e-02
4.450009999999999799e+00        1.381865810701956354e+00        4.289560266743382838e-02
4.460009999999999586e+00        1.382535749820303028e+00        4.260345407990002997e-02
4.470010000000000261e+00        1.383179621926048819e+00        4.228451415464398039e-02
4.480010000000000048e+00        1.383852680739440233e+00        4.184219418816483016e-02
4.490009999999999835e+00        1.384456261264781496e+00        4.135522057120822464e-02
4.500009999999999621e+00        1.385030848707448081e+00        4.080609873094448448e-02
4.510010000000000296e+00        1.385544833625299344e+00        4.012865849391452494e-02
4.520010000000000083e+00        1.386029203529054010e+00        3.938056835138421113e-02
4.530009999999999870e+00        1.386430768448684958e+00        3.855476154298551755e-02
4.540009999999999657e+00        1.386795844194813165e+00        3.769265680367913512e-02
4.550010000000000332e+00        1.387109519791823065e+00        3.681294040729617828e-02
4.560010000000000119e+00        1.387314337691196275e+00        3.594530967151611522e-02
4.570009999999999906e+00        1.387461462767857201e+00        3.502754306160716508e-02
4.580009999999999692e+00        1.387489922386290653e+00        3.410040556022519986e-02
4.590010000000000367e+00        1.387468392644672699e+00        3.314008759167116902e-02
4.600010000000000154e+00        1.387386079888295543e+00        3.216755489432168019e-02
4.610009999999999941e+00        1.387252824626865610e+00        3.123039645829676567e-02
4.620009999999999728e+00        1.387076613042633966e+00        3.030425033184426867e-02
4.630010000000000403e+00        1.386833928628057544e+00        2.943827415111666471e-02
4.640010000000000190e+00        1.386542910419173324e+00        2.852732261552527737e-02
4.650009999999999977e+00        1.386197446622269069e+00        2.768019049688580716e-02
4.660009999999999764e+00        1.385817238430324227e+00        2.686973871012555970e-02
4.670010000000000439e+00        1.385425055546050777e+00        2.598834371400053633e-02
4.680010000000000225e+00        1.385004451961016070e+00        2.518548983337272687e-02
4.690010000000000012e+00        1.384522083722682817e+00        2.436687128786736017e-02
4.700009999999999799e+00        1.384009018715096850e+00        2.359076781885587754e-02
4.710009999999999586e+00        1.383458578996543009e+00        2.287808824217513193e-02
4.720010000000000261e+00        1.382881493438429921e+00        2.213655482384672621e-02
4.730010000000000048e+00        1.382301714136780602e+00        2.145511627986286529e-02
4.740009999999999835e+00        1.381691419084955186e+00        2.076803133691542194e-02
4.750009999999999621e+00        1.381056143868509389e+00        2.013413767434920135e-02
4.760010000000000296e+00        1.380399271122089599e+00        1.950372097557291282e-02
4.770010000000000083e+00        1.379698124833803830e+00        1.883729279819689253e-02
4.780009999999999870e+00        1.379025001850927801e+00        1.829617088921655157e-02
4.790009999999999657e+00        1.378306643662226216e+00        1.772081391266654843e-02
4.800010000000000332e+00        1.377565257929545206e+00        1.723673520772033355e-02
4.810019999999999740e+00        1.376836825114196028e+00        1.666668510425437302e-02
4.820020000000000415e+00        1.376098565004015395e+00        1.613795051119828669e-02
4.830020000000000202e+00        1.375315326934008375e+00        1.569744180113686119e-02
4.840019999999999989e+00        1.374542676888023784e+00        1.524513703782683950e-02
4.850019999999999776e+00        1.373693790998766984e+00        1.475819220569843208e-02
4.860019999999999563e+00        1.372917030202255084e+00        1.436523543057082776e-02
4.870020000000000238e+00        1.372101400524475379e+00        1.398025540166083006e-02
4.880020000000000024e+00        1.371240455975116346e+00        1.366736631809282662e-02
4.890019999999999811e+00        1.370413561610470676e+00        1.324490313079657207e-02
4.900019999999999598e+00        1.369543044713095181e+00        1.286721891282760315e-02
4.910020000000000273e+00        1.368697728871605346e+00        1.260864331986934900e-02
4.920020000000000060e+00        1.367804531725171246e+00        1.231771169169520487e-02
4.930019999999999847e+00        1.366887171973218518e+00        1.200746952914836380e-02
4.940019999999999634e+00        1.365987543572004581e+00        1.171269721573787136e-02
4.950020000000000309e+00        1.365113859836793342e+00        1.150111272428226000e-02
4.960020000000000095e+00        1.364162983851402666e+00        1.138297233282789707e-02
4.970019999999999882e+00        1.363163280199723104e+00        1.115837156203582266e-02
4.980019999999999669e+00        1.362237304702390794e+00        1.088429265908711502e-02
4.990020000000000344e+00        1.361323350940099930e+00        1.087156935449249892e-02
