# wav(mic), n, k, crys 50 K
2.999999999999999889e-01        1.283085899999999890e+00        1.485990499999999905e-10
3.099999999999999978e-01        1.283085899999999890e+00        1.485990499999999905e-10
3.200000000000000067e-01        1.283085899999999890e+00        1.485990499999999905e-10
3.300000000000000155e-01        1.283085899999999890e+00        1.485990499999999905e-10
3.400000000000000244e-01        1.283085899999999890e+00        1.485990499999999905e-10
3.499999999999999778e-01        1.283085899999999890e+00        1.485990499999999905e-10
3.599999999999999867e-01        1.283085899999999890e+00        1.485990499999999905e-10
3.699999999999999956e-01        1.283085899999999890e+00        1.485990499999999905e-10
3.800000000000000044e-01        1.283085899999999890e+00        1.485990499999999905e-10
3.900000000000000133e-01        1.283085899999999890e+00        1.485990499999999905e-10
4.000000000000000222e-01        1.283085899999999890e+00        1.485990499999999905e-10
4.099999999999999756e-01        1.283085899999999890e+00        1.485990499999999905e-10
4.199999999999999845e-01        1.283085899999999890e+00        1.485990499999999905e-10
4.299999999999999933e-01        1.283085899999999890e+00        1.485990499999999905e-10
4.400000000000000022e-01        1.283085899999999890e+00        1.485990499999999905e-10
4.500000000000000111e-01        1.283085899999999890e+00        1.485990499999999905e-10
4.600000000000000200e-01        1.283085899999999890e+00        1.485990499999999905e-10
4.699999999999999734e-01        1.283085899999999890e+00        1.485990499999999905e-10
4.799999999999999822e-01        1.283085899999999890e+00        1.485990499999999905e-10
4.899999999999999911e-01        1.283085899999999890e+00        1.485990499999999905e-10
5.000000000000000000e-01        1.283085899999999890e+00        1.485990499999999905e-10
5.100000000000000089e-01        1.283085899999999890e+00        1.485990499999999905e-10
5.200000000000000178e-01        1.283085899999999890e+00        1.485990499999999905e-10
5.300000000000000266e-01        1.283085899999999890e+00        1.485990499999999905e-10
5.400000000000000355e-01        1.283085899999999890e+00        1.485990499999999905e-10
5.500000000000000444e-01        1.283085899999999890e+00        1.485990499999999905e-10
5.600000000000000533e-01        1.283085899999999890e+00        1.485990499999999905e-10
5.699999999999999512e-01        1.283085899999999890e+00        1.485990499999999905e-10
5.799999999999999600e-01        1.283085899999999890e+00        1.485990499999999905e-10
5.899999999999999689e-01        1.283085899999999890e+00        1.485990499999999905e-10
5.999999999999999778e-01        1.283085899999999890e+00        1.485990499999999905e-10
6.099999999999999867e-01        1.283085899999999890e+00        1.485990499999999905e-10
6.199999999999999956e-01        1.283085899999999890e+00        1.485990499999999905e-10
6.300000000000000044e-01        1.283085899999999890e+00        1.485990499999999905e-10
6.400000000000000133e-01        1.283085899999999890e+00        1.485990499999999905e-10
6.500000000000000222e-01        1.283085899999999890e+00        1.485990499999999905e-10
6.600000000000000311e-01        1.283085899999999890e+00        1.485990499999999905e-10
6.700000000000000400e-01        1.283085899999999890e+00        1.485990499999999905e-10
6.800000000000000488e-01        1.283085899999999890e+00        1.485990499999999905e-10
6.899999999999999467e-01        1.283085899999999890e+00        1.485990499999999905e-10
6.999999999999999556e-01        1.283085899999999890e+00        1.485990499999999905e-10
7.099999999999999645e-01        1.283085899999999890e+00        1.485990499999999905e-10
7.199999999999999734e-01        1.283085899999999890e+00        1.485990499999999905e-10
7.299999999999999822e-01        1.283085899999999890e+00        1.485990499999999905e-10
7.399999999999999911e-01        1.283085899999999890e+00        1.485990499999999905e-10
7.500000000000000000e-01        1.283085899999999890e+00        1.485990499999999905e-10
7.600000000000000089e-01        1.283085899999999890e+00        1.485990499999999905e-10
7.700000000000000178e-01        1.283085899999999890e+00        1.485990499999999905e-10
7.800000000000000266e-01        1.283085899999999890e+00        1.485990499999999905e-10
7.900000000000000355e-01        1.283085899999999890e+00        1.485990499999999905e-10
8.000000000000000444e-01        1.283085899999999890e+00        1.485990499999999905e-10
8.100000000000000533e-01        1.283085899999999890e+00        1.485990499999999905e-10
8.199999999999999512e-01        1.283085899999999890e+00        1.485990499999999905e-10
8.299999999999999600e-01        1.283085899999999890e+00        1.485990499999999905e-10
8.399999999999999689e-01        1.283085899999999890e+00        1.485990499999999905e-10
8.499999999999999778e-01        1.283085899999999890e+00        1.485990499999999905e-10
8.599999999999999867e-01        1.283085899999999890e+00        1.485990499999999905e-10
8.699999999999999956e-01        1.283085899999999890e+00        1.485990499999999905e-10
8.800000000000000044e-01        1.283085899999999890e+00        1.485990499999999905e-10
8.900000000000000133e-01        1.283085899999999890e+00        1.485990499999999905e-10
9.000000000000000222e-01        1.283085899999999890e+00        1.485990499999999905e-10
9.100000000000000311e-01        1.283085899999999890e+00        1.485990499999999905e-10
9.200000000000000400e-01        1.283085899999999890e+00        1.485990499999999905e-10
9.300000000000000488e-01        1.283085899999999890e+00        1.485990499999999905e-10
9.399999999999999467e-01        1.283085899999999890e+00        1.485990499999999905e-10
9.499999999999999556e-01        1.283085899999999890e+00        1.485990499999999905e-10
9.599999999999999645e-01        1.283085899999999890e+00        1.485990499999999905e-10
9.699999999999999734e-01        1.283085899999999890e+00        1.485990499999999905e-10
9.799999999999999822e-01        1.283085899999999890e+00        1.485990499999999905e-10
9.899999999999999911e-01        1.283085899999999890e+00        1.485990499999999905e-10
1.000000000000000000e+00        1.283085899999999890e+00        1.485990499999999905e-10
1.010000000000000009e+00        1.283085899999999890e+00        1.485990499999999905e-10
1.020000000000000018e+00        1.283085899999999890e+00        1.485990499999999905e-10
1.030000000000000027e+00        1.283085899999999890e+00        1.485990499999999905e-10
1.040000000000000036e+00        1.283085899999999890e+00        1.485990499999999905e-10
1.050000000000000044e+00        1.283085899999999890e+00        1.485990499999999905e-10
1.060000000000000053e+00        1.283085899999999890e+00        1.485990499999999905e-10
1.070000000000000062e+00        1.283085899999999890e+00        1.485990499999999905e-10
1.080000000000000071e+00        1.283085899999999890e+00        1.485990499999999905e-10
1.090000000000000080e+00        1.283085899999999890e+00        1.485990499999999905e-10
1.100000000000000089e+00        1.283085899999999890e+00        1.485990499999999905e-10
1.110000000000000098e+00        1.283087872700000132e+00        1.332476016324590839e-06
1.120000000000000107e+00        1.282970444793388287e+00        1.989437055867707556e-06
1.129999999999999893e+00        1.282825659124087636e+00        2.559019657149244903e-07
1.139999999999999902e+00        1.282679241626794253e+00        3.917337064787542694e-07
1.149999999999999911e+00        1.282529117541111985e+00        6.065603527794049959e-07
1.159999999999999920e+00        1.282378575192604009e+00        5.000966122341875826e-06
1.169999999999999929e+00        1.282228291824375477e+00        8.713003055185369791e-06
1.179999999999999938e+00        1.282075703571428527e+00        6.382719783928871764e-06
1.189999999999999947e+00        1.281918548573518724e+00        8.029904960497655757e-06
1.199999999999999956e+00        1.281760242836573083e+00        1.132807317782580589e-05
1.209999999999999964e+00        1.281603696390658076e+00        1.406105244586005111e-05
1.219999999999999973e+00        1.281442178830083600e+00        1.149061003621167536e-05
1.229999999999999982e+00        1.281276730410958908e+00        1.034109862739717139e-05
1.239999999999999991e+00        1.281108977897573942e+00        1.087448890431306021e-05
1.250000000000000000e+00        1.280940540318302290e+00        1.144126761671065841e-05
1.260000000000000009e+00        1.280770270430809266e+00        1.158164768668423806e-05
1.270000000000000018e+00        1.280595568380462845e+00        8.286886898714645856e-06
1.280000000000000027e+00        1.280416135104364361e+00        7.885745365085238483e-06
1.290000000000000036e+00        1.280234264134495703e+00        8.799922069738477762e-06
1.300000000000000044e+00        1.280051692335990143e+00        8.636324698957836954e-06
1.310000000000000053e+00        1.279866772946859799e+00        7.386767546859899333e-06
1.320000000000000062e+00        1.279675761474435181e+00        3.799756879785956777e-06
1.330000000000000071e+00        1.279479333391915663e+00        3.525907855770448252e-06
1.340000000000000080e+00        1.279279396826312754e+00        6.587845691921599473e-06
1.350000000000000089e+00        1.279079130716723522e+00        1.014411879692805080e-05
1.360000000000000098e+00        1.278876538901345228e+00        1.115118515134590886e-05
1.370000000000000107e+00        1.278666453506350109e+00        9.678816046659221556e-06
1.379999999999999893e+00        1.278446742872687780e+00        1.734245351251328027e-05
1.389999999999999902e+00        1.278237335924932827e+00        1.790883230670245929e-05
1.399999999999999911e+00        1.278007876679005950e+00        2.524867036012690526e-05
1.409999999999999920e+00        1.277775616944734072e+00        3.670848971689251406e-05
1.419999999999999929e+00        1.277535653597122289e+00        5.351809143525153284e-05
1.429999999999999938e+00        1.277287579067410084e+00        7.879894488393273386e-05
1.439999999999999947e+00        1.277032406896551731e+00        1.226300599999994992e-04
1.449999999999999956e+00        1.276783062888122267e+00        1.915061648743214225e-04
1.459999999999999964e+00        1.276556994312104898e+00        2.834048326981034082e-04
1.469999999999999973e+00        1.276369339328537134e+00        3.795386492086323389e-04
1.479999999999999982e+00        1.276218964143803314e+00        4.530242201135285915e-04
1.489999999999999991e+00        1.276083310364145795e+00        4.826380866666666507e-04
1.500000000000000000e+00        1.275930827360663322e+00        4.728963448318747450e-04
1.510000000000000009e+00        1.275751796181818110e+00        4.490542463999999592e-04
1.520000000000000018e+00        1.275552278923766769e+00        4.237420903587443680e-04
1.530000000000000027e+00        1.275343094953519385e+00        4.009117592120406718e-04
1.540000000000000036e+00        1.275128568807339491e+00        3.751957062909565895e-04
1.550000000000000044e+00        1.274905963848144808e+00        3.436266692493527468e-04
1.560000000000000053e+00        1.274670726575809043e+00        3.056564932453146709e-04
1.570000000000000062e+00        1.274420103153910855e+00        2.650053092304455182e-04
1.580000000000000071e+00        1.274152057243669534e+00        2.275931537733497133e-04
1.590000000000000080e+00        1.273871337884378896e+00        1.999272227552273754e-04
1.600000000000000089e+00        1.273584195951416920e+00        1.845415772064773919e-04
1.610000000000000098e+00        1.273296356097560977e+00        1.787036636585366274e-04
1.620000000000000107e+00        1.273013288467614412e+00        1.772240495892573654e-04
1.629999999999999893e+00        1.272732462426843458e+00        1.732815391494342007e-04
1.639999999999999902e+00        1.272451178120184823e+00        1.629600187365180320e-04
1.649999999999999911e+00        1.272162785382565664e+00        1.461086856604492529e-04
1.659999999999999920e+00        1.271864246784505381e+00        1.262371982173750133e-04
1.669999999999999929e+00        1.271554450650315804e+00        1.055728325715350686e-04
1.679999999999999938e+00        1.271235493206022582e+00        8.887667699706252981e-05
1.689999999999999947e+00        1.270909491509434108e+00        7.596504506966621532e-05
1.699999999999999956e+00        1.270578859935437510e+00        6.650625306025820368e-05
1.709999999999999964e+00        1.270243308681785921e+00        5.812319057087172455e-05
1.719999999999999973e+00        1.269902040560420220e+00        4.991515299474612994e-05
1.729999999999999982e+00        1.269554300415368653e+00        4.329178165351334825e-05
1.739999999999999991e+00        1.269199870797671936e+00        3.742648696439573170e-05
1.750000000000000000e+00        1.268838901489001580e+00        3.289349000609139887e-05
1.760000000000000009e+00        1.268471103847440551e+00        2.977837149447977590e-05
1.770000000000000018e+00        1.268096499272486799e+00        2.789241484920635156e-05
1.780000000000000027e+00        1.267714708698495674e+00        2.734910409614126821e-05
1.790000000000000036e+00        1.267325527628599291e+00        2.806322102329343319e-05
1.800000000000000044e+00        1.266928601279181388e+00        3.009014278509753902e-05
1.810000000000000053e+00        1.266523428503638193e+00        3.327655830559952385e-05
1.820000000000000062e+00        1.266109316421645259e+00        3.762410011041604827e-05
1.830000000000000071e+00        1.265685325309406029e+00        4.326114629641090341e-05
1.840000000000000080e+00        1.265250190909090966e+00        5.005482107070706937e-05
1.850000000000000089e+00        1.264801461417322859e+00        5.800412144881891981e-05
1.860000000000000098e+00        1.264333286878370322e+00        6.698603849610563457e-05
1.870000000000000107e+00        1.263835037166567865e+00        9.525807939834076842e-05
1.879999999999999893e+00        1.263355564028144196e+00        1.511527229991202275e-04
1.889999999999999902e+00        1.262827392892370115e+00        1.933540006353342796e-04
1.899999999999999911e+00        1.262286324138920834e+00        2.882518722416764034e-04
1.909999999999999920e+00        1.261744659943181857e+00        4.298167383948854571e-04
1.919999999999999929e+00        1.261231232921000922e+00        6.238924687039645520e-04
1.929999999999999938e+00        1.260771200834724493e+00        8.498150558681134880e-04
1.939999999999999947e+00        1.260376728303964855e+00        1.073174215033037256e-03
1.949999999999999956e+00        1.260034181035422307e+00        1.260308842888282306e-03
1.959999999999999964e+00        1.259712445292689553e+00        1.395252623388184860e-03
1.969999999999999973e+00        1.259388868491321700e+00        1.487485794659545828e-03
1.979999999999999982e+00        1.259054539651070614e+00        1.547954209199048315e-03
1.989999999999999991e+00        1.258708583381313861e+00        1.584267824234493471e-03
2.000000000000000000e+00        1.258352449145077712e+00        1.598564940544041539e-03
2.009999999999999787e+00        1.257984348114901341e+00        1.588638189330597930e-03
2.020000000000000018e+00        1.257600500609446392e+00        1.554169919197562677e-03
2.029999999999999805e+00        1.257194218732712976e+00        1.495934727885341606e-03
2.040000000000000036e+00        1.256761971115537779e+00        1.417432873904382606e-03
2.049999999999999822e+00        1.256298131730769319e+00        1.322323897140042408e-03
2.060000000000000053e+00        1.255802324084025479e+00        1.215522172447485675e-03
2.069999999999999840e+00        1.255273004787234026e+00        1.101714677659577056e-03
2.080000000000000071e+00        1.254709294923371576e+00        9.842317156393645163e-04
2.089999999999999858e+00        1.254110983914590749e+00        8.677253039905108954e-04
2.100000000000000089e+00        1.253478754135338269e+00        7.581533593421048087e-04
2.109999999999999876e+00        1.252817301373690295e+00        6.581450729010510352e-04
2.120000000000000107e+00        1.252129058045182264e+00        5.713718788289532833e-04
2.129999999999999893e+00        1.251418017953403350e+00        4.961191766285983013e-04
2.140000000000000124e+00        1.250687748890900952e+00        4.337372332616569633e-04
2.149999999999999911e+00        1.249938556556825731e+00        3.804797030396783676e-04
2.160000000000000142e+00        1.249172933007552277e+00        3.364792367258993963e-04
2.169999999999999929e+00        1.248389647821302795e+00        2.995612812874118205e-04
2.180000000000000160e+00        1.247589102442215436e+00        2.695323753139990163e-04
2.189999999999999947e+00        1.246771023482393437e+00        2.459054327133292366e-04
2.200000000000000178e+00        1.245934077746840840e+00        2.275023760484041449e-04
2.209999999999999964e+00        1.245079442032675621e+00        2.141270479842987632e-04
2.220000000000000195e+00        1.244206489129520588e+00        2.057379236984860523e-04
2.229999999999999982e+00        1.243313388000000019e+00        2.012518818750002182e-04
2.240000000000000213e+00        1.242400274478628885e+00        2.001324911480487187e-04
2.250000000000000000e+00        1.241464808372569006e+00        2.029031604667348352e-04
2.259999999999999787e+00        1.240507609699675440e+00        2.087329768587661524e-04
2.270000000000000018e+00        1.239525920828307148e+00        2.184754675392041137e-04
2.279999999999999805e+00        1.238520362694300658e+00        2.334752043523312772e-04
2.290000000000000036e+00        1.237490331785855435e+00        2.529730366041086655e-04
2.299999999999999822e+00        1.236436032268808827e+00        2.782774770905167296e-04
2.310000000000000053e+00        1.235358241359223230e+00        3.079829533398061253e-04
2.319999999999999840e+00        1.234255299191374666e+00        3.395700657951474639e-04
2.330000000000000071e+00        1.233125914907425180e+00        3.738752308303115919e-04
2.339999999999999858e+00        1.231969323353520052e+00        4.079713479863735772e-04
2.350000000000000089e+00        1.230783375136047963e+00        4.435628018371173668e-04
2.359999999999999876e+00        1.229566802641369083e+00        4.785558310007429644e-04
2.370000000000000107e+00        1.228318150544380760e+00        5.110824392895371975e-04
2.379999999999999893e+00        1.227034260362172891e+00        5.407230524291200798e-04
2.390000000000000124e+00        1.225711256839622676e+00        5.662008303918724447e-04
2.399999999999999911e+00        1.224345244872256044e+00        5.872965775134937963e-04
2.410000000000000142e+00        1.222933163586083838e+00        6.047739695843000734e-04
2.419999999999999929e+00        1.221471361464968153e+00        6.202480302547766586e-04
2.430000000000000160e+00        1.219957637170937303e+00        6.349644779010179272e-04
2.439999999999999947e+00        1.218389069509223877e+00        6.474665408736510674e-04
2.450000000000000178e+00        1.216762217575966920e+00        6.609972829488949733e-04
2.459999999999999964e+00        1.215074190923103314e+00        6.746211923531423432e-04
2.470000000000000195e+00        1.213322344546381215e+00        6.883351570336393357e-04
2.479999999999999982e+00        1.211505098382476886e+00        7.045110947447345232e-04
2.490000000000000213e+00        1.209620410295838111e+00        7.172707422380078133e-04
2.500000000000000000e+00        1.207661041156970150e+00        7.215944953920104977e-04
2.509999999999999787e+00        1.205616538674124216e+00        7.176738671113671360e-04
2.520000000000000018e+00        1.203477608402675925e+00        7.058399369701420876e-04
2.529999999999999805e+00        1.201234303285853011e+00        6.864301366315964711e-04
2.540000000000000036e+00        1.198877611130742205e+00        6.618652177867009791e-04
2.549999999999999822e+00        1.196395158183267027e+00        6.357865706486064399e-04
2.560000000000000053e+00        1.193776857542694581e+00        6.123022868690700636e-04
2.569999999999999840e+00        1.191014438190088010e+00        5.932027390872021688e-04
2.580000000000000071e+00        1.188093923435066923e+00        5.827794041778261479e-04
2.589999999999999858e+00        1.185000738023165967e+00        5.803893400478763072e-04
2.600000000000000089e+00        1.181717512540242154e+00        5.911896461536104291e-04
2.609999999999999876e+00        1.178221903636087031e+00        6.142158276038334327e-04
2.620000000000000107e+00        1.174479815614617895e+00        6.522737649139241731e-04
2.629999999999999893e+00        1.170441225445559397e+00        7.038104158933652368e-04
2.640000000000000124e+00        1.165953953152885081e+00        8.929049893649717044e-04
2.649999999999999911e+00        1.161210862435424263e+00        1.426534891586715400e-03
2.660000000000000142e+00        1.156378902460456715e+00        2.054802361277109028e-03
2.669999999999999929e+00        1.151149831230925846e+00        2.667529414227564656e-03
2.680000000000000160e+00        1.145528604357235469e+00        3.713164280435755048e-03
2.689999999999999947e+00        1.139837231471136025e+00        5.130242675920336330e-03
2.700000000000000178e+00        1.133212354917566778e+00        7.073145039681648025e-03
2.709999999999999964e+00        1.128801427059819229e+00        8.636833200211605985e-03
2.720000000000000195e+00        1.121231091428571247e+00        8.828083296288542769e-03
2.729999999999999982e+00        1.113039883191992319e+00        1.111470071903237523e-02
2.740000000000000213e+00        1.104661533673751084e+00        1.378468059619105020e-02
2.750000000000000000e+00        1.095876154714912287e+00        1.726042618804824250e-02
2.759999999999999787e+00        1.086593339387755375e+00        2.136929431632643428e-02
2.770000000000000018e+00        1.076844758925195711e+00        2.626043502862545828e-02
2.779999999999999805e+00        1.066713497237495423e+00        3.229588381306131711e-02
2.790000000000000036e+00        1.056307747003994768e+00        3.926350874194396018e-02
2.799999999999999822e+00        1.045775498533104253e+00        4.725725422981352092e-02
2.810000000000000053e+00        1.034765622230971127e+00        5.610864191233602000e-02
2.819999999999999840e+00        1.023061824338762360e+00        6.639157959491842620e-02
2.830000000000000071e+00        1.010937672053305869e+00        7.867550588484915897e-02
2.839999999999999858e+00        9.988190862448615981e-01        9.319987167921338356e-02
2.850000000000000089e+00        9.871246695599488197e-01        1.102099726977042865e-01
2.859999999999999876e+00        9.762001282169558980e-01        1.299646734951211413e-01
2.870000000000000107e+00        9.670900722294913932e-01        1.525879126673383712e-01
2.879999999999999893e+00        9.605612746115413936e-01        1.778377119023231701e-01
2.890000000000000124e+00        9.573512270145179137e-01        2.049787540823929111e-01
2.899999999999999911e+00        9.579087663014542731e-01        2.328786878456990950e-01
2.910000000000000142e+00        9.620806799535112086e-01        2.608564439197457729e-01
2.919999999999999929e+00        9.695861287519746963e-01        2.878531666034752634e-01
2.930000000000000160e+00        9.797552121438919404e-01        3.133604150289716617e-01
2.939999999999999947e+00        9.919353405706751170e-01        3.371572354513849290e-01
2.950000000000000178e+00        1.005512508382948589e+00        3.590114350130985121e-01
2.959999999999999964e+00        1.019588245884578859e+00        3.792986818543044869e-01
2.970000000000000195e+00        1.033717343798450150e+00        3.987205177777784493e-01
2.979999999999999982e+00        1.047627467296918580e+00        4.179666607843133819e-01
2.990000000000000213e+00        1.061899761010663301e+00        4.381945124119152046e-01
3.000000000000000000e+00        1.077320397408729757e+00        4.599275031601982588e-01
3.009999999999999787e+00        1.095005318060161992e+00        4.835262173395853402e-01
3.020000000000000018e+00        1.116452157245141574e+00        5.087360160211388260e-01
3.029999999999999805e+00        1.143339957397584428e+00        5.344533142771692447e-01
3.040000000000000036e+00        1.176506043574792271e+00        5.587648105449650737e-01
3.049999999999999822e+00        1.215926202540106971e+00        5.791103927941175789e-01
3.060000000000000053e+00        1.260373200343110955e+00        5.929173415938020497e-01
3.069999999999999840e+00        1.307099670595996299e+00        5.989260095447548338e-01
3.080000000000000071e+00        1.353724895684474738e+00        5.971572170785535150e-01
3.089999999999999858e+00        1.398075024658128829e+00        5.889749338050792593e-01
3.100000000000000089e+00        1.439715361505284452e+00        5.758199765430231931e-01
3.109999999999999876e+00        1.478171166666665703e+00        5.589471389417314251e-01
3.120000000000000107e+00        1.513717764842419156e+00        5.392507195517460827e-01
3.129999999999999893e+00        1.546750526750581001e+00        5.169840866765395004e-01
3.140000000000000124e+00        1.577566679970561214e+00        4.923240340342754373e-01
3.149999999999999911e+00        1.605898276315789852e+00        4.651711606578943781e-01
3.160000000000000142e+00        1.631684885281296182e+00        4.352241677994591607e-01
3.169999999999999929e+00        1.654154064645839695e+00        4.026732060088670795e-01
3.180000000000000160e+00        1.672950236072966002e+00        3.678172298524282069e-01
3.189999999999999947e+00        1.687399847025870647e+00        3.310496977062542534e-01
3.200000000000000178e+00        1.697176662071059994e+00        2.932238023048889253e-01
3.209999999999999964e+00        1.702137222925258930e+00        2.550840946212663551e-01
3.220000000000000195e+00        1.701989892171565710e+00        2.171543649100165785e-01
3.229999999999999982e+00        1.696829416989568129e+00        1.805637047540991358e-01
3.240000000000000213e+00        1.686660063227016781e+00        1.462345085928703214e-01
3.250000000000000000e+00        1.671971779395604374e+00        1.155633440109891941e-01
3.259999999999999787e+00        1.653970226735570037e+00        8.962577418876820079e-02
3.270000000000000018e+00        1.634387544152698046e+00        6.889266943009376976e-02
3.279999999999999805e+00        1.614640232854803736e+00        5.300342223518690610e-02
3.290000000000000036e+00        1.595882005840114637e+00        4.103630431641916432e-02
3.299999999999999822e+00        1.578508643679254808e+00        3.202860774403144123e-02
3.310000000000000053e+00        1.562698045587817886e+00        2.526034160739612511e-02
3.319999999999999840e+00        1.548436494103818006e+00        2.009352368280986276e-02
3.330000000000000071e+00        1.535529682115492456e+00        1.607767726462343977e-02
3.339999999999999858e+00        1.523820736655829400e+00        1.295816520873209476e-02
3.350000000000000089e+00        1.513142874769117130e+00        1.042314542519394080e-02
3.359999999999999876e+00        1.503372472432779938e+00        8.439528578296832256e-03
3.370000000000000107e+00        1.494412575868989901e+00        6.908352902426746593e-03
3.379999999999999893e+00        1.486209313241429353e+00        5.619893068492661133e-03
3.390000000000000124e+00        1.478661305680281091e+00        4.589116132458729604e-03
3.399999999999999911e+00        1.471649322255086600e+00        3.782878856690875292e-03
3.410000000000000142e+00        1.465107171692060950e+00        3.132818963699538460e-03
3.419999999999999929e+00        1.458989516369917805e+00        2.570258001195860863e-03
3.430000000000000160e+00        1.453236237184115431e+00        2.271020408831558781e-03
3.439999999999999947e+00        1.448026413979153881e+00        2.091367812314975493e-03
3.450000000000000178e+00        1.443146466594114496e+00        1.916468831490510290e-03
3.459999999999999964e+00        1.438520670064906914e+00        1.748690357749892437e-03
3.470000000000000195e+00        1.434211295196694325e+00        1.652765265808725341e-03
3.479999999999999982e+00        1.430156182459142666e+00        1.596390208796098081e-03
3.490000000000000213e+00        1.426323416544680756e+00        1.577695730365952448e-03
3.500000000000000000e+00        1.422679723811537844e+00        1.545885344713245893e-03
3.509999999999999787e+00        1.419237739946155097e+00        1.572353871453819772e-03
3.520000000000000018e+00        1.416040060556902791e+00        1.637838950714943804e-03
3.529999999999999805e+00        1.412910154491018089e+00        1.659608336526928853e-03
3.540000000000000036e+00        1.410021343995037313e+00        1.712354980918113796e-03
3.549999999999999822e+00        1.407232253242910014e+00        1.710550674771885420e-03
3.560000000000000053e+00        1.404563900506867302e+00        1.775978311600720375e-03
3.569999999999999840e+00        1.402008650004065382e+00        1.789784727140420134e-03
3.580000000000000071e+00        1.399543293935473276e+00        1.816039978175790562e-03
3.589999999999999858e+00        1.397197102894821574e+00        1.843220031714377450e-03
3.600000000000000089e+00        1.394894090059181080e+00        1.855655437667947131e-03
3.609999999999999876e+00        1.392724012939398737e+00        1.903462181668522319e-03
3.620000000000000107e+00        1.390579802965598910e+00        1.930490322657181122e-03
3.629999999999999893e+00        1.388564557557407930e+00        1.954489189973265210e-03
3.640000000000000124e+00        1.386563324741945546e+00        2.003504180575539466e-03
3.649999999999999911e+00        1.384637725460766688e+00        2.052112351294812717e-03
3.660000000000000142e+00        1.382782887974928432e+00        2.118561456542612017e-03
3.669999999999999929e+00        1.381000132661383439e+00        2.122550466553822009e-03
3.680000000000000160e+00        1.379208589594491219e+00        2.144409162662592495e-03
3.689999999999999947e+00        1.377529107041717493e+00        2.168010310414132495e-03
3.700000000000000178e+00        1.375838291454091200e+00        2.212806417697374406e-03
3.709999999999999964e+00        1.374173232681017653e+00        2.291803654403130885e-03
3.720000000000000195e+00        1.372545589343218797e+00        2.276736089343218711e-03
3.729999999999999982e+00        1.370900402449557021e+00        2.317706683493409546e-03
3.740000000000000213e+00        1.369276755707830251e+00        2.475767682176460965e-03
3.750000000000000000e+00        1.367714650689172196e+00        2.643248779398542185e-03
3.759999999999999787e+00        1.366226353964531848e+00        2.824400185783377745e-03
3.770000000000000018e+00        1.364772994750273361e+00        3.068866512898283262e-03
3.779999999999999805e+00        1.363371284113166437e+00        3.307304381574163385e-03
3.790000000000000036e+00        1.362015369928555986e+00        3.495990127148730815e-03
3.799999999999999822e+00        1.360704373461041783e+00        3.732294689776150844e-03
3.810000000000000053e+00        1.359405929809408331e+00        3.970788075173106724e-03
3.819999999999999840e+00        1.358167071793779268e+00        4.246651019130801702e-03
3.830000000000000071e+00        1.356989357979512478e+00        4.519074516637230921e-03
3.839999999999999858e+00        1.355823965764689332e+00        4.779174888114981479e-03
3.850000000000000089e+00        1.354742542277843853e+00        5.033501505963790951e-03
3.859999999999999876e+00        1.353625667380720543e+00        5.310627887633877914e-03
3.870000000000000107e+00        1.352567654241627393e+00        5.594259830279546368e-03
3.879999999999999893e+00        1.351534376679515370e+00        5.865149576060018320e-03
3.890000000000000124e+00        1.350529473036631289e+00        6.133724230797670159e-03
3.899999999999999911e+00        1.349556827530309144e+00        6.384990963894567571e-03
3.910000000000000142e+00        1.348640995755356675e+00        6.655592627495252912e-03
3.919999999999999929e+00        1.347683950947595521e+00        6.939647736871922164e-03
3.930000000000000160e+00        1.346747758406011020e+00        7.209858325680943564e-03
3.939999999999999947e+00        1.345874931251251239e+00        7.457045651111113629e-03
3.950000000000000178e+00        1.344989523787697649e+00        7.750399589484521790e-03
3.959999999999999964e+00        1.344132139434386142e+00        8.057094640650189904e-03
3.970000000000000195e+00        1.343302116535122437e+00        8.362893866673253712e-03
3.979999999999999982e+00        1.342468895001962537e+00        8.667809674473369794e-03
3.990000000000000213e+00        1.341675426605504651e+00        8.958986270642206942e-03
4.000000000000000000e+00        1.340896676960943168e+00        9.273390342489801555e-03
4.009999999999999787e+00        1.340161170466120932e+00        9.664512411533741215e-03
4.019999999999999574e+00        1.339438337689151215e+00        9.967828315542423545e-03
4.030000000000000249e+00        1.338724118994128132e+00        1.027351544345162133e-02
4.040000000000000036e+00        1.338047003103973731e+00        1.067084746153357591e-02
4.049999999999999822e+00        1.337428512654788904e+00        1.102685636467020183e-02
4.059999999999999609e+00        1.336809819298245605e+00        1.135500335087715959e-02
4.070000000000000284e+00        1.336249841188242637e+00        1.167782746103815904e-02
4.080000000000000071e+00        1.335669662616706166e+00        1.197156763625045403e-02
4.089999999999999858e+00        1.335144475455333879e+00        1.230620404782555022e-02
4.099999999999999645e+00        1.334633804396078594e+00        1.259316592724578701e-02
4.110000000000000320e+00        1.334110871606529081e+00        1.282159647680412851e-02
4.120000000000000107e+00        1.333574987492365915e+00        1.311537981659947200e-02
4.129999999999999893e+00        1.333066163595505671e+00        1.330158024719100933e-02
4.139999999999999680e+00        1.332555446485343076e+00        1.354759873091568485e-02
4.150000000000000355e+00        1.332003411862367592e+00        1.378786351497836467e-02
4.160000000000000142e+00        1.331473290146072630e+00        1.401143078855364085e-02
4.169999999999999929e+00        1.330924305987488898e+00        1.425288556747094509e-02
4.179999999999999716e+00        1.330362751672002908e+00        1.453718886108146778e-02
4.190000000000000391e+00        1.329791219264810032e+00        1.478114002525374865e-02
4.200000000000000178e+00        1.329221551336898344e+00        1.512967456314273998e-02
4.209999999999999964e+00        1.328651185157894821e+00        1.545802403263157009e-02
4.219999999999999751e+00        1.328099251969970362e+00        1.583396433742649892e-02
4.230000000000000426e+00        1.327603757927959149e+00        1.617122868496643703e-02
4.240000000000000213e+00        1.327015232685990975e+00        1.655704956687603646e-02
4.250000000000000000e+00        1.326322673393021123e+00        1.699631187764005444e-02
4.259999999999999787e+00        1.325584714083380966e+00        1.782833174014843494e-02
4.269999999999999574e+00        1.325683531772461121e+00        2.008057977325666127e-02
4.280000000000000249e+00        1.326741585472743568e+00        1.832175394463922413e-02
4.290000000000000036e+00        1.325775956546713985e+00        1.865580938976180159e-02
4.299999999999999822e+00        1.325217652050879824e+00        1.906907461072508692e-02
4.309999999999999609e+00        1.324792645399252233e+00        1.950877140332568649e-02
4.320000000000000284e+00        1.324389762309827745e+00        2.002366634069962029e-02
4.330000000000000071e+00        1.324095659308819339e+00        2.052076300934476891e-02
4.339999999999999858e+00        1.323766145271497052e+00        2.104904803410903927e-02
4.349999999999999645e+00        1.323514584879197820e+00        2.159939894543359828e-02
4.360000000000000320e+00        1.323339626737530583e+00        2.215263637912237918e-02
4.370009999999999728e+00        1.323176093415838750e+00        2.274682370873363710e-02
4.380010000000000403e+00        1.323085160499027912e+00        2.333718049481531623e-02
4.390010000000000190e+00        1.323045533890830905e+00        2.395626928448510787e-02
4.400009999999999977e+00        1.323104803370786620e+00        2.450953861423219027e-02
4.410009999999999764e+00        1.323156945495231440e+00        2.506375901337312348e-02
4.420010000000000439e+00        1.323265545453580883e+00        2.563033053644565504e-02
4.430010000000000225e+00        1.323492253087722892e+00        2.621609939670642778e-02
4.440010000000000012e+00        1.323767530004730242e+00        2.672882090991749587e-02
4.450009999999999799e+00        1.324110574064576884e+00        2.718093898953371362e-02
4.460009999999999586e+00        1.324519062255106183e+00        2.759806078887033776e-02
4.470010000000000261e+00        1.324960024795060809e+00        2.798527538533778641e-02
4.480010000000000048e+00        1.325470680515123290e+00        2.823410164994322527e-02
4.490009999999999835e+00        1.326020248481422525e+00        2.847142462629117729e-02
4.500009999999999621e+00        1.326610779308227572e+00        2.857771930085960602e-02
4.510010000000000296e+00        1.327207737833707046e+00        2.860685435785611380e-02
4.520010000000000083e+00        1.327806832849751428e+00        2.855768373369179172e-02
4.530009999999999870e+00        1.328386361698904006e+00        2.835181129958082649e-02
4.540009999999999657e+00        1.328916392588122886e+00        2.814305103952331050e-02
4.550010000000000332e+00        1.329466018949634565e+00        2.781362146520475684e-02
4.560010000000000119e+00        1.329926412700628058e+00        2.741243593779283533e-02
4.570009999999999906e+00        1.330367089107240330e+00        2.697107159788596914e-02
4.580009999999999692e+00        1.330760481417984087e+00        2.645754793325099871e-02
4.590010000000000367e+00        1.331060070373831783e+00        2.587585909316278063e-02
4.600010000000000154e+00        1.331305024231145939e+00        2.529313066782564595e-02
4.610009999999999941e+00        1.331498682307054704e+00        2.464125873102237727e-02
4.620009999999999728e+00        1.331632690579041878e+00        2.398775276765523212e-02
4.630010000000000403e+00        1.331689076738342470e+00        2.331620348171052626e-02
4.640010000000000190e+00        1.331663396480331274e+00        2.264977219668736635e-02
4.650009999999999977e+00        1.331608893365928470e+00        2.202747916172948656e-02
4.660009999999999764e+00        1.331506807682397264e+00        2.135079705506513423e-02
4.670010000000000439e+00        1.331365990352002315e+00        2.073965788314091618e-02
4.680010000000000225e+00        1.331178134614474429e+00        2.005969661608367205e-02
4.690010000000000012e+00        1.330943742882721548e+00        1.944344834820710410e-02
4.700009999999999799e+00        1.330673273615085250e+00        1.884343726853981993e-02
4.710009999999999586e+00        1.330343833502988460e+00        1.824294007485059016e-02
4.720010000000000261e+00        1.329992224155578384e+00        1.767399420624359008e-02
4.730010000000000048e+00        1.329639700477006414e+00        1.712149640712266191e-02
4.740009999999999835e+00        1.329202017072720565e+00        1.660013477030270260e-02
4.750009999999999621e+00        1.328773045762711824e+00        1.608457039548023479e-02
4.760010000000000296e+00        1.328295864546659821e+00        1.559366147418956433e-02
4.770010000000000083e+00        1.327846887453874469e+00        1.517082964776091288e-02
4.780009999999999870e+00        1.327379968462340631e+00        1.472380465233754515e-02
4.790009999999999657e+00        1.326874482927490329e+00        1.426201274578722811e-02
4.800010000000000332e+00        1.326358918595134107e+00        1.388115455191797111e-02
4.810019999999999740e+00        1.325846842831541306e+00        1.348014645385305250e-02
4.820020000000000415e+00        1.325311597257280427e+00        1.313310356214600697e-02
4.830020000000000202e+00        1.324771058164126769e+00        1.283808074265782063e-02
4.840019999999999989e+00        1.324237059762083835e+00        1.252043091557953659e-02
4.850019999999999776e+00        1.323713432845750493e+00        1.218635735070714744e-02
4.860019999999999563e+00        1.323136918000263229e+00        1.189072361958478513e-02
4.870020000000000238e+00        1.322579661031017872e+00        1.159347863259064908e-02
4.880020000000000024e+00        1.322002330701601780e+00        1.130778859549095433e-02
4.890019999999999811e+00        1.321423873640892310e+00        1.108903722720381083e-02
4.900019999999999598e+00        1.320858921176419676e+00        1.083843228568964409e-02
4.910020000000000273e+00        1.320235799380911512e+00        1.056963487205503024e-02
4.920020000000000060e+00        1.319631748415281747e+00        1.033232722665751967e-02
4.930019999999999847e+00        1.319055059944586716e+00        1.015917903107417704e-02
4.940019999999999634e+00        1.318402408590598318e+00        9.976201077081834484e-03
4.950020000000000309e+00        1.317806521041499312e+00        9.807944982258131467e-03
4.960020000000000095e+00        1.317181733917660358e+00        9.654213115646194041e-03
4.970019999999999882e+00        1.316542437787283859e+00        9.481446190689484313e-03
4.980019999999999669e+00        1.315939962972092259e+00        9.358115481329379315e-03
4.990020000000000344e+00        1.315304816518228614e+00        9.247906940094864983e-03
