# wav(mic), n, k, crys 50 K
2.999999999999999889e-01        1.283265899999999959e+00        1.485990499999999905e-10
3.099999999999999978e-01        1.283265899999999959e+00        1.485990499999999905e-10
3.200000000000000067e-01        1.283265899999999959e+00        1.485990499999999905e-10
3.300000000000000155e-01        1.283265899999999959e+00        1.485990499999999905e-10
3.400000000000000244e-01        1.283265899999999959e+00        1.485990499999999905e-10
3.499999999999999778e-01        1.283265899999999959e+00        1.485990499999999905e-10
3.599999999999999867e-01        1.283265899999999959e+00        1.485990499999999905e-10
3.699999999999999956e-01        1.283265899999999959e+00        1.485990499999999905e-10
3.800000000000000044e-01        1.283265899999999959e+00        1.485990499999999905e-10
3.900000000000000133e-01        1.283265899999999959e+00        1.485990499999999905e-10
4.000000000000000222e-01        1.283265899999999959e+00        1.485990499999999905e-10
4.099999999999999756e-01        1.283265899999999959e+00        1.485990499999999905e-10
4.199999999999999845e-01        1.283265899999999959e+00        1.485990499999999905e-10
4.299999999999999933e-01        1.283265899999999959e+00        1.485990499999999905e-10
4.400000000000000022e-01        1.283265899999999959e+00        1.485990499999999905e-10
4.500000000000000111e-01        1.283265899999999959e+00        1.485990499999999905e-10
4.600000000000000200e-01        1.283265899999999959e+00        1.485990499999999905e-10
4.699999999999999734e-01        1.283265899999999959e+00        1.485990499999999905e-10
4.799999999999999822e-01        1.283265899999999959e+00        1.485990499999999905e-10
4.899999999999999911e-01        1.283265899999999959e+00        1.485990499999999905e-10
5.000000000000000000e-01        1.283265899999999959e+00        1.485990499999999905e-10
5.100000000000000089e-01        1.283265899999999959e+00        1.485990499999999905e-10
5.200000000000000178e-01        1.283265899999999959e+00        1.485990499999999905e-10
5.300000000000000266e-01        1.283265899999999959e+00        1.485990499999999905e-10
5.400000000000000355e-01        1.283265899999999959e+00        1.485990499999999905e-10
5.500000000000000444e-01        1.283265899999999959e+00        1.485990499999999905e-10
5.600000000000000533e-01        1.283265899999999959e+00        1.485990499999999905e-10
5.699999999999999512e-01        1.283265899999999959e+00        1.485990499999999905e-10
5.799999999999999600e-01        1.283265899999999959e+00        1.485990499999999905e-10
5.899999999999999689e-01        1.283265899999999959e+00        1.485990499999999905e-10
5.999999999999999778e-01        1.283265899999999959e+00        1.485990499999999905e-10
6.099999999999999867e-01        1.283265899999999959e+00        1.485990499999999905e-10
6.199999999999999956e-01        1.283265899999999959e+00        1.485990499999999905e-10
6.300000000000000044e-01        1.283265899999999959e+00        1.485990499999999905e-10
6.400000000000000133e-01        1.283265899999999959e+00        1.485990499999999905e-10
6.500000000000000222e-01        1.283265899999999959e+00        1.485990499999999905e-10
6.600000000000000311e-01        1.283265899999999959e+00        1.485990499999999905e-10
6.700000000000000400e-01        1.283265899999999959e+00        1.485990499999999905e-10
6.800000000000000488e-01        1.283265899999999959e+00        1.485990499999999905e-10
6.899999999999999467e-01        1.283265899999999959e+00        1.485990499999999905e-10
6.999999999999999556e-01        1.283265899999999959e+00        1.485990499999999905e-10
7.099999999999999645e-01        1.283265899999999959e+00        1.485990499999999905e-10
7.199999999999999734e-01        1.283265899999999959e+00        1.485990499999999905e-10
7.299999999999999822e-01        1.283265899999999959e+00        1.485990499999999905e-10
7.399999999999999911e-01        1.283265899999999959e+00        1.485990499999999905e-10
7.500000000000000000e-01        1.283265899999999959e+00        1.485990499999999905e-10
7.600000000000000089e-01        1.283265899999999959e+00        1.485990499999999905e-10
7.700000000000000178e-01        1.283265899999999959e+00        1.485990499999999905e-10
7.800000000000000266e-01        1.283265899999999959e+00        1.485990499999999905e-10
7.900000000000000355e-01        1.283265899999999959e+00        1.485990499999999905e-10
8.000000000000000444e-01        1.283265899999999959e+00        1.485990499999999905e-10
8.100000000000000533e-01        1.283265899999999959e+00        1.485990499999999905e-10
8.199999999999999512e-01        1.283265899999999959e+00        1.485990499999999905e-10
8.299999999999999600e-01        1.283265899999999959e+00        1.485990499999999905e-10
8.399999999999999689e-01        1.283265899999999959e+00        1.485990499999999905e-10
8.499999999999999778e-01        1.283265899999999959e+00        1.485990499999999905e-10
8.599999999999999867e-01        1.283265899999999959e+00        1.485990499999999905e-10
8.699999999999999956e-01        1.283265899999999959e+00        1.485990499999999905e-10
8.800000000000000044e-01        1.283265899999999959e+00        1.485990499999999905e-10
8.900000000000000133e-01        1.283265899999999959e+00        1.485990499999999905e-10
9.000000000000000222e-01        1.283265899999999959e+00        1.485990499999999905e-10
9.100000000000000311e-01        1.283265899999999959e+00        1.485990499999999905e-10
9.200000000000000400e-01        1.283265899999999959e+00        1.485990499999999905e-10
9.300000000000000488e-01        1.283265899999999959e+00        1.485990499999999905e-10
9.399999999999999467e-01        1.283265899999999959e+00        1.485990499999999905e-10
9.499999999999999556e-01        1.283265899999999959e+00        1.485990499999999905e-10
9.599999999999999645e-01        1.283265899999999959e+00        1.485990499999999905e-10
9.699999999999999734e-01        1.283265899999999959e+00        1.485990499999999905e-10
9.799999999999999822e-01        1.283265899999999959e+00        1.485990499999999905e-10
9.899999999999999911e-01        1.283265899999999959e+00        1.485990499999999905e-10
1.000000000000000000e+00        1.283265899999999959e+00        1.485990499999999905e-10
1.010000000000000009e+00        1.283265899999999959e+00        1.485990499999999905e-10
1.020000000000000018e+00        1.283265899999999959e+00        1.485990499999999905e-10
1.030000000000000027e+00        1.283265899999999959e+00        1.485990499999999905e-10
1.040000000000000036e+00        1.283265899999999959e+00        1.485990499999999905e-10
1.050000000000000044e+00        1.283265899999999959e+00        1.485990499999999905e-10
1.060000000000000053e+00        1.283265899999999959e+00        1.485990499999999905e-10
1.070000000000000062e+00        1.283265899999999959e+00        1.485990499999999905e-10
1.080000000000000071e+00        1.283265899999999959e+00        1.485990499999999905e-10
1.090000000000000080e+00        1.283265899999999959e+00        1.485990499999999905e-10
1.100000000000000089e+00        1.283265899999999959e+00        1.485990499999999905e-10
1.110000000000000098e+00        1.283265899999999959e+00        1.332476016324590839e-06
1.120000000000000107e+00        1.283151144793388321e+00        1.989437055867707556e-06
1.129999999999999893e+00        1.283009659124087598e+00        2.559019657149244903e-07
1.139999999999999902e+00        1.282866641626794202e+00        3.917337064787542694e-07
1.149999999999999911e+00        1.282719934925606875e+00        6.065603527794049959e-07
1.159999999999999920e+00        1.282572860708782736e+00        5.000966122341875826e-06
1.169999999999999929e+00        1.282425991824375444e+00        8.713003055185369791e-06
1.179999999999999938e+00        1.282276857142857107e+00        6.382719783928871764e-06
1.189999999999999947e+00        1.282123255157278541e+00        8.029904960497655757e-06
1.199999999999999956e+00        1.281968542836573022e+00        1.132807317782580589e-05
1.209999999999999964e+00        1.281815596390658119e+00        1.406105244586005111e-05
1.219999999999999973e+00        1.281657698885793950e+00        1.149061003621167536e-05
1.229999999999999982e+00        1.281495856164383662e+00        1.034109862739717139e-05
1.239999999999999991e+00        1.281331797978436660e+00        1.087448890431306021e-05
1.250000000000000000e+00        1.281167140318302256e+00        1.144126761671065841e-05
1.260000000000000009e+00        1.281000470430809335e+00        1.158164768668423806e-05
1.270000000000000018e+00        1.280829668380462749e+00        8.286886898714645856e-06
1.280000000000000027e+00        1.280654035104364485e+00        7.885745365085238483e-06
1.290000000000000036e+00        1.280475975716064641e+00        8.799922069738477762e-06
1.300000000000000044e+00        1.280297283200490410e+00        8.636324698957836954e-06
1.310000000000000053e+00        1.280116172946859754e+00        7.386767546859899333e-06
1.320000000000000062e+00        1.279929130083234279e+00        3.799756879785956777e-06
1.330000000000000071e+00        1.279736633391915568e+00        3.525907855770448252e-06
1.340000000000000080e+00        1.279540768436237874e+00        6.587845691921599473e-06
1.350000000000000089e+00        1.279344444937428715e+00        1.014411879692805080e-05
1.360000000000000098e+00        1.279145938901345314e+00        1.115118515134590886e-05
1.370000000000000107e+00        1.278939873660960735e+00        9.678816046659221556e-06
1.379999999999999893e+00        1.278724344232861743e+00        1.734245351251328027e-05
1.389999999999999902e+00        1.278519039571045735e+00        1.790883230670245929e-05
1.399999999999999911e+00        1.278293776679005900e+00        2.524867036012690526e-05
1.409999999999999920e+00        1.278065695307612160e+00        3.670848971689251406e-05
1.419999999999999929e+00        1.277830007605344376e+00        5.351809143525153284e-05
1.429999999999999938e+00        1.277586136340598033e+00        7.879894488393273386e-05
1.439999999999999947e+00        1.277335296551724175e+00        1.226300599999994992e-04
1.449999999999999956e+00        1.277090215524889105e+00        1.915061648743214225e-04
1.459999999999999964e+00        1.276868541954302216e+00        2.834048326981034082e-04
1.469999999999999973e+00        1.276685215347721725e+00        3.795386492086323389e-04
1.479999999999999982e+00        1.276539242478713199e+00        4.530242201135285915e-04
1.489999999999999991e+00        1.276408048739495760e+00        4.826380866666666507e-04
1.500000000000000000e+00        1.276260002303086116e+00        4.728963448318747450e-04
1.510000000000000009e+00        1.276085346272727294e+00        4.490542463999999592e-04
1.520000000000000018e+00        1.275890343946188388e+00        4.237420903587443680e-04
1.530000000000000027e+00        1.275685715891987648e+00        4.009117592120406718e-04
1.540000000000000036e+00        1.275475768807339483e+00        3.751957062909565895e-04
1.550000000000000044e+00        1.275257624158757430e+00        3.436266692493527468e-04
1.560000000000000053e+00        1.275027018483815944e+00        3.056564932453146709e-04
1.570000000000000062e+00        1.274781057148864694e+00        2.650053092304455182e-04
1.580000000000000071e+00        1.274517557243669552e+00        2.275931537733497133e-04
1.590000000000000080e+00        1.274241437884378936e+00        1.999272227552273754e-04
1.600000000000000089e+00        1.273959001619433096e+00        1.845415772064773919e-04
1.610000000000000098e+00        1.273675907317073142e+00        1.787036636585366274e-04
1.620000000000000107e+00        1.273397537203791341e+00        1.772240495892573654e-04
1.629999999999999893e+00        1.273121408661724629e+00        1.732815391494342007e-04
1.639999999999999902e+00        1.272844827734976869e+00        1.629600187365180320e-04
1.649999999999999911e+00        1.272561064522268692e+00        1.461086856604492529e-04
1.659999999999999920e+00        1.272267309326814644e+00        1.262371982173750133e-04
1.669999999999999929e+00        1.271962351244890321e+00        1.055728325715350686e-04
1.679999999999999938e+00        1.271648181601175098e+00        8.887667699706252981e-05
1.689999999999999947e+00        1.271326891509434009e+00        7.596504506966621532e-05
1.699999999999999956e+00        1.271001061872309768e+00        6.650625306025820368e-05
1.709999999999999964e+00        1.270670324379872262e+00        5.812319057087172455e-05
1.719999999999999973e+00        1.270333779544658537e+00        4.991515299474612994e-05
1.729999999999999982e+00        1.269990743544479050e+00        4.329178165351334825e-05
1.739999999999999991e+00        1.269641198972954355e+00        3.742648696439573170e-05
1.750000000000000000e+00        1.269284968764805344e+00        3.289349000609139887e-05
1.760000000000000009e+00        1.268921935630645814e+00        2.977837149447977590e-05
1.770000000000000018e+00        1.268552015806878375e+00        2.789241484920635156e-05
1.780000000000000027e+00        1.268175003466317730e+00        2.734910409614126821e-05
1.790000000000000036e+00        1.267790627175671370e+00        2.806322102329343319e-05
1.800000000000000044e+00        1.267398417268947863e+00        3.009014278509753902e-05
1.810000000000000053e+00        1.266997921860170795e+00        3.327655830559952385e-05
1.820000000000000062e+00        1.266588401251173002e+00        3.762410011041604827e-05
1.830000000000000071e+00        1.266169079084158433e+00        4.326114629641090341e-05
1.840000000000000080e+00        1.265738522222222162e+00        5.005482107070706937e-05
1.850000000000000089e+00        1.265294361417322877e+00        5.800412144881891981e-05
1.860000000000000098e+00        1.264830761114439817e+00        6.698603849610563457e-05
1.870000000000000107e+00        1.264336903615886243e+00        9.525807939834076842e-05
1.879999999999999893e+00        1.263861892172383428e+00        1.511527229991202275e-04
1.889999999999999902e+00        1.263338123411662295e+00        1.933540006353342796e-04
1.899999999999999911e+00        1.262801440413318099e+00        2.882518722416764034e-04
1.909999999999999920e+00        1.262263931732954481e+00        4.298167383948854571e-04
1.919999999999999929e+00        1.261754730475119546e+00        6.238924687039645520e-04
1.929999999999999938e+00        1.261298794908180199e+00        8.498150558681134880e-04
1.939999999999999947e+00        1.260908390033039783e+00        1.073174215033037256e-03
1.949999999999999956e+00        1.260569782043596598e+00        1.260308842888282306e-03
1.959999999999999964e+00        1.260251857620717564e+00        1.395252623388184860e-03
1.969999999999999973e+00        1.259931964619492639e+00        1.487485794659545828e-03
1.979999999999999982e+00        1.259601245281522619e+00        1.547954209199048315e-03
1.989999999999999991e+00        1.259258849044752715e+00        1.584267824234493471e-03
2.000000000000000000e+00        1.258906035647668231e+00        1.598564940544041539e-03
2.009999999999999787e+00        1.258541176711977405e+00        1.588638189330597930e-03
2.020000000000000018e+00        1.258160317166074238e+00        1.554169919197562677e-03
2.029999999999999805e+00        1.257756962408850931e+00        1.495934727885341606e-03
2.040000000000000036e+00        1.257327363147410448e+00        1.417432873904382606e-03
2.049999999999999822e+00        1.256866055670611271e+00        1.322323897140042408e-03
2.060000000000000053e+00        1.256372501905227201e+00        1.215522172447485675e-03
2.069999999999999840e+00        1.255845220744680857e+00        1.101714677659577056e-03
2.080000000000000071e+00        1.255283409698275898e+00        9.842317156393645163e-04
2.089999999999999858e+00        1.254686682443653556e+00        8.677253039905108954e-04
2.100000000000000089e+00        1.254055654135338260e+00        7.581533593421048087e-04
2.109999999999999876e+00        1.253395201373690426e+00        6.581450729010510352e-04
2.120000000000000107e+00        1.252707658045182137e+00        5.713718788289532833e-04
2.129999999999999893e+00        1.251996817953403340e+00        4.961191766285983013e-04
2.140000000000000124e+00        1.251266548890900943e+00        4.337372332616569633e-04
2.149999999999999911e+00        1.250516821116341770e+00        3.804797030396783676e-04
2.160000000000000142e+00        1.249750266148378364e+00        3.364792367258993963e-04
2.169999999999999929e+00        1.248965670114436710e+00        2.995612812874118205e-04
2.180000000000000160e+00        1.248163234169210600e+00        2.695323753139990163e-04
2.189999999999999947e+00        1.247342723482393501e+00        2.459054327133292366e-04
2.200000000000000178e+00        1.246502888070250448e+00        2.275023760484041449e-04
2.209999999999999964e+00        1.245644599978782185e+00        2.141270479842987632e-04
2.220000000000000195e+00        1.244767422729184059e+00        2.057379236984860523e-04
2.229999999999999982e+00        1.243869308749999902e+00        2.012518818750002182e-04
2.240000000000000213e+00        1.242950471629155507e+00        2.001324911480487187e-04
2.250000000000000000e+00        1.242008437277379640e+00        2.029031604667348352e-04
2.259999999999999787e+00        1.241043729991883060e+00        2.087329768587661524e-04
2.270000000000000018e+00        1.240053661318857969e+00        2.184754675392041137e-04
2.279999999999999805e+00        1.239038577202072666e+00        2.334752043523312772e-04
2.290000000000000036e+00        1.237997920762544446e+00        2.529730366041086655e-04
2.299999999999999822e+00        1.236931816477272683e+00        2.782774770905167296e-04
2.310000000000000053e+00        1.235840803126213583e+00        3.079829533398061253e-04
2.319999999999999840e+00        1.234723372237196859e+00        3.395700657951474639e-04
2.330000000000000071e+00        1.233577851746516352e+00        3.738752308303115919e-04
2.339999999999999858e+00        1.232403483951551859e+00        4.079713479863735772e-04
2.350000000000000089e+00        1.231197820060048853e+00        4.435628018371173668e-04
2.359999999999999876e+00        1.229959690457589350e+00        4.785558310007429644e-04
2.370000000000000107e+00        1.228687252814172348e+00        5.110824392895371975e-04
2.379999999999999893e+00        1.227377065739893913e+00        5.407230524291200798e-04
2.390000000000000124e+00        1.226025350181422224e+00        5.662008303918724447e-04
2.399999999999999911e+00        1.224627741183879071e+00        5.872965775134937963e-04
2.410000000000000142e+00        1.223180985263157883e+00        6.047739695843000734e-04
2.419999999999999929e+00        1.221681125583864214e+00        6.202480302547766586e-04
2.430000000000000160e+00        1.220125541698841687e+00        6.349644779010179272e-04
2.439999999999999947e+00        1.218511012217194489e+00        6.474665408736510674e-04
2.450000000000000178e+00        1.216833740193370206e+00        6.609972829488949733e-04
2.459999999999999964e+00        1.215090165798938138e+00        6.746211923531423432e-04
2.470000000000000195e+00        1.213277144444444344e+00        6.883351570336393357e-04
2.479999999999999982e+00        1.211392531137321038e+00        7.045110947447345232e-04
2.490000000000000213e+00        1.209433518034430888e+00        7.172707422380078133e-04
2.500000000000000000e+00        1.207392027813691371e+00        7.215944953920104977e-04
2.509999999999999787e+00        1.205256510807698689e+00        7.176738671113671360e-04
2.520000000000000018e+00        1.203016897340512203e+00        7.058399369701420876e-04
2.529999999999999805e+00        1.200661517740369222e+00        6.864301366315964711e-04
2.540000000000000036e+00        1.198179938146482382e+00        6.618652177867009791e-04
2.549999999999999822e+00        1.195557940366533956e+00        6.357865706486064399e-04
2.560000000000000053e+00        1.192783067267552122e+00        6.123022868690700636e-04
2.569999999999999840e+00        1.189844510962986268e+00        5.932027390872021688e-04
2.580000000000000071e+00        1.186724591357832370e+00        5.827794041778261479e-04
2.589999999999999858e+00        1.183404836895753043e+00        5.803893400478763072e-04
2.600000000000000089e+00        1.179862265108079011e+00        5.911896461536104291e-04
2.609999999999999876e+00        1.176067863639129740e+00        6.142158276038334327e-04
2.620000000000000107e+00        1.171979672244034765e+00        6.522737649139241731e-04
2.629999999999999893e+00        1.167539190729369514e+00        7.080443649258647129e-04
2.640000000000000124e+00        1.162634968709101546e+00        7.850333700951841846e-04
2.649999999999999911e+00        1.156968737785977863e+00        1.086308124649446169e-03
2.660000000000000142e+00        1.150838503134153479e+00        2.122359846221462138e-03
2.669999999999999929e+00        1.144668741956111235e+00        3.848195890495556635e-03
2.680000000000000160e+00        1.138255675198384109e+00        5.538994853527659350e-03
2.689999999999999947e+00        1.132108118421429888e+00        8.262344033261686399e-03
2.700000000000000178e+00        1.124778069414440029e+00        1.162357910687892779e-02
2.709999999999999964e+00        1.120714072799096961e+00        1.387572636851015784e-02
2.720000000000000195e+00        1.112330885056022289e+00        1.491817219929976630e-02
2.729999999999999982e+00        1.103577106311691924e+00        1.840239691116359044e-02
2.740000000000000213e+00        1.094791810930168197e+00        2.274684688379801159e-02
2.750000000000000000e+00        1.085684955112390382e+00        2.775126323574560877e-02
2.759999999999999787e+00        1.076216516598639705e+00        3.367248356054410030e-02
2.770000000000000018e+00        1.066443074777207567e+00        4.067420694625981104e-02
2.779999999999999805e+00        1.056488446774842771e+00        4.888716551937745403e-02
2.790000000000000036e+00        1.046656002889480908e+00        5.832372306378146715e-02
2.799999999999999822e+00        1.036993925373331571e+00        6.878731514087468857e-02
2.810000000000000053e+00        1.027134619475065680e+00        8.017934886089246593e-02
2.819999999999999840e+00        1.016871041198697201e+00        9.316278780846887209e-02
2.830000000000000071e+00        1.006672141713028878e+00        1.082513379570447659e-01
2.839999999999999858e+00        9.971411418178316444e-01        1.256366702633602839e-01
2.850000000000000089e+00        9.885887384438774017e-01        1.453369742155614930e-01
2.859999999999999876e+00        9.816931717906475230e-01        1.675407550880751717e-01
2.870000000000000107e+00        9.772364891041770418e-01        1.919940280120792375e-01
2.879999999999999893e+00        9.758973516337746679e-01        2.181141714639019957e-01
2.890000000000000124e+00        9.780989617123713176e-01        2.450658378074208055e-01
2.899999999999999911e+00        9.836551617759429211e-01        2.719605761017996337e-01
2.910000000000000142e+00        9.924818333569856987e-01        2.982223287986300320e-01
2.919999999999999929e+00        1.004228101263823003e+00        3.230228135702999381e-01
2.930000000000000160e+00        1.018242559029454597e+00        3.461933479719943585e-01
2.939999999999999947e+00        1.033971971394317402e+00        3.675453529624747029e-01
2.950000000000000178e+00        1.050913772576804295e+00        3.867265268313885840e-01
2.959999999999999964e+00        1.068157221050141770e+00        4.044458455865656554e-01
2.970000000000000195e+00        1.085778065327696051e+00        4.212447950610764269e-01
2.979999999999999982e+00        1.103440960807656079e+00        4.376356572222219743e-01
2.990000000000000213e+00        1.121842077433936380e+00        4.544934875869267588e-01
3.000000000000000000e+00        1.141731866313486332e+00        4.719247562075321034e-01
3.009999999999999787e+00        1.164086220382019476e+00        4.900002578748709481e-01
3.020000000000000018e+00        1.189707242402545884e+00        5.079691500806909898e-01
3.029999999999999805e+00        1.219809009558740165e+00        5.247968576673058827e-01
3.040000000000000036e+00        1.254108861089930249e+00        5.387599420744560996e-01
3.049999999999999822e+00        1.292023402205882521e+00        5.482571200467915018e-01
3.060000000000000053e+00        1.332377148411732826e+00        5.520135818317654097e-01
3.069999999999999840e+00        1.372997266835275010e+00        5.496156939564549315e-01
3.080000000000000071e+00        1.412678455686659840e+00        5.416586399912597383e-01
3.089999999999999858e+00        1.450028260798784441e+00        5.288164413588019030e-01
3.100000000000000089e+00        1.485049925167134743e+00        5.121640102447699849e-01
3.109999999999999876e+00        1.517166735529133836e+00        4.924513200739080165e-01
3.120000000000000107e+00        1.546512533645655996e+00        4.702019075628193767e-01
3.129999999999999893e+00        1.573167743293843346e+00        4.457388251544325275e-01
3.140000000000000124e+00        1.597083876427295213e+00        4.192744708274622201e-01
3.149999999999999911e+00        1.618229035338346167e+00        3.909855895676688231e-01
3.160000000000000142e+00        1.636408284388624290e+00        3.609619401764573854e-01
3.169999999999999929e+00        1.651243722012578630e+00        3.294887158232808755e-01
3.180000000000000160e+00        1.662686548596024050e+00        2.969572283398232426e-01
3.189999999999999947e+00        1.670179007975147734e+00        2.634839601171322099e-01
3.200000000000000178e+00        1.673740954296993655e+00        2.301881678833888334e-01
3.209999999999999964e+00        1.673539788421688046e+00        1.973401879458814290e-01
3.220000000000000195e+00        1.669436457088582015e+00        1.653852753849218149e-01
3.229999999999999982e+00        1.661541943070044880e+00        1.349314204619976310e-01
3.240000000000000213e+00        1.649900719699812335e+00        1.067615158724200819e-01
3.250000000000000000e+00        1.634977373763736308e+00        8.182256779945069891e-02
3.259999999999999787e+00        1.617739514976599624e+00        6.085361592297244826e-02
3.270000000000000018e+00        1.599380122885379008e+00        4.412682935742642115e-02
3.279999999999999805e+00        1.581047745235572455e+00        3.140497781655303411e-02
3.290000000000000036e+00        1.563511198851124551e+00        2.200771552800369346e-02
3.299999999999999822e+00        1.547329557814135281e+00        1.522947482707142849e-02
3.310000000000000053e+00        1.532576580913647790e+00        1.041862325820480488e-02
3.319999999999999840e+00        1.519237470509685828e+00        6.958372391000568723e-03
3.330000000000000071e+00        1.507180790226125833e+00        4.653384934255280769e-03
3.339999999999999858e+00        1.496341160891779154e+00        3.060317489679561555e-03
3.350000000000000089e+00        1.486541786738086568e+00        2.069811511045437265e-03
3.359999999999999876e+00        1.477661888051757577e+00        1.428529257327718375e-03
3.370000000000000107e+00        1.469653096825106919e+00        1.213395937633424170e-03
3.379999999999999893e+00        1.462444295555958673e+00        1.235209768846363444e-03
3.390000000000000124e+00        1.455985488882877821e+00        1.261701899513120294e-03
3.399999999999999911e+00        1.450043955427086084e+00        1.423492288894861969e-03
3.410000000000000142e+00        1.444713858843446497e+00        1.504694264162881020e-03
3.419999999999999929e+00        1.439866894392771934e+00        1.620629975551423881e-03
3.430000000000000160e+00        1.435254639869683935e+00        1.378331194153388246e-03
3.439999999999999947e+00        1.430734200972234582e+00        1.476270479399139756e-03
3.450000000000000178e+00        1.426594603282256513e+00        1.457625419284353484e-03
3.459999999999999964e+00        1.422651970307226232e+00        1.476569719022068940e-03
3.470000000000000195e+00        1.418894619462855999e+00        1.540727786795215333e-03
3.479999999999999982e+00        1.415358354094292892e+00        1.614571128116709707e-03
3.490000000000000213e+00        1.412011402944680860e+00        1.794634341685112308e-03
3.500000000000000000e+00        1.408875737235662173e+00        1.949896080231772622e-03
3.509999999999999787e+00        1.405926255569577732e+00        2.038289740577149938e-03
3.520000000000000018e+00        1.402997963349778443e+00        2.161674550940713337e-03
3.529999999999999805e+00        1.400252537125748598e+00        2.334543349700597160e-03
3.540000000000000036e+00        1.397665131042183706e+00        2.489427405384618455e-03
3.549999999999999822e+00        1.395152004143033420e+00        2.664087018840933900e-03
3.560000000000000053e+00        1.392774527616088998e+00        2.818667605869849043e-03
3.569999999999999840e+00        1.390478607187576321e+00        3.000353646231393792e-03
3.580000000000000071e+00        1.388304471278402064e+00        3.160773532093478621e-03
3.589999999999999858e+00        1.386173634255387421e+00        3.330909723238983846e-03
3.600000000000000089e+00        1.384157664155470258e+00        3.529817120713376992e-03
3.609999999999999876e+00        1.382210244027358037e+00        3.666681065762684554e-03
3.620000000000000107e+00        1.380316015895610926e+00        3.864442481969172956e-03
3.629999999999999893e+00        1.378500785254797023e+00        4.017383586049070622e-03
3.640000000000000124e+00        1.376733489333750393e+00        4.186432245292462037e-03
3.649999999999999911e+00        1.375023124255385198e+00        4.399419026355081211e-03
3.660000000000000142e+00        1.373386677868915884e+00        4.580204788416004404e-03
3.669999999999999929e+00        1.371784859744556551e+00        4.777245126652301770e-03
3.680000000000000160e+00        1.370243538806426908e+00        4.984253043351185609e-03
3.689999999999999947e+00        1.368714813794153384e+00        5.160022612195488100e-03
3.700000000000000178e+00        1.367253194769510127e+00        5.393795503391123763e-03
3.709999999999999964e+00        1.365849373385518595e+00        5.579455746183952826e-03
3.720000000000000195e+00        1.364478909278813656e+00        5.785665479248109679e-03
3.729999999999999982e+00        1.363050628992628965e+00        6.013714100059562064e-03
3.740000000000000213e+00        1.361764986384176535e+00        6.294927593392102456e-03
3.750000000000000000e+00        1.360513197427581700e+00        6.549272580563134105e-03
3.759999999999999787e+00        1.359291095617763290e+00        6.815943484141870345e-03
3.770000000000000018e+00        1.358134053758658366e+00        7.085198801888442817e-03
3.779999999999999805e+00        1.356987730866884290e+00        7.340338023286176010e-03
3.790000000000000036e+00        1.355870426217796076e+00        7.638790660532579491e-03
3.799999999999999822e+00        1.354787978863538633e+00        7.885402285019370641e-03
3.810000000000000053e+00        1.353762380541080779e+00        8.187148330723106882e-03
3.819999999999999840e+00        1.352746214720920381e+00        8.464232319429054741e-03
3.830000000000000071e+00        1.351771587806428698e+00        8.739262277096431983e-03
3.839999999999999858e+00        1.350831788571830172e+00        9.016559680566487225e-03
3.850000000000000089e+00        1.349907151024260621e+00        9.285829413976095376e-03
3.859999999999999876e+00        1.349020689094449832e+00        9.598408583154815349e-03
3.870000000000000107e+00        1.348173161880708459e+00        9.885110240430391645e-03
3.879999999999999893e+00        1.347345264372246554e+00        1.014608618832599056e-02
3.890000000000000124e+00        1.346517185457035248e+00        1.042943151694624912e-02
3.899999999999999911e+00        1.345728864473504816e+00        1.068474137474458713e-02
3.910000000000000142e+00        1.344955945206129488e+00        1.099274477339300289e-02
3.919999999999999929e+00        1.344213648944493134e+00        1.126979656289202152e-02
3.930000000000000160e+00        1.343492312659331889e+00        1.151553203159801607e-02
3.939999999999999947e+00        1.342776169309309209e+00        1.177749554114114298e-02
3.950000000000000178e+00        1.342080942141623545e+00        1.206802835166734082e-02
3.959999999999999964e+00        1.341382496312937711e+00        1.235994502761992610e-02
3.970000000000000195e+00        1.340728531195737983e+00        1.267245130288082930e-02
3.979999999999999982e+00        1.340111646447729843e+00        1.296750607614810362e-02
3.990000000000000213e+00        1.339522425688073337e+00        1.326875491743119417e-02
4.000000000000000000e+00        1.338971333039704614e+00        1.351800969505797395e-02
4.009999999999999787e+00        1.338409555960286212e+00        1.376772407962091084e-02
4.019999999999999574e+00        1.337854668331623476e+00        1.401736421377275214e-02
4.030000000000000249e+00        1.337309658150370284e+00        1.426741936513913935e-02
4.040000000000000036e+00        1.336775796769074542e+00        1.451738399644534640e-02
4.049999999999999822e+00        1.336253275676017038e+00        1.476752974608288964e-02
4.059999999999999609e+00        1.335742405263157906e+00        1.501782001754384081e-02
4.070000000000000284e+00        1.335242950181363186e+00        1.526821937173234757e-02
4.080000000000000071e+00        1.334755075177393335e+00        1.551894419320303149e-02
4.089999999999999858e+00        1.334278337764837064e+00        1.576964571502911111e-02
4.099999999999999645e+00        1.333812676983784584e+00        1.602058154275847607e-02
4.110000000000000320e+00        1.333357638966617520e+00        1.627151104516446831e-02
4.120000000000000107e+00        1.332913138585562374e+00        1.652289523500671126e-02
4.129999999999999893e+00        1.332478571235955034e+00        1.677396935280899004e-02
4.139999999999999680e+00        1.332053846993049184e+00        1.702560660948927371e-02
4.150000000000000355e+00        1.331637993515399465e+00        1.727713440513716642e-02
4.160000000000000142e+00        1.331230784871886952e+00        1.752888226640326660e-02
4.169999999999999929e+00        1.330830763002680994e+00        1.778064969079534707e-02
4.179999999999999716e+00        1.330436866814894037e+00        1.803281922109568197e-02
4.190000000000000391e+00        1.330045964892612620e+00        1.828483730381167544e-02
4.200000000000000178e+00        1.329651155820649855e+00        1.853731745907034184e-02
4.209999999999999964e+00        1.329243950315789347e+00        1.880154276157893975e-02
4.219999999999999751e+00        1.328864719984868659e+00        1.915666847622648702e-02
4.230000000000000426e+00        1.328535324154505259e+00        1.946830635562893375e-02
4.240000000000000213e+00        1.328215908206073825e+00        1.977893908684377061e-02
4.250000000000000000e+00        1.327910289921946818e+00        2.008991309894399280e-02
4.259999999999999787e+00        1.327617822010279891e+00        2.040095219371786117e-02
4.269999999999999574e+00        1.327337409774393295e+00        2.071215571847472361e-02
4.280000000000000249e+00        1.327066760812033452e+00        2.102342390115359561e-02
4.290000000000000036e+00        1.326803305862476634e+00        2.133481337016388674e-02
4.299999999999999822e+00        1.326538486590832733e+00        2.164622917729462637e-02
4.309999999999999609e+00        1.326268029624462885e+00        2.200017743228611586e-02
4.320000000000000284e+00        1.326026597146030106e+00        2.237947182354248221e-02
4.330000000000000071e+00        1.325809035648327194e+00        2.274535784357202897e-02
4.339999999999999858e+00        1.325621625724817232e+00        2.315921100770204286e-02
4.349999999999999645e+00        1.325472136224182362e+00        2.357899697699006661e-02
4.360000000000000320e+00        1.325370978659035082e+00        2.401225636822022780e-02
4.370009999999999728e+00        1.325282698159908845e+00        2.444419889149431618e-02
4.380010000000000403e+00        1.325245720398574134e+00        2.489221270463384122e-02
4.390010000000000190e+00        1.325242832589405673e+00        2.532297966883572879e-02
4.400009999999999977e+00        1.325320044194756353e+00        2.577093421348312929e-02
4.410009999999999764e+00        1.325419548660024649e+00        2.618126711439075494e-02
4.420010000000000439e+00        1.325551290535809112e+00        2.659701869665784257e-02
4.430010000000000225e+00        1.325743756513248162e+00        2.696086110952180051e-02
4.440010000000000012e+00        1.325988218731276591e+00        2.735051468518422124e-02
4.450009999999999799e+00        1.326285618928253696e+00        2.767426587749227326e-02
4.460009999999999586e+00        1.326632305481450613e+00        2.797732374406000991e-02
4.470010000000000261e+00        1.327038844863546840e+00        2.822912426304868133e-02
4.480010000000000048e+00        1.327464465273046290e+00        2.839193743899040209e-02
4.490009999999999835e+00        1.327918751271905062e+00        2.851173416568168750e-02
4.500009999999999621e+00        1.328405152312730264e+00        2.854863062402783133e-02
4.510010000000000296e+00        1.328896992347666561e+00        2.854136558854696373e-02
4.520010000000000083e+00        1.329397448493456535e+00        2.844783925159784926e-02
4.530009999999999870e+00        1.329885001449421678e+00        2.827142750906519800e-02
4.540009999999999657e+00        1.330361891919344286e+00        2.803572759843115172e-02
4.550010000000000332e+00        1.330811044923400299e+00        2.771733682342043814e-02
4.560010000000000119e+00        1.331215314295683294e+00        2.732032316229687438e-02
4.570009999999999906e+00        1.331608519646667599e+00        2.690420761317056930e-02
4.580009999999999692e+00        1.331934873794466512e+00        2.638681613957510885e-02
4.590010000000000367e+00        1.332213500600098355e+00        2.588107418883418831e-02
4.600010000000000154e+00        1.332446437027424047e+00        2.533060771748284548e-02
4.610009999999999941e+00        1.332621610277411994e+00        2.476049805401978748e-02
4.620009999999999728e+00        1.332733080250449120e+00        2.409762915497744989e-02
4.630010000000000403e+00        1.332795275201739571e+00        2.348439048064746709e-02
4.640010000000000190e+00        1.332793509316770209e+00        2.284205200621117898e-02
4.650009999999999977e+00        1.332764101763972642e+00        2.221858700584797980e-02
4.660009999999999764e+00        1.332681164255379969e+00        2.157923107362694909e-02
4.670010000000000439e+00        1.332543116749798084e+00        2.092500089340170941e-02
4.680010000000000225e+00        1.332353082321200421e+00        2.031453529076536133e-02
4.690010000000000012e+00        1.332135726150873944e+00        1.968747626909482518e-02
4.700009999999999799e+00        1.331890182513251197e+00        1.909882012022141862e-02
4.710009999999999586e+00        1.331579072744676795e+00        1.849485636145873149e-02
4.720010000000000261e+00        1.331247201405043157e+00        1.795130816637199520e-02
4.730010000000000048e+00        1.330897766442828534e+00        1.738529671263834564e-02
4.740009999999999835e+00        1.330506672065337792e+00        1.686510686203397669e-02
4.750009999999999621e+00        1.330100653295668511e+00        1.636987430696799570e-02
4.760010000000000296e+00        1.329669656906405706e+00        1.587403679406520010e-02
4.770010000000000083e+00        1.329204016555054491e+00        1.542100799371325104e-02
4.780009999999999870e+00        1.328741938502697950e+00        1.500271277567677246e-02
4.790009999999999657e+00        1.328253413408628791e+00        1.458565858626610645e-02
4.800010000000000332e+00        1.327777855196294432e+00        1.421382530022032714e-02
4.810019999999999740e+00        1.327274543637992688e+00        1.382347366397849650e-02
4.820020000000000415e+00        1.326771231168889065e+00        1.347096918262498041e-02
4.830020000000000202e+00        1.326264701781667998e+00        1.315193480739324482e-02
4.840019999999999989e+00        1.325722814124618676e+00        1.282635158338124061e-02
4.850019999999999776e+00        1.325219057298321346e+00        1.251358806216680900e-02
4.860019999999999563e+00        1.324698480226484731e+00        1.220097401742529369e-02
4.870020000000000238e+00        1.324158240681520216e+00        1.194044468379204180e-02
4.880020000000000024e+00        1.323611702733286988e+00        1.167148776166435260e-02
4.890019999999999811e+00        1.323048101126272469e+00        1.141744987632661856e-02
4.900019999999999598e+00        1.322514137553944424e+00        1.116673941286899091e-02
4.910020000000000273e+00        1.321950011263972380e+00        1.093458012639725134e-02
4.920020000000000060e+00        1.321374643061504095e+00        1.072882528764775890e-02
4.930019999999999847e+00        1.320798471040068200e+00        1.050639641555839617e-02
4.940019999999999634e+00        1.320220207843220583e+00        1.031488321109176425e-02
4.950020000000000309e+00        1.319652775523499244e+00        1.013013838707218887e-02
4.960020000000000095e+00        1.319047967405503341e+00        9.962257477122742760e-03
4.970019999999999882e+00        1.318452079734943716e+00        9.817713958505279101e-03
4.980019999999999669e+00        1.317842235419451891e+00        9.648519973161765947e-03
4.990020000000000344e+00        1.317250084963375922e+00        9.544461217825036398e-03
