# wav(mic), n, k, y=0.5
2.999999999999999889e-01        1.739000000000000101e+00        2.680000000000000160e-01
3.099999999999999978e-01        1.747500000000000053e+00        2.585000000000000075e-01
3.200000000000000067e-01        1.756000000000000005e+00        2.489999999999999991e-01
3.300000000000000155e-01        1.762999999999999901e+00        2.379999999999999893e-01
3.400000000000000244e-01        1.770000000000000018e+00        2.270000000000000073e-01
3.499999999999999778e-01        1.774000000000000021e+00        2.155000000000000249e-01
3.599999999999999867e-01        1.778000000000000025e+00        2.039999999999999869e-01
3.699999999999999956e-01        1.780000000000000027e+00        1.930000000000000049e-01
3.800000000000000044e-01        1.782000000000000028e+00        1.819999999999999951e-01
3.900000000000000133e-01        1.782499999999999973e+00        1.724999999999999867e-01
4.000000000000000222e-01        1.782999999999999918e+00        1.630000000000000060e-01
4.099999999999999756e-01        1.782499999999999973e+00        1.545000000000000262e-01
4.199999999999999845e-01        1.782000000000000028e+00        1.459999999999999909e-01
4.299999999999999933e-01        1.780333333333333323e+00        1.393333333333333368e-01
4.400000000000000022e-01        1.778666666666666618e+00        1.326666666666666550e-01
4.500000000000000111e-01        1.776999999999999913e+00        1.260000000000000009e-01
4.600000000000000200e-01        1.775199999999999889e+00        1.260000000000000009e-01
4.699999999999999734e-01        1.773399999999999865e+00        1.260000000000000009e-01
4.799999999999999822e-01        1.771600000000000064e+00        1.260000000000000009e-01
4.899999999999999911e-01        1.769800000000000040e+00        1.260000000000000009e-01
5.000000000000000000e-01        1.768000000000000016e+00        1.260000000000000009e-01
5.100000000000000089e-01        1.766000000000000014e+00        1.209999999999999964e-01
5.200000000000000178e-01        1.764000000000000012e+00        1.160000000000000059e-01
5.300000000000000266e-01        1.762000000000000011e+00        1.110000000000000014e-01
5.400000000000000355e-01        1.760000000000000009e+00        1.060000000000000109e-01
5.500000000000000444e-01        1.758000000000000007e+00        1.010000000000000064e-01
5.600000000000000533e-01        1.756399999999999961e+00        9.547999999999999543e-02
5.699999999999999512e-01        1.754799999999999915e+00        8.996000000000003993e-02
5.799999999999999600e-01        1.753200000000000092e+00        8.444000000000002892e-02
5.899999999999999689e-01        1.751600000000000046e+00        7.892000000000001791e-02
5.999999999999999778e-01        1.750000000000000000e+00        7.340000000000000691e-02
6.099999999999999867e-01        1.748599999999999932e+00        7.192000000000001170e-02
6.199999999999999956e-01        1.747200000000000086e+00        7.044000000000000261e-02
6.300000000000000044e-01        1.745800000000000018e+00        6.896000000000000740e-02
6.400000000000000133e-01        1.744400000000000173e+00        6.747999999999999832e-02
6.500000000000000222e-01        1.743000000000000105e+00        6.600000000000000311e-02
6.600000000000000311e-01        1.741800000000000015e+00        6.511999999999999733e-02
6.700000000000000400e-01        1.740600000000000147e+00        6.424000000000000543e-02
6.800000000000000488e-01        1.739400000000000057e+00        6.335999999999999965e-02
6.899999999999999467e-01        1.738200000000000189e+00        6.248000000000000775e-02
6.999999999999999556e-01        1.737000000000000099e+00        6.160000000000000198e-02
7.099999999999999645e-01        1.735999999999999988e+00        6.115999999999999909e-02
7.199999999999999734e-01        1.735000000000000098e+00        6.072000000000000314e-02
7.299999999999999822e-01        1.733999999999999986e+00        6.028000000000000025e-02
7.399999999999999911e-01        1.733000000000000096e+00        5.984000000000000430e-02
7.500000000000000000e-01        1.731999999999999984e+00        5.940000000000000141e-02
7.600000000000000089e-01        1.731200000000000072e+00        5.929999999999999855e-02
7.700000000000000178e-01        1.730399999999999938e+00        5.920000000000000262e-02
7.800000000000000266e-01        1.729600000000000026e+00        5.909999999999999976e-02
7.900000000000000355e-01        1.728799999999999892e+00        5.900000000000000383e-02
8.000000000000000444e-01        1.727999999999999980e+00        5.890000000000000097e-02
8.100000000000000533e-01        1.727600000000000025e+00        5.925000000000000405e-02
8.199999999999999512e-01        1.727200000000000069e+00        5.960000000000000020e-02
8.299999999999999600e-01        1.726799999999999891e+00        5.994999999999999635e-02
8.399999999999999689e-01        1.726399999999999935e+00        6.029999999999999943e-02
8.499999999999999778e-01        1.725999999999999979e+00        6.064999999999999558e-02
8.599999999999999867e-01        1.725600000000000023e+00        6.099999999999999867e-02
8.699999999999999956e-01        1.725200000000000067e+00        6.134999999999999482e-02
8.800000000000000044e-01        1.724799999999999889e+00        6.169999999999999790e-02
8.900000000000000133e-01        1.724399999999999933e+00        6.204999999999999405e-02
9.000000000000000222e-01        1.723999999999999977e+00        6.239999999999999714e-02
9.100000000000000311e-01        1.724199999999999955e+00        6.303000000000000269e-02
9.200000000000000400e-01        1.724399999999999933e+00        6.365999999999999437e-02
9.300000000000000488e-01        1.724599999999999911e+00        6.428999999999999992e-02
9.399999999999999467e-01        1.724799999999999889e+00        6.491999999999999160e-02
9.499999999999999556e-01        1.724999999999999867e+00        6.554999999999999716e-02
9.599999999999999645e-01        1.725200000000000067e+00        6.617999999999998884e-02
9.699999999999999734e-01        1.725400000000000045e+00        6.680999999999999439e-02
9.799999999999999822e-01        1.725600000000000023e+00        6.743999999999999995e-02
9.899999999999999911e-01        1.725800000000000001e+00        6.806999999999999162e-02
1.000000000000000000e+00        1.725999999999999979e+00        6.869999999999999718e-02
1.010000000000000009e+00        1.726799999999999891e+00        6.922000000000000375e-02
1.020000000000000018e+00        1.727600000000000025e+00        6.973999999999999644e-02
1.030000000000000027e+00        1.728399999999999936e+00        7.025999999999998913e-02
1.040000000000000036e+00        1.729200000000000070e+00        7.077999999999999570e-02
1.050000000000000044e+00        1.729999999999999982e+00        7.130000000000000226e-02
1.060000000000000053e+00        1.730799999999999894e+00        7.181999999999999496e-02
1.070000000000000062e+00        1.731600000000000028e+00        7.233999999999998765e-02
1.080000000000000071e+00        1.732399999999999940e+00        7.285999999999999421e-02
1.090000000000000080e+00        1.733200000000000074e+00        7.338000000000000078e-02
1.100000000000000089e+00        1.733999999999999986e+00        7.389999999999999347e-02
1.110000000000000098e+00        1.735100000000000087e+00        7.403999999999999471e-02
1.120000000000000107e+00        1.736199999999999966e+00        7.417999999999999594e-02
1.129999999999999893e+00        1.737300000000000066e+00        7.431999999999999718e-02
1.139999999999999902e+00        1.738399999999999945e+00        7.445999999999999841e-02
1.149999999999999911e+00        1.739500000000000046e+00        7.459999999999999964e-02
1.159999999999999920e+00        1.740600000000000147e+00        7.474000000000000088e-02
1.169999999999999929e+00        1.741700000000000026e+00        7.488000000000000211e-02
1.179999999999999938e+00        1.742800000000000127e+00        7.502000000000000335e-02
1.189999999999999947e+00        1.743900000000000006e+00        7.516000000000000458e-02
1.199999999999999956e+00        1.745000000000000107e+00        7.530000000000000582e-02
1.209999999999999964e+00        1.746100000000000207e+00        7.504000000000000947e-02
1.219999999999999973e+00        1.747200000000000086e+00        7.477999999999999925e-02
1.229999999999999982e+00        1.748299999999999965e+00        7.452000000000000290e-02
1.239999999999999991e+00        1.749400000000000066e+00        7.426000000000000656e-02
1.250000000000000000e+00        1.750500000000000167e+00        7.400000000000001021e-02
1.260000000000000009e+00        1.751600000000000046e+00        7.373999999999999999e-02
1.270000000000000018e+00        1.752699999999999925e+00        7.348000000000000365e-02
1.280000000000000027e+00        1.753800000000000026e+00        7.322000000000000730e-02
1.290000000000000036e+00        1.754900000000000126e+00        7.295999999999999708e-02
1.300000000000000044e+00        1.756000000000000005e+00        7.270000000000000073e-02
1.310000000000000053e+00        1.757000000000000117e+00        7.216000000000000192e-02
1.320000000000000062e+00        1.758000000000000007e+00        7.162000000000000310e-02
1.330000000000000071e+00        1.759000000000000119e+00        7.107999999999999041e-02
1.340000000000000080e+00        1.760000000000000009e+00        7.053999999999999160e-02
1.350000000000000089e+00        1.761000000000000121e+00        6.999999999999999278e-02
1.360000000000000098e+00        1.762000000000000011e+00        6.945999999999999397e-02
1.370000000000000107e+00        1.763000000000000123e+00        6.891999999999999515e-02
1.379999999999999893e+00        1.764000000000000012e+00        6.837999999999999634e-02
1.389999999999999902e+00        1.764999999999999902e+00        6.783999999999999753e-02
1.399999999999999911e+00        1.766000000000000014e+00        6.729999999999999871e-02
1.409999999999999920e+00        1.766699999999999937e+00        6.662999999999999479e-02
1.419999999999999929e+00        1.767400000000000082e+00        6.596000000000000474e-02
1.429999999999999938e+00        1.768100000000000005e+00        6.529000000000000081e-02
1.439999999999999947e+00        1.768799999999999928e+00        6.461999999999999689e-02
1.449999999999999956e+00        1.769500000000000073e+00        6.395000000000000684e-02
1.459999999999999964e+00        1.770199999999999996e+00        6.328000000000000291e-02
1.469999999999999973e+00        1.770899999999999919e+00        6.260999999999999899e-02
1.479999999999999982e+00        1.771599999999999842e+00        6.194000000000000200e-02
1.489999999999999991e+00        1.772299999999999986e+00        6.126999999999999807e-02
1.500000000000000000e+00        1.772999999999999909e+00        6.060000000000000109e-02
1.510000000000000009e+00        1.773399999999999865e+00        5.992000000000000104e-02
1.520000000000000018e+00        1.773799999999999821e+00        5.924000000000000099e-02
1.530000000000000027e+00        1.774199999999999999e+00        5.856000000000000094e-02
1.540000000000000036e+00        1.774599999999999955e+00        5.788000000000000089e-02
1.550000000000000044e+00        1.774999999999999911e+00        5.720000000000000084e-02
1.560000000000000053e+00        1.775399999999999867e+00        5.652000000000000079e-02
1.570000000000000062e+00        1.775799999999999823e+00        5.584000000000000075e-02
1.580000000000000071e+00        1.776200000000000001e+00        5.516000000000000070e-02
1.590000000000000080e+00        1.776599999999999957e+00        5.448000000000000065e-02
1.600000000000000089e+00        1.776999999999999913e+00        5.380000000000000060e-02
1.610000000000000098e+00        1.777399999999999869e+00        5.315000000000000280e-02
1.620000000000000107e+00        1.777799999999999825e+00        5.249999999999999806e-02
1.629999999999999893e+00        1.778200000000000003e+00        5.185000000000001413e-02
1.639999999999999902e+00        1.778599999999999959e+00        5.120000000000000939e-02
1.649999999999999911e+00        1.778999999999999915e+00        5.055000000000001159e-02
1.659999999999999920e+00        1.779399999999999871e+00        4.990000000000000685e-02
1.669999999999999929e+00        1.779799999999999827e+00        4.925000000000000211e-02
1.679999999999999938e+00        1.780200000000000005e+00        4.860000000000000431e-02
1.689999999999999947e+00        1.780599999999999961e+00        4.795000000000000651e-02
1.699999999999999956e+00        1.780999999999999917e+00        4.730000000000000177e-02
1.709999999999999964e+00        1.781299999999999883e+00        4.671000000000000152e-02
1.719999999999999973e+00        1.781599999999999850e+00        4.612000000000000127e-02
1.729999999999999982e+00        1.781900000000000039e+00        4.553000000000000103e-02
1.739999999999999991e+00        1.782200000000000006e+00        4.494000000000000078e-02
1.750000000000000000e+00        1.782499999999999973e+00        4.435000000000000053e-02
1.760000000000000009e+00        1.782799999999999940e+00        4.376000000000000029e-02
1.770000000000000018e+00        1.783099999999999907e+00        4.317000000000000004e-02
1.780000000000000027e+00        1.783400000000000096e+00        4.257999999999999979e-02
1.790000000000000036e+00        1.783700000000000063e+00        4.198999999999999955e-02
1.800000000000000044e+00        1.784000000000000030e+00        4.139999999999999930e-02
1.810000000000000053e+00        1.784100000000000019e+00        4.088999999999999579e-02
1.820000000000000062e+00        1.784200000000000008e+00        4.037999999999999923e-02
1.830000000000000071e+00        1.784299999999999997e+00        3.986999999999999572e-02
1.840000000000000080e+00        1.784399999999999986e+00        3.935999999999999222e-02
1.850000000000000089e+00        1.784499999999999975e+00        3.884999999999999565e-02
1.860000000000000098e+00        1.784599999999999964e+00        3.833999999999999214e-02
1.870000000000000107e+00        1.784699999999999953e+00        3.782999999999998864e-02
1.879999999999999893e+00        1.784799999999999942e+00        3.731999999999999901e-02
1.889999999999999902e+00        1.784899999999999931e+00        3.681000000000000244e-02
1.899999999999999911e+00        1.784999999999999920e+00        3.629999999999999893e-02
1.909999999999999920e+00        1.785099999999999909e+00        3.581999999999999768e-02
1.919999999999999929e+00        1.785199999999999898e+00        3.533999999999999642e-02
1.929999999999999938e+00        1.785299999999999887e+00        3.486000000000000210e-02
1.939999999999999947e+00        1.785399999999999876e+00        3.438000000000000084e-02
1.949999999999999956e+00        1.785499999999999865e+00        3.389999999999999958e-02
1.959999999999999964e+00        1.785600000000000076e+00        3.341999999999999832e-02
1.969999999999999973e+00        1.785700000000000065e+00        3.293999999999999706e-02
1.979999999999999982e+00        1.785800000000000054e+00        3.246000000000000274e-02
1.989999999999999991e+00        1.785900000000000043e+00        3.198000000000000148e-02
2.000000000000000000e+00        1.786000000000000032e+00        3.150000000000000022e-02
2.009999999999999787e+00        1.785949999999999926e+00        3.106500000000000927e-02
2.020000000000000018e+00        1.785900000000000043e+00        3.063000000000000098e-02
2.029999999999999805e+00        1.785849999999999937e+00        3.019500000000001003e-02
2.040000000000000036e+00        1.785800000000000054e+00        2.976000000000000173e-02
2.049999999999999822e+00        1.785749999999999948e+00        2.932500000000001078e-02
2.060000000000000053e+00        1.785700000000000065e+00        2.888999999999999901e-02
2.069999999999999840e+00        1.785649999999999959e+00        2.845500000000001153e-02
2.080000000000000071e+00        1.785600000000000076e+00        2.801999999999999977e-02
2.089999999999999858e+00        1.785549999999999971e+00        2.758500000000001229e-02
2.100000000000000089e+00        1.785499999999999865e+00        2.715000000000000052e-02
2.109999999999999876e+00        1.785449999999999982e+00        2.671500000000000957e-02
2.120000000000000107e+00        1.785399999999999876e+00        2.628000000000000128e-02
2.129999999999999893e+00        1.785349999999999993e+00        2.584500000000001033e-02
2.140000000000000124e+00        1.785299999999999887e+00        2.541000000000000203e-02
2.149999999999999911e+00        1.785250000000000004e+00        2.497500000000001108e-02
2.160000000000000142e+00        1.785199999999999898e+00        2.453999999999999931e-02
2.169999999999999929e+00        1.785150000000000015e+00        2.410500000000001183e-02
2.180000000000000160e+00        1.785099999999999909e+00        2.367000000000000354e-02
2.189999999999999947e+00        1.785050000000000026e+00        2.323500000000001259e-02
2.200000000000000178e+00        1.784999999999999920e+00        2.280000000000000082e-02
2.209999999999999964e+00        1.784749999999999837e+00        2.248000000000000692e-02
2.220000000000000195e+00        1.784499999999999975e+00        2.215999999999999914e-02
2.229999999999999982e+00        1.784249999999999892e+00        2.184000000000000524e-02
2.240000000000000213e+00        1.784000000000000030e+00        2.151999999999999746e-02
2.250000000000000000e+00        1.783749999999999947e+00        2.120000000000000356e-02
2.259999999999999787e+00        1.783499999999999863e+00        2.088000000000000966e-02
2.270000000000000018e+00        1.783250000000000002e+00        2.056000000000000189e-02
2.279999999999999805e+00        1.782999999999999918e+00        2.024000000000000798e-02
2.290000000000000036e+00        1.782750000000000057e+00        1.992000000000000021e-02
2.299999999999999822e+00        1.782499999999999973e+00        1.960000000000000631e-02
2.310000000000000053e+00        1.782249999999999890e+00        1.927999999999999853e-02
2.319999999999999840e+00        1.782000000000000028e+00        1.896000000000000463e-02
2.330000000000000071e+00        1.781749999999999945e+00        1.863999999999999685e-02
2.339999999999999858e+00        1.781500000000000083e+00        1.832000000000000642e-02
2.350000000000000089e+00        1.781250000000000000e+00        1.799999999999999517e-02
2.359999999999999876e+00        1.780999999999999917e+00        1.768000000000000474e-02
2.370000000000000107e+00        1.780750000000000055e+00        1.735999999999999696e-02
2.379999999999999893e+00        1.780499999999999972e+00        1.704000000000000306e-02
2.390000000000000124e+00        1.780250000000000110e+00        1.671999999999999528e-02
2.399999999999999911e+00        1.780000000000000027e+00        1.640000000000000138e-02
2.410000000000000142e+00        1.779849999999999932e+00        1.627499999999999780e-02
2.419999999999999929e+00        1.779700000000000060e+00        1.615000000000000116e-02
2.430000000000000160e+00        1.779549999999999965e+00        1.602499999999999758e-02
2.439999999999999947e+00        1.779400000000000093e+00        1.590000000000000094e-02
2.450000000000000178e+00        1.779249999999999998e+00        1.577499999999999736e-02
2.459999999999999964e+00        1.779099999999999904e+00        1.565000000000000072e-02
2.470000000000000195e+00        1.778950000000000031e+00        1.552499999999999714e-02
2.479999999999999982e+00        1.778799999999999937e+00        1.540000000000000049e-02
2.490000000000000213e+00        1.778650000000000064e+00        1.527499999999999691e-02
2.500000000000000000e+00        1.778499999999999970e+00        1.515000000000000027e-02
2.509999999999999787e+00        1.778349999999999875e+00        1.502500000000000363e-02
2.520000000000000018e+00        1.778200000000000003e+00        1.490000000000000005e-02
2.529999999999999805e+00        1.778049999999999908e+00        1.477500000000000341e-02
2.540000000000000036e+00        1.777900000000000036e+00        1.464999999999999983e-02
2.549999999999999822e+00        1.777749999999999941e+00        1.452500000000000319e-02
2.560000000000000053e+00        1.777599999999999847e+00        1.439999999999999961e-02
2.569999999999999840e+00        1.777449999999999974e+00        1.427500000000000296e-02
2.580000000000000071e+00        1.777299999999999880e+00        1.414999999999999938e-02
2.589999999999999858e+00        1.777150000000000007e+00        1.402500000000000274e-02
2.600000000000000089e+00        1.776999999999999913e+00        1.389999999999999916e-02
2.609999999999999876e+00        1.776849999999999818e+00        1.383000000000000028e-02
2.620000000000000107e+00        1.776699999999999946e+00        1.375999999999999966e-02
2.629999999999999893e+00        1.776549999999999851e+00        1.369000000000000078e-02
2.640000000000000124e+00        1.776399999999999979e+00        1.361999999999999843e-02
2.649999999999999911e+00        1.776249999999999885e+00        1.354999999999999954e-02
2.660000000000000142e+00        1.776100000000000012e+00        1.347999999999999893e-02
2.669999999999999929e+00        1.775949999999999918e+00        1.341000000000000004e-02
2.680000000000000160e+00        1.775800000000000045e+00        1.333999999999999769e-02
2.689999999999999947e+00        1.775649999999999951e+00        1.327000000000000055e-02
2.700000000000000178e+00        1.775499999999999856e+00        1.319999999999999819e-02
2.709999999999999964e+00        1.775349999999999984e+00        1.312999999999999931e-02
2.720000000000000195e+00        1.775199999999999889e+00        1.305999999999999869e-02
2.729999999999999982e+00        1.775050000000000017e+00        1.298999999999999981e-02
2.740000000000000213e+00        1.774899999999999922e+00        1.291999999999999746e-02
2.750000000000000000e+00        1.774750000000000050e+00        1.285000000000000031e-02
2.759999999999999787e+00        1.774599999999999955e+00        1.278000000000000143e-02
2.770000000000000018e+00        1.774450000000000083e+00        1.270999999999999908e-02
2.779999999999999805e+00        1.774299999999999988e+00        1.264000000000000019e-02
2.790000000000000036e+00        1.774150000000000116e+00        1.256999999999999958e-02
2.799999999999999822e+00        1.774000000000000021e+00        1.250000000000000069e-02
2.810000000000000053e+00        1.773800000000000043e+00        1.246500000000000039e-02
2.819999999999999840e+00        1.773600000000000065e+00        1.243000000000000008e-02
2.830000000000000071e+00        1.773400000000000087e+00        1.239499999999999977e-02
2.839999999999999858e+00        1.773200000000000109e+00        1.236000000000000119e-02
2.850000000000000089e+00        1.772999999999999909e+00        1.232499999999999915e-02
2.859999999999999876e+00        1.772799999999999931e+00        1.229000000000000058e-02
2.870000000000000107e+00        1.772599999999999953e+00        1.225500000000000027e-02
2.879999999999999893e+00        1.772399999999999975e+00        1.221999999999999996e-02
2.890000000000000124e+00        1.772199999999999998e+00        1.218499999999999965e-02
2.899999999999999911e+00        1.772000000000000020e+00        1.215000000000000108e-02
2.910000000000000142e+00        1.771800000000000042e+00        1.211499999999999903e-02
2.919999999999999929e+00        1.771600000000000064e+00        1.208000000000000046e-02
2.930000000000000160e+00        1.771400000000000086e+00        1.204500000000000015e-02
2.939999999999999947e+00        1.771200000000000108e+00        1.200999999999999984e-02
2.950000000000000178e+00        1.770999999999999908e+00        1.197499999999999953e-02
2.959999999999999964e+00        1.770799999999999930e+00        1.193999999999999923e-02
2.970000000000000195e+00        1.770599999999999952e+00        1.190499999999999892e-02
2.979999999999999982e+00        1.770399999999999974e+00        1.187000000000000034e-02
2.990000000000000213e+00        1.770199999999999996e+00        1.183499999999999830e-02
3.000000000000000000e+00        1.770000000000000018e+00        1.179999999999999973e-02
3.009999999999999787e+00        1.769740000000000091e+00        1.176800000000000068e-02
3.020000000000000018e+00        1.769479999999999942e+00        1.173599999999999990e-02
3.029999999999999805e+00        1.769220000000000015e+00        1.170400000000000086e-02
3.040000000000000036e+00        1.768960000000000088e+00        1.167200000000000008e-02
3.049999999999999822e+00        1.768699999999999939e+00        1.164000000000000104e-02
3.060000000000000053e+00        1.768440000000000012e+00        1.160800000000000026e-02
3.069999999999999840e+00        1.768180000000000085e+00        1.157600000000000122e-02
3.080000000000000071e+00        1.767919999999999936e+00        1.154400000000000044e-02
3.089999999999999858e+00        1.767660000000000009e+00        1.151199999999999966e-02
3.100000000000000089e+00        1.767400000000000082e+00        1.147999999999999889e-02
3.109999999999999876e+00        1.767139999999999933e+00        1.144799999999999984e-02
3.120000000000000107e+00        1.766880000000000006e+00        1.141599999999999906e-02
3.129999999999999893e+00        1.766620000000000079e+00        1.138400000000000002e-02
3.140000000000000124e+00        1.766359999999999930e+00        1.135199999999999924e-02
3.149999999999999911e+00        1.766100000000000003e+00        1.132000000000000020e-02
3.160000000000000142e+00        1.765840000000000076e+00        1.128799999999999942e-02
3.169999999999999929e+00        1.765579999999999927e+00        1.125600000000000038e-02
3.180000000000000160e+00        1.765320000000000000e+00        1.122399999999999960e-02
3.189999999999999947e+00        1.765060000000000073e+00        1.119200000000000056e-02
3.200000000000000178e+00        1.764799999999999924e+00        1.115999999999999978e-02
3.209999999999999964e+00        1.764539999999999997e+00        1.112800000000000074e-02
3.220000000000000195e+00        1.764279999999999848e+00        1.109599999999999996e-02
3.229999999999999982e+00        1.764019999999999921e+00        1.106400000000000092e-02
3.240000000000000213e+00        1.763759999999999994e+00        1.103200000000000014e-02
3.250000000000000000e+00        1.763500000000000068e+00        1.099999999999999936e-02
3.259999999999999787e+00        1.763239999999999919e+00        1.096800000000000032e-02
3.270000000000000018e+00        1.762979999999999992e+00        1.093599999999999954e-02
3.279999999999999805e+00        1.762720000000000065e+00        1.090400000000000050e-02
3.290000000000000036e+00        1.762459999999999916e+00        1.087199999999999972e-02
3.299999999999999822e+00        1.762199999999999989e+00        1.084000000000000068e-02
3.310000000000000053e+00        1.761939999999999840e+00        1.080799999999999990e-02
3.319999999999999840e+00        1.761679999999999913e+00        1.077600000000000086e-02
3.330000000000000071e+00        1.761419999999999986e+00        1.074400000000000008e-02
3.339999999999999858e+00        1.761159999999999837e+00        1.071200000000000103e-02
3.350000000000000089e+00        1.760899999999999910e+00        1.068000000000000026e-02
3.359999999999999876e+00        1.760639999999999983e+00        1.064800000000000121e-02
3.370000000000000107e+00        1.760379999999999834e+00        1.061600000000000044e-02
3.379999999999999893e+00        1.760119999999999907e+00        1.058400000000000139e-02
3.390000000000000124e+00        1.759859999999999980e+00        1.055200000000000062e-02
3.399999999999999911e+00        1.759599999999999831e+00        1.052000000000000157e-02
3.410000000000000142e+00        1.759339999999999904e+00        1.048800000000000079e-02
3.419999999999999929e+00        1.759079999999999977e+00        1.045600000000000002e-02
3.430000000000000160e+00        1.758819999999999828e+00        1.042399999999999924e-02
3.439999999999999947e+00        1.758559999999999901e+00        1.039200000000000020e-02
3.450000000000000178e+00        1.758299999999999974e+00        1.035999999999999942e-02
3.459999999999999964e+00        1.758039999999999825e+00        1.032800000000000037e-02
3.470000000000000195e+00        1.757779999999999898e+00        1.029599999999999960e-02
3.479999999999999982e+00        1.757519999999999971e+00        1.026400000000000055e-02
3.490000000000000213e+00        1.757259999999999822e+00        1.023199999999999978e-02
3.500000000000000000e+00        1.756999999999999895e+00        1.020000000000000073e-02
3.509999999999999787e+00        1.756799999999999917e+00        1.017800000000000128e-02
3.520000000000000018e+00        1.756599999999999939e+00        1.015600000000000010e-02
3.529999999999999805e+00        1.756399999999999961e+00        1.013400000000000065e-02
3.540000000000000036e+00        1.756199999999999983e+00        1.011200000000000120e-02
3.549999999999999822e+00        1.756000000000000005e+00        1.009000000000000175e-02
3.560000000000000053e+00        1.755800000000000027e+00        1.006800000000000056e-02
3.569999999999999840e+00        1.755599999999999827e+00        1.004600000000000111e-02
3.580000000000000071e+00        1.755399999999999849e+00        1.002399999999999992e-02
3.589999999999999858e+00        1.755199999999999871e+00        1.000200000000000047e-02
3.600000000000000089e+00        1.754999999999999893e+00        9.980000000000001023e-03
3.609999999999999876e+00        1.754799999999999915e+00        9.958000000000001573e-03
3.620000000000000107e+00        1.754599999999999937e+00        9.936000000000000387e-03
3.629999999999999893e+00        1.754399999999999959e+00        9.914000000000000937e-03
3.640000000000000124e+00        1.754199999999999982e+00        9.891999999999999751e-03
3.649999999999999911e+00        1.754000000000000004e+00        9.870000000000000301e-03
3.660000000000000142e+00        1.753800000000000026e+00        9.848000000000000850e-03
3.669999999999999929e+00        1.753600000000000048e+00        9.826000000000001400e-03
3.680000000000000160e+00        1.753400000000000070e+00        9.804000000000000214e-03
3.689999999999999947e+00        1.753199999999999870e+00        9.782000000000000764e-03
3.700000000000000178e+00        1.752999999999999892e+00        9.759999999999999579e-03
3.709999999999999964e+00        1.752799999999999914e+00        9.738000000000000128e-03
3.720000000000000195e+00        1.752599999999999936e+00        9.716000000000000678e-03
3.729999999999999982e+00        1.752399999999999958e+00        9.694000000000001227e-03
3.740000000000000213e+00        1.752199999999999980e+00        9.672000000000000042e-03
3.750000000000000000e+00        1.752000000000000002e+00        9.650000000000000591e-03
3.759999999999999787e+00        1.751800000000000024e+00        9.628000000000001141e-03
3.770000000000000018e+00        1.751600000000000046e+00        9.605999999999999955e-03
3.779999999999999805e+00        1.751400000000000068e+00        9.584000000000000505e-03
3.790000000000000036e+00        1.751200000000000090e+00        9.562000000000001054e-03
3.799999999999999822e+00        1.751000000000000112e+00        9.540000000000001604e-03
3.810000000000000053e+00        1.750800000000000134e+00        9.518000000000000418e-03
3.819999999999999840e+00        1.750599999999999934e+00        9.496000000000000968e-03
3.830000000000000071e+00        1.750399999999999956e+00        9.473999999999999783e-03
3.839999999999999858e+00        1.750199999999999978e+00        9.452000000000000332e-03
3.850000000000000089e+00        1.750000000000000000e+00        9.430000000000000882e-03
3.859999999999999876e+00        1.749800000000000022e+00        9.408000000000001431e-03
3.870000000000000107e+00        1.749600000000000044e+00        9.386000000000000246e-03
3.879999999999999893e+00        1.749400000000000066e+00        9.364000000000000795e-03
3.890000000000000124e+00        1.749200000000000088e+00        9.341999999999999610e-03
3.899999999999999911e+00        1.749000000000000110e+00        9.320000000000000159e-03
3.910000000000000142e+00        1.748800000000000132e+00        9.298000000000000709e-03
3.919999999999999929e+00        1.748600000000000154e+00        9.276000000000001258e-03
3.930000000000000160e+00        1.748400000000000176e+00        9.254000000000000073e-03
3.939999999999999947e+00        1.748199999999999976e+00        9.232000000000000622e-03
3.950000000000000178e+00        1.747999999999999998e+00        9.209999999999999437e-03
3.959999999999999964e+00        1.747800000000000020e+00        9.187999999999999987e-03
3.970000000000000195e+00        1.747600000000000042e+00        9.166000000000000536e-03
3.979999999999999982e+00        1.747400000000000064e+00        9.144000000000001085e-03
3.990000000000000213e+00        1.747200000000000086e+00        9.121999999999999900e-03
4.000000000000000000e+00        1.747000000000000108e+00        9.100000000000000450e-03
4.009999999999999787e+00        1.746760000000000090e+00        9.090000000000000857e-03
4.019999999999999574e+00        1.746520000000000072e+00        9.080000000000001265e-03
4.030000000000000249e+00        1.746280000000000054e+00        9.069999999999999937e-03
4.040000000000000036e+00        1.746040000000000036e+00        9.060000000000000345e-03
4.049999999999999822e+00        1.745800000000000018e+00        9.050000000000000752e-03
4.059999999999999609e+00        1.745560000000000223e+00        9.040000000000001160e-03
4.070000000000000284e+00        1.745320000000000205e+00        9.029999999999999832e-03
4.080000000000000071e+00        1.745080000000000187e+00        9.020000000000000240e-03
4.089999999999999858e+00        1.744840000000000169e+00        9.010000000000000647e-03
4.099999999999999645e+00        1.744600000000000151e+00        9.000000000000001055e-03
4.110000000000000320e+00        1.744360000000000133e+00        8.989999999999999727e-03
4.120000000000000107e+00        1.744120000000000115e+00        8.980000000000000135e-03
4.129999999999999893e+00        1.743880000000000097e+00        8.970000000000000542e-03
4.139999999999999680e+00        1.743640000000000079e+00        8.960000000000000950e-03
4.150000000000000355e+00        1.743400000000000061e+00        8.949999999999999623e-03
4.160000000000000142e+00        1.743160000000000043e+00        8.940000000000000030e-03
4.169999999999999929e+00        1.742920000000000025e+00        8.930000000000000437e-03
4.179999999999999716e+00        1.742680000000000007e+00        8.920000000000000845e-03
4.190000000000000391e+00        1.742439999999999989e+00        8.909999999999999518e-03
4.200000000000000178e+00        1.742200000000000193e+00        8.899999999999999925e-03
4.209999999999999964e+00        1.741960000000000175e+00        8.890000000000000333e-03
4.219999999999999751e+00        1.741720000000000157e+00        8.880000000000000740e-03
4.230000000000000426e+00        1.741480000000000139e+00        8.869999999999999413e-03
4.240000000000000213e+00        1.741240000000000121e+00        8.859999999999999820e-03
4.250000000000000000e+00        1.741000000000000103e+00        8.850000000000000228e-03
4.259999999999999787e+00        1.740760000000000085e+00        8.840000000000000635e-03
4.269999999999999574e+00        1.740520000000000067e+00        8.830000000000001042e-03
4.280000000000000249e+00        1.740280000000000049e+00        8.819999999999999715e-03
4.290000000000000036e+00        1.740040000000000031e+00        8.810000000000000123e-03
4.299999999999999822e+00        1.739800000000000013e+00        8.800000000000000530e-03
4.309999999999999609e+00        1.739560000000000217e+00        8.790000000000000938e-03
4.320000000000000284e+00        1.739320000000000199e+00        8.779999999999999610e-03
4.330000000000000071e+00        1.739080000000000181e+00        8.770000000000000018e-03
4.339999999999999858e+00        1.738840000000000163e+00        8.760000000000000425e-03
4.349999999999999645e+00        1.738600000000000145e+00        8.750000000000000833e-03
4.360000000000000320e+00        1.738360000000000127e+00        8.739999999999999505e-03
4.370009999999999728e+00        1.738119760000000014e+00        8.729989999999999972e-03
4.380010000000000403e+00        1.737879759999999996e+00        8.719990000000000380e-03
4.390010000000000190e+00        1.737639760000000200e+00        8.709990000000000787e-03
4.400009999999999977e+00        1.737399760000000182e+00        8.699989999999999460e-03
4.410009999999999764e+00        1.737159760000000164e+00        8.689989999999999867e-03
4.420010000000000439e+00        1.736919760000000146e+00        8.679990000000000275e-03
4.430010000000000225e+00        1.736679760000000128e+00        8.669990000000000682e-03
4.440010000000000012e+00        1.736439760000000110e+00        8.659989999999999355e-03
4.450009999999999799e+00        1.736199760000000092e+00        8.649989999999999762e-03
4.460009999999999586e+00        1.735959760000000074e+00        8.639990000000000170e-03
4.470010000000000261e+00        1.735719760000000056e+00        8.629990000000000577e-03
4.480010000000000048e+00        1.735479760000000038e+00        8.619989999999999250e-03
4.490009999999999835e+00        1.735239760000000020e+00        8.609989999999999657e-03
4.500009999999999621e+00        1.734999560000000107e+00        8.600006000000000317e-03
4.510010000000000296e+00        1.734559560000000111e+00        8.606005999999999379e-03
4.520010000000000083e+00        1.734119560000000115e+00        8.612006000000000175e-03
4.530009999999999870e+00        1.733679560000000119e+00        8.618005999999999237e-03
4.540009999999999657e+00        1.733239560000000123e+00        8.624006000000000033e-03
4.550010000000000332e+00        1.732799560000000128e+00        8.630006000000000829e-03
4.560010000000000119e+00        1.732359560000000132e+00        8.636005999999999891e-03
4.570009999999999906e+00        1.731919560000000136e+00        8.642006000000000687e-03
4.580009999999999692e+00        1.731479560000000140e+00        8.648005999999999749e-03
4.590010000000000367e+00        1.731039560000000144e+00        8.654006000000000545e-03
4.600010000000000154e+00        1.730599560000000148e+00        8.660005999999999607e-03
4.610009999999999941e+00        1.730159560000000152e+00        8.666006000000000403e-03
4.620009999999999728e+00        1.729719560000000156e+00        8.672005999999999465e-03
4.630010000000000403e+00        1.729279560000000160e+00        8.678006000000000261e-03
4.640010000000000190e+00        1.728839560000000164e+00        8.684005999999999323e-03
4.650009999999999977e+00        1.728399560000000168e+00        8.690006000000000119e-03
4.660009999999999764e+00        1.727959560000000172e+00        8.696005999999999181e-03
4.670010000000000439e+00        1.727519560000000176e+00        8.702005999999999977e-03
4.680010000000000225e+00        1.727079560000000180e+00        8.708006000000000774e-03
4.690010000000000012e+00        1.726639560000000184e+00        8.714005999999999835e-03
4.700009999999999799e+00        1.726199560000000188e+00        8.720006000000000632e-03
4.710009999999999586e+00        1.725759560000000192e+00        8.726005999999999693e-03
4.720010000000000261e+00        1.725319559999999974e+00        8.732006000000000490e-03
4.730010000000000048e+00        1.724879559999999978e+00        8.738005999999999551e-03
4.740009999999999835e+00        1.724439560000000204e+00        8.744006000000000348e-03
4.750009999999999621e+00        1.723999560000000209e+00        8.750005999999999409e-03
4.760010000000000296e+00        1.723559559999999991e+00        8.756006000000000206e-03
4.770010000000000083e+00        1.723119559999999995e+00        8.762005999999999267e-03
4.780009999999999870e+00        1.722679559999999999e+00        8.768006000000000064e-03
4.790009999999999657e+00        1.722239560000000003e+00        8.774005999999999125e-03
4.800010000000000332e+00        1.721799560000000007e+00        8.780005999999999922e-03
4.810019999999999740e+00        1.721359120000000020e+00        8.786011999999999295e-03
4.820020000000000415e+00        1.720919120000000024e+00        8.792012000000000091e-03
4.830020000000000202e+00        1.720479120000000028e+00        8.798012000000000887e-03
4.840019999999999989e+00        1.720039120000000032e+00        8.804011999999999949e-03
4.850019999999999776e+00        1.719599120000000037e+00        8.810011999999999011e-03
4.860019999999999563e+00        1.719159120000000041e+00        8.816011999999999807e-03
4.870020000000000238e+00        1.718719120000000045e+00        8.822012000000000603e-03
4.880020000000000024e+00        1.718279120000000049e+00        8.828011999999999665e-03
4.890019999999999811e+00        1.717839120000000053e+00        8.834012000000000461e-03
4.900019999999999598e+00        1.717399120000000057e+00        8.840011999999999523e-03
4.910020000000000273e+00        1.716959120000000061e+00        8.846012000000000319e-03
4.920020000000000060e+00        1.716519120000000065e+00        8.852011999999999381e-03
4.930019999999999847e+00        1.716079120000000069e+00        8.858012000000000177e-03
4.940019999999999634e+00        1.715639120000000073e+00        8.864011999999999239e-03
4.950020000000000309e+00        1.715199120000000077e+00        8.870012000000000035e-03
4.960020000000000095e+00        1.714759120000000081e+00        8.876011999999999097e-03
4.970019999999999882e+00        1.714319120000000085e+00        8.882011999999999893e-03
4.980019999999999669e+00        1.713879120000000089e+00        8.888011999999998955e-03
4.990020000000000344e+00        1.713439120000000093e+00        8.894011999999999751e-03
