# wav(mic), n, k, y=0.4
2.999999999999999889e-01        1.814999999999999947e+00        2.790000000000000258e-01
3.099999999999999978e-01        1.823500000000000121e+00        2.680000000000000160e-01
3.200000000000000067e-01        1.832000000000000073e+00        2.570000000000000062e-01
3.300000000000000155e-01        1.837500000000000133e+00        2.444999999999999951e-01
3.400000000000000244e-01        1.842999999999999972e+00        2.320000000000000118e-01
3.499999999999999778e-01        1.845999999999999863e+00        2.190000000000000280e-01
3.599999999999999867e-01        1.848999999999999977e+00        2.059999999999999887e-01
3.699999999999999956e-01        1.849499999999999922e+00        1.945000000000000062e-01
3.800000000000000044e-01        1.850000000000000089e+00        1.829999999999999960e-01
3.900000000000000133e-01        1.848500000000000032e+00        1.729999999999999871e-01
4.000000000000000222e-01        1.846999999999999975e+00        1.630000000000000060e-01
4.099999999999999756e-01        1.844999999999999973e+00        1.550000000000000266e-01
4.199999999999999845e-01        1.842999999999999972e+00        1.469999999999999918e-01
4.299999999999999933e-01        1.840333333333333377e+00        1.403333333333333377e-01
4.400000000000000022e-01        1.837666666666666559e+00        1.336666666666666559e-01
4.500000000000000111e-01        1.834999999999999964e+00        1.270000000000000018e-01
4.600000000000000200e-01        1.832600000000000007e+00        1.223999999999999949e-01
4.699999999999999734e-01        1.830200000000000049e+00        1.178000000000000158e-01
4.799999999999999822e-01        1.827799999999999869e+00        1.132000000000000089e-01
4.899999999999999911e-01        1.825399999999999912e+00        1.086000000000000021e-01
5.000000000000000000e-01        1.822999999999999954e+00        1.039999999999999952e-01
5.100000000000000089e-01        1.820599999999999996e+00        1.010399999999999909e-01
5.200000000000000178e-01        1.818200000000000038e+00        9.808000000000000052e-02
5.300000000000000266e-01        1.815799999999999859e+00        9.511999999999999622e-02
5.400000000000000355e-01        1.813399999999999901e+00        9.216000000000000580e-02
5.500000000000000444e-01        1.810999999999999943e+00        8.920000000000000151e-02
5.600000000000000533e-01        1.808999999999999941e+00        8.727999999999999647e-02
5.699999999999999512e-01        1.806999999999999940e+00        8.536000000000001919e-02
5.799999999999999600e-01        1.804999999999999938e+00        8.344000000000001416e-02
5.899999999999999689e-01        1.802999999999999936e+00        8.152000000000000912e-02
5.999999999999999778e-01        1.800999999999999934e+00        7.960000000000000409e-02
6.099999999999999867e-01        1.799399999999999888e+00        7.842000000000000359e-02
6.199999999999999956e-01        1.797799999999999843e+00        7.724000000000000310e-02
6.300000000000000044e-01        1.796200000000000019e+00        7.606000000000000261e-02
6.400000000000000133e-01        1.794599999999999973e+00        7.488000000000000211e-02
6.500000000000000222e-01        1.792999999999999927e+00        7.370000000000000162e-02
6.600000000000000311e-01        1.791599999999999859e+00        7.305999999999999994e-02
6.700000000000000400e-01        1.790200000000000014e+00        7.241999999999999826e-02
6.800000000000000488e-01        1.788799999999999946e+00        7.177999999999999658e-02
6.899999999999999467e-01        1.787400000000000100e+00        7.113999999999999491e-02
6.999999999999999556e-01        1.786000000000000032e+00        7.049999999999999323e-02
7.099999999999999645e-01        1.784799999999999942e+00        7.031999999999999362e-02
7.199999999999999734e-01        1.783600000000000074e+00        7.013999999999999402e-02
7.299999999999999822e-01        1.782399999999999984e+00        6.995999999999999441e-02
7.399999999999999911e-01        1.781200000000000117e+00        6.977999999999999481e-02
7.500000000000000000e-01        1.780000000000000027e+00        6.959999999999999520e-02
7.600000000000000089e-01        1.778999999999999915e+00        6.977999999999999481e-02
7.700000000000000178e-01        1.778000000000000025e+00        6.995999999999999441e-02
7.800000000000000266e-01        1.776999999999999913e+00        7.013999999999999402e-02
7.900000000000000355e-01        1.776000000000000023e+00        7.031999999999999362e-02
8.000000000000000444e-01        1.774999999999999911e+00        7.049999999999999323e-02
8.100000000000000533e-01        1.774399999999999977e+00        7.114999999999999103e-02
8.199999999999999512e-01        1.773799999999999821e+00        7.179999999999998883e-02
8.299999999999999600e-01        1.773199999999999887e+00        7.244999999999998663e-02
8.399999999999999689e-01        1.772599999999999953e+00        7.309999999999999831e-02
8.499999999999999778e-01        1.772000000000000020e+00        7.374999999999999611e-02
8.599999999999999867e-01        1.771399999999999864e+00        7.439999999999999392e-02
8.699999999999999956e-01        1.770799999999999930e+00        7.504999999999999172e-02
8.800000000000000044e-01        1.770199999999999996e+00        7.569999999999998952e-02
8.900000000000000133e-01        1.769599999999999840e+00        7.635000000000000120e-02
9.000000000000000222e-01        1.768999999999999906e+00        7.699999999999999900e-02
9.100000000000000311e-01        1.769099999999999895e+00        7.799000000000000377e-02
9.200000000000000400e-01        1.769199999999999884e+00        7.898000000000000853e-02
9.300000000000000488e-01        1.769299999999999873e+00        7.996999999999999942e-02
9.399999999999999467e-01        1.769399999999999862e+00        8.095999999999999031e-02
9.499999999999999556e-01        1.769499999999999851e+00        8.194999999999999507e-02
9.599999999999999645e-01        1.769600000000000062e+00        8.293999999999999984e-02
9.699999999999999734e-01        1.769700000000000051e+00        8.393000000000000460e-02
9.799999999999999822e-01        1.769800000000000040e+00        8.491999999999999549e-02
9.899999999999999911e-01        1.769900000000000029e+00        8.591000000000000025e-02
1.000000000000000000e+00        1.770000000000000018e+00        8.690000000000000502e-02
1.010000000000000009e+00        1.770799999999999930e+00        8.787999999999999978e-02
1.020000000000000018e+00        1.771600000000000064e+00        8.886000000000000842e-02
1.030000000000000027e+00        1.772399999999999975e+00        8.984000000000000319e-02
1.040000000000000036e+00        1.773200000000000109e+00        9.081999999999999795e-02
1.050000000000000044e+00        1.774000000000000021e+00        9.179999999999999272e-02
1.060000000000000053e+00        1.774799999999999933e+00        9.278000000000000136e-02
1.070000000000000062e+00        1.775600000000000067e+00        9.375999999999999612e-02
1.080000000000000071e+00        1.776399999999999979e+00        9.473999999999999089e-02
1.090000000000000080e+00        1.777200000000000113e+00        9.571999999999999953e-02
1.100000000000000089e+00        1.778000000000000025e+00        9.669999999999999429e-02
1.110000000000000098e+00        1.779200000000000115e+00        9.732999999999999985e-02
1.120000000000000107e+00        1.780399999999999983e+00        9.795999999999999153e-02
1.129999999999999893e+00        1.781600000000000072e+00        9.858999999999998320e-02
1.139999999999999902e+00        1.782799999999999940e+00        9.921999999999998876e-02
1.149999999999999911e+00        1.784000000000000030e+00        9.984999999999999432e-02
1.159999999999999920e+00        1.785200000000000120e+00        1.004799999999999860e-01
1.169999999999999929e+00        1.786399999999999988e+00        1.011099999999999915e-01
1.179999999999999938e+00        1.787600000000000078e+00        1.017399999999999971e-01
1.189999999999999947e+00        1.788799999999999946e+00        1.023699999999999888e-01
1.199999999999999956e+00        1.790000000000000036e+00        1.029999999999999943e-01
1.209999999999999964e+00        1.791500000000000092e+00        1.032000000000000001e-01
1.219999999999999973e+00        1.792999999999999927e+00        1.033999999999999919e-01
1.229999999999999982e+00        1.794499999999999984e+00        1.035999999999999976e-01
1.239999999999999991e+00        1.796000000000000041e+00        1.037999999999999895e-01
1.250000000000000000e+00        1.797499999999999876e+00        1.039999999999999952e-01
1.260000000000000009e+00        1.798999999999999932e+00        1.042000000000000010e-01
1.270000000000000018e+00        1.800499999999999989e+00        1.043999999999999928e-01
1.280000000000000027e+00        1.802000000000000046e+00        1.045999999999999985e-01
1.290000000000000036e+00        1.803499999999999881e+00        1.047999999999999904e-01
1.300000000000000044e+00        1.804999999999999938e+00        1.049999999999999961e-01
1.310000000000000053e+00        1.806300000000000017e+00        1.047000000000000014e-01
1.320000000000000062e+00        1.807599999999999874e+00        1.043999999999999928e-01
1.330000000000000071e+00        1.808899999999999952e+00        1.040999999999999981e-01
1.340000000000000080e+00        1.810200000000000031e+00        1.037999999999999895e-01
1.350000000000000089e+00        1.811500000000000110e+00        1.034999999999999948e-01
1.360000000000000098e+00        1.812799999999999967e+00        1.031999999999999862e-01
1.370000000000000107e+00        1.814100000000000046e+00        1.028999999999999915e-01
1.379999999999999893e+00        1.815400000000000125e+00        1.025999999999999968e-01
1.389999999999999902e+00        1.816699999999999982e+00        1.022999999999999882e-01
1.399999999999999911e+00        1.818000000000000060e+00        1.019999999999999934e-01
1.409999999999999920e+00        1.819200000000000150e+00        1.014599999999999946e-01
1.419999999999999929e+00        1.820400000000000018e+00        1.009199999999999958e-01
1.429999999999999938e+00        1.821600000000000108e+00        1.003799999999999970e-01
1.439999999999999947e+00        1.822799999999999976e+00        9.983999999999999819e-02
1.449999999999999956e+00        1.824000000000000066e+00        9.929999999999999938e-02
1.459999999999999964e+00        1.825200000000000156e+00        9.876000000000000056e-02
1.469999999999999973e+00        1.826400000000000023e+00        9.822000000000000175e-02
1.479999999999999982e+00        1.827600000000000113e+00        9.768000000000000294e-02
1.489999999999999991e+00        1.828799999999999981e+00        9.714000000000000412e-02
1.500000000000000000e+00        1.830000000000000071e+00        9.660000000000000531e-02
1.510000000000000009e+00        1.830899999999999972e+00        9.591000000000000913e-02
1.520000000000000018e+00        1.831800000000000095e+00        9.521999999999999909e-02
1.530000000000000027e+00        1.832699999999999996e+00        9.453000000000000291e-02
1.540000000000000036e+00        1.833600000000000119e+00        9.384000000000000674e-02
1.550000000000000044e+00        1.834500000000000020e+00        9.314999999999999669e-02
1.560000000000000053e+00        1.835399999999999920e+00        9.246000000000000052e-02
1.570000000000000062e+00        1.836300000000000043e+00        9.177000000000000435e-02
1.580000000000000071e+00        1.837199999999999944e+00        9.108000000000000818e-02
1.590000000000000080e+00        1.838100000000000067e+00        9.038999999999999813e-02
1.600000000000000089e+00        1.838999999999999968e+00        8.970000000000000195e-02
1.610000000000000098e+00        1.839699999999999891e+00        8.898000000000000353e-02
1.620000000000000107e+00        1.840400000000000036e+00        8.826000000000000512e-02
1.629999999999999893e+00        1.841099999999999959e+00        8.754000000000000670e-02
1.639999999999999902e+00        1.841800000000000104e+00        8.682000000000000828e-02
1.649999999999999911e+00        1.842500000000000027e+00        8.610000000000000986e-02
1.659999999999999920e+00        1.843199999999999950e+00        8.538000000000001144e-02
1.669999999999999929e+00        1.843900000000000095e+00        8.466000000000001302e-02
1.679999999999999938e+00        1.844600000000000017e+00        8.394000000000000072e-02
1.689999999999999947e+00        1.845300000000000162e+00        8.322000000000000230e-02
1.699999999999999956e+00        1.846000000000000085e+00        8.250000000000000389e-02
1.709999999999999964e+00        1.846400000000000041e+00        8.179000000000000159e-02
1.719999999999999973e+00        1.846799999999999997e+00        8.107999999999999929e-02
1.729999999999999982e+00        1.847200000000000175e+00        8.036999999999999700e-02
1.739999999999999991e+00        1.847600000000000131e+00        7.965999999999999470e-02
1.750000000000000000e+00        1.848000000000000087e+00        7.895000000000000628e-02
1.760000000000000009e+00        1.848400000000000043e+00        7.824000000000000399e-02
1.770000000000000018e+00        1.848799999999999999e+00        7.753000000000000169e-02
1.780000000000000027e+00        1.849200000000000177e+00        7.681999999999999940e-02
1.790000000000000036e+00        1.849600000000000133e+00        7.610999999999999710e-02
1.800000000000000044e+00        1.850000000000000089e+00        7.539999999999999480e-02
1.810000000000000053e+00        1.850300000000000056e+00        7.476999999999998925e-02
1.820000000000000062e+00        1.850600000000000023e+00        7.413999999999999757e-02
1.830000000000000071e+00        1.850899999999999990e+00        7.350999999999999202e-02
1.840000000000000080e+00        1.851199999999999957e+00        7.287999999999998646e-02
1.850000000000000089e+00        1.851500000000000146e+00        7.224999999999998090e-02
1.860000000000000098e+00        1.851800000000000113e+00        7.161999999999998923e-02
1.870000000000000107e+00        1.852100000000000080e+00        7.098999999999998367e-02
1.879999999999999893e+00        1.852400000000000047e+00        7.035999999999999199e-02
1.889999999999999902e+00        1.852700000000000014e+00        6.973000000000000032e-02
1.899999999999999911e+00        1.852999999999999980e+00        6.909999999999999476e-02
1.909999999999999920e+00        1.853299999999999947e+00        6.847999999999999921e-02
1.919999999999999929e+00        1.853599999999999914e+00        6.785999999999998977e-02
1.929999999999999938e+00        1.853900000000000103e+00        6.723999999999999422e-02
1.939999999999999947e+00        1.854200000000000070e+00        6.661999999999999866e-02
1.949999999999999956e+00        1.854500000000000037e+00        6.600000000000000311e-02
1.959999999999999964e+00        1.854800000000000004e+00        6.537999999999999368e-02
1.969999999999999973e+00        1.855099999999999971e+00        6.475999999999999812e-02
1.979999999999999982e+00        1.855400000000000160e+00        6.414000000000000257e-02
1.989999999999999991e+00        1.855700000000000127e+00        6.351999999999999313e-02
2.000000000000000000e+00        1.856000000000000094e+00        6.289999999999999758e-02
2.009999999999999787e+00        1.856500000000000039e+00        6.234000000000001346e-02
2.020000000000000018e+00        1.857000000000000206e+00        6.178000000000000158e-02
2.029999999999999805e+00        1.857500000000000151e+00        6.122000000000001052e-02
2.040000000000000036e+00        1.858000000000000096e+00        6.065999999999999864e-02
2.049999999999999822e+00        1.858500000000000041e+00        6.010000000000001452e-02
2.060000000000000053e+00        1.858999999999999986e+00        5.953999999999999571e-02
2.069999999999999840e+00        1.859500000000000153e+00        5.898000000000001158e-02
2.080000000000000071e+00        1.860000000000000098e+00        5.841999999999999971e-02
2.089999999999999858e+00        1.860500000000000043e+00        5.786000000000000865e-02
2.100000000000000089e+00        1.861000000000000210e+00        5.730000000000000371e-02
2.109999999999999876e+00        1.861500000000000155e+00        5.674000000000001265e-02
2.120000000000000107e+00        1.862000000000000099e+00        5.618000000000000077e-02
2.129999999999999893e+00        1.862500000000000044e+00        5.562000000000001665e-02
2.140000000000000124e+00        1.862999999999999989e+00        5.505999999999999783e-02
2.149999999999999911e+00        1.863500000000000156e+00        5.450000000000001371e-02
2.160000000000000142e+00        1.864000000000000101e+00        5.394000000000000183e-02
2.169999999999999929e+00        1.864500000000000046e+00        5.338000000000001077e-02
2.180000000000000160e+00        1.865000000000000213e+00        5.282000000000000584e-02
2.189999999999999947e+00        1.865500000000000158e+00        5.226000000000001477e-02
2.200000000000000178e+00        1.866000000000000103e+00        5.170000000000000290e-02
2.209999999999999964e+00        1.865650000000000031e+00        5.126500000000001195e-02
2.220000000000000195e+00        1.865300000000000180e+00        5.083000000000000018e-02
2.229999999999999982e+00        1.864950000000000108e+00        5.039500000000000923e-02
2.240000000000000213e+00        1.864600000000000035e+00        4.995999999999999747e-02
2.250000000000000000e+00        1.864250000000000185e+00        4.952500000000000652e-02
2.259999999999999787e+00        1.863900000000000112e+00        4.909000000000001557e-02
2.270000000000000018e+00        1.863550000000000040e+00        4.865500000000000380e-02
2.279999999999999805e+00        1.863199999999999967e+00        4.822000000000001285e-02
2.290000000000000036e+00        1.862850000000000117e+00        4.778500000000000109e-02
2.299999999999999822e+00        1.862500000000000044e+00        4.735000000000001014e-02
2.310000000000000053e+00        1.862149999999999972e+00        4.691499999999999837e-02
2.319999999999999840e+00        1.861800000000000122e+00        4.648000000000000742e-02
2.330000000000000071e+00        1.861450000000000049e+00        4.604499999999999565e-02
2.339999999999999858e+00        1.861099999999999977e+00        4.561000000000000471e-02
2.350000000000000089e+00        1.860749999999999904e+00        4.517499999999999294e-02
2.359999999999999876e+00        1.860400000000000054e+00        4.474000000000000199e-02
2.370000000000000107e+00        1.860049999999999981e+00        4.430499999999999022e-02
2.379999999999999893e+00        1.859699999999999909e+00        4.386999999999999927e-02
2.390000000000000124e+00        1.859350000000000058e+00        4.343499999999998751e-02
2.399999999999999911e+00        1.858999999999999986e+00        4.299999999999999656e-02
2.410000000000000142e+00        1.858949999999999880e+00        4.266999999999999266e-02
2.419999999999999929e+00        1.858899999999999997e+00        4.233999999999999569e-02
2.430000000000000160e+00        1.858849999999999891e+00        4.200999999999999179e-02
2.439999999999999947e+00        1.858800000000000008e+00        4.167999999999999483e-02
2.450000000000000178e+00        1.858749999999999902e+00        4.134999999999999093e-02
2.459999999999999964e+00        1.858700000000000019e+00        4.102000000000000091e-02
2.470000000000000195e+00        1.858649999999999913e+00        4.068999999999999007e-02
2.479999999999999982e+00        1.858600000000000030e+00        4.036000000000000004e-02
2.490000000000000213e+00        1.858549999999999924e+00        4.002999999999998920e-02
2.500000000000000000e+00        1.858500000000000041e+00        3.969999999999999918e-02
2.509999999999999787e+00        1.858450000000000157e+00        3.937000000000000915e-02
2.520000000000000018e+00        1.858400000000000052e+00        3.903999999999999831e-02
2.529999999999999805e+00        1.858350000000000168e+00        3.871000000000000829e-02
2.540000000000000036e+00        1.858300000000000063e+00        3.837999999999999745e-02
2.549999999999999822e+00        1.858250000000000179e+00        3.805000000000000743e-02
2.560000000000000053e+00        1.858200000000000074e+00        3.772000000000000353e-02
2.569999999999999840e+00        1.858150000000000190e+00        3.739000000000000656e-02
2.580000000000000071e+00        1.858100000000000085e+00        3.706000000000000266e-02
2.589999999999999858e+00        1.858050000000000201e+00        3.673000000000000570e-02
2.600000000000000089e+00        1.858000000000000096e+00        3.640000000000000180e-02
2.609999999999999876e+00        1.857750000000000012e+00        3.618000000000000382e-02
2.620000000000000107e+00        1.857500000000000151e+00        3.595999999999999891e-02
2.629999999999999893e+00        1.857250000000000068e+00        3.574000000000000787e-02
2.640000000000000124e+00        1.856999999999999984e+00        3.552000000000000296e-02
2.649999999999999911e+00        1.856750000000000123e+00        3.530000000000000498e-02
2.660000000000000142e+00        1.856500000000000039e+00        3.508000000000000007e-02
2.669999999999999929e+00        1.856249999999999956e+00        3.486000000000000210e-02
2.680000000000000160e+00        1.856000000000000094e+00        3.463999999999999718e-02
2.689999999999999947e+00        1.855750000000000011e+00        3.441999999999999921e-02
2.700000000000000178e+00        1.855499999999999927e+00        3.419999999999999429e-02
2.709999999999999964e+00        1.855250000000000066e+00        3.398000000000000326e-02
2.720000000000000195e+00        1.854999999999999982e+00        3.375999999999999834e-02
2.729999999999999982e+00        1.854750000000000121e+00        3.354000000000000037e-02
2.740000000000000213e+00        1.854500000000000037e+00        3.331999999999999545e-02
2.750000000000000000e+00        1.854249999999999954e+00        3.309999999999999748e-02
2.759999999999999787e+00        1.854000000000000092e+00        3.288000000000000644e-02
2.770000000000000018e+00        1.853750000000000009e+00        3.265999999999999459e-02
2.779999999999999805e+00        1.853499999999999925e+00        3.244000000000000355e-02
2.790000000000000036e+00        1.853250000000000064e+00        3.221999999999999864e-02
2.799999999999999822e+00        1.852999999999999980e+00        3.200000000000000067e-02
2.810000000000000053e+00        1.852649999999999908e+00        3.186999999999999555e-02
2.819999999999999840e+00        1.852300000000000058e+00        3.173999999999999738e-02
2.830000000000000071e+00        1.851949999999999985e+00        3.160999999999999921e-02
2.839999999999999858e+00        1.851599999999999913e+00        3.148000000000000104e-02
2.850000000000000089e+00        1.851250000000000062e+00        3.134999999999999593e-02
2.859999999999999876e+00        1.850899999999999990e+00        3.122000000000000122e-02
2.870000000000000107e+00        1.850549999999999917e+00        3.108999999999999611e-02
2.879999999999999893e+00        1.850200000000000067e+00        3.096000000000000141e-02
2.890000000000000124e+00        1.849849999999999994e+00        3.082999999999999630e-02
2.899999999999999911e+00        1.849499999999999922e+00        3.069999999999999812e-02
2.910000000000000142e+00        1.849150000000000071e+00        3.056999999999999648e-02
2.919999999999999929e+00        1.848799999999999999e+00        3.043999999999999831e-02
2.930000000000000160e+00        1.848450000000000149e+00        3.030999999999999667e-02
2.939999999999999947e+00        1.848100000000000076e+00        3.017999999999999849e-02
2.950000000000000178e+00        1.847750000000000004e+00        3.004999999999999685e-02
2.959999999999999964e+00        1.847400000000000153e+00        2.991999999999999868e-02
2.970000000000000195e+00        1.847050000000000081e+00        2.978999999999999704e-02
2.979999999999999982e+00        1.846700000000000008e+00        2.965999999999999887e-02
2.990000000000000213e+00        1.846350000000000158e+00        2.952999999999999722e-02
3.000000000000000000e+00        1.846000000000000085e+00        2.939999999999999905e-02
3.009999999999999787e+00        1.845800000000000107e+00        2.933399999999999896e-02
3.020000000000000018e+00        1.845600000000000129e+00        2.926799999999999888e-02
3.029999999999999805e+00        1.845400000000000151e+00        2.920199999999999879e-02
3.040000000000000036e+00        1.845200000000000173e+00        2.913599999999999871e-02
3.049999999999999822e+00        1.845000000000000195e+00        2.907000000000000209e-02
3.060000000000000053e+00        1.844799999999999995e+00        2.900399999999999853e-02
3.069999999999999840e+00        1.844600000000000017e+00        2.893800000000000192e-02
3.080000000000000071e+00        1.844400000000000039e+00        2.887199999999999836e-02
3.089999999999999858e+00        1.844200000000000061e+00        2.880600000000000174e-02
3.100000000000000089e+00        1.844000000000000083e+00        2.873999999999999819e-02
3.109999999999999876e+00        1.843800000000000106e+00        2.867400000000000157e-02
3.120000000000000107e+00        1.843600000000000128e+00        2.860799999999999801e-02
3.129999999999999893e+00        1.843400000000000150e+00        2.854200000000000140e-02
3.140000000000000124e+00        1.843200000000000172e+00        2.847599999999999784e-02
3.149999999999999911e+00        1.843000000000000194e+00        2.841000000000000122e-02
3.160000000000000142e+00        1.842799999999999994e+00        2.834399999999999767e-02
3.169999999999999929e+00        1.842600000000000016e+00        2.827800000000000105e-02
3.180000000000000160e+00        1.842400000000000038e+00        2.821199999999999750e-02
3.189999999999999947e+00        1.842200000000000060e+00        2.814600000000000088e-02
3.200000000000000178e+00        1.842000000000000082e+00        2.807999999999999732e-02
3.209999999999999964e+00        1.841800000000000104e+00        2.801400000000000071e-02
3.220000000000000195e+00        1.841600000000000126e+00        2.794800000000000062e-02
3.229999999999999982e+00        1.841400000000000148e+00        2.788200000000000053e-02
3.240000000000000213e+00        1.841200000000000170e+00        2.781600000000000045e-02
3.250000000000000000e+00        1.841000000000000192e+00        2.775000000000000036e-02
3.259999999999999787e+00        1.840799999999999992e+00        2.768400000000000027e-02
3.270000000000000018e+00        1.840600000000000014e+00        2.761800000000000019e-02
3.279999999999999805e+00        1.840400000000000036e+00        2.755200000000000010e-02
3.290000000000000036e+00        1.840200000000000058e+00        2.748600000000000002e-02
3.299999999999999822e+00        1.840000000000000080e+00        2.741999999999999993e-02
3.310000000000000053e+00        1.839800000000000102e+00        2.735399999999999984e-02
3.319999999999999840e+00        1.839600000000000124e+00        2.728800000000000323e-02
3.330000000000000071e+00        1.839400000000000146e+00        2.722199999999999967e-02
3.339999999999999858e+00        1.839200000000000168e+00        2.715600000000000305e-02
3.350000000000000089e+00        1.838999999999999968e+00        2.708999999999999950e-02
3.359999999999999876e+00        1.838799999999999990e+00        2.702400000000000288e-02
3.370000000000000107e+00        1.838600000000000012e+00        2.695799999999999932e-02
3.379999999999999893e+00        1.838400000000000034e+00        2.689200000000000271e-02
3.390000000000000124e+00        1.838200000000000056e+00        2.682599999999999915e-02
3.399999999999999911e+00        1.838000000000000078e+00        2.676000000000000253e-02
3.410000000000000142e+00        1.837800000000000100e+00        2.669399999999999898e-02
3.419999999999999929e+00        1.837600000000000122e+00        2.662800000000000236e-02
3.430000000000000160e+00        1.837400000000000144e+00        2.656199999999999881e-02
3.439999999999999947e+00        1.837200000000000166e+00        2.649600000000000219e-02
3.450000000000000178e+00        1.836999999999999966e+00        2.643000000000000210e-02
3.459999999999999964e+00        1.836799999999999988e+00        2.636400000000000202e-02
3.470000000000000195e+00        1.836600000000000010e+00        2.629800000000000193e-02
3.479999999999999982e+00        1.836400000000000032e+00        2.623200000000000184e-02
3.490000000000000213e+00        1.836200000000000054e+00        2.616600000000000176e-02
3.500000000000000000e+00        1.836000000000000076e+00        2.610000000000000167e-02
3.509999999999999787e+00        1.835840000000000138e+00        2.604400000000000118e-02
3.520000000000000018e+00        1.835679999999999978e+00        2.598800000000000068e-02
3.529999999999999805e+00        1.835520000000000040e+00        2.593200000000000366e-02
3.540000000000000036e+00        1.835360000000000102e+00        2.587600000000000317e-02
3.549999999999999822e+00        1.835200000000000164e+00        2.582000000000000267e-02
3.560000000000000053e+00        1.835040000000000004e+00        2.576400000000000218e-02
3.569999999999999840e+00        1.834880000000000067e+00        2.570800000000000168e-02
3.580000000000000071e+00        1.834720000000000129e+00        2.565200000000000119e-02
3.589999999999999858e+00        1.834559999999999969e+00        2.559600000000000070e-02
3.600000000000000089e+00        1.834400000000000031e+00        2.554000000000000020e-02
3.609999999999999876e+00        1.834240000000000093e+00        2.548400000000000318e-02
3.620000000000000107e+00        1.834080000000000155e+00        2.542799999999999921e-02
3.629999999999999893e+00        1.833919999999999995e+00        2.537200000000000219e-02
3.640000000000000124e+00        1.833760000000000057e+00        2.531600000000000170e-02
3.649999999999999911e+00        1.833600000000000119e+00        2.526000000000000120e-02
3.660000000000000142e+00        1.833440000000000181e+00        2.520400000000000071e-02
3.669999999999999929e+00        1.833280000000000021e+00        2.514800000000000368e-02
3.680000000000000160e+00        1.833120000000000083e+00        2.509199999999999972e-02
3.689999999999999947e+00        1.832960000000000145e+00        2.503600000000000270e-02
3.700000000000000178e+00        1.832799999999999985e+00        2.498000000000000220e-02
3.709999999999999964e+00        1.832640000000000047e+00        2.492400000000000171e-02
3.720000000000000195e+00        1.832480000000000109e+00        2.486800000000000122e-02
3.729999999999999982e+00        1.832320000000000171e+00        2.481200000000000072e-02
3.740000000000000213e+00        1.832160000000000011e+00        2.475600000000000023e-02
3.750000000000000000e+00        1.832000000000000073e+00        2.469999999999999973e-02
3.759999999999999787e+00        1.831840000000000135e+00        2.464400000000000271e-02
3.770000000000000018e+00        1.831679999999999975e+00        2.458800000000000222e-02
3.779999999999999805e+00        1.831520000000000037e+00        2.453200000000000172e-02
3.790000000000000036e+00        1.831360000000000099e+00        2.447600000000000123e-02
3.799999999999999822e+00        1.831200000000000161e+00        2.442000000000000420e-02
3.810000000000000053e+00        1.831040000000000001e+00        2.436400000000000024e-02
3.819999999999999840e+00        1.830880000000000063e+00        2.430800000000000322e-02
3.830000000000000071e+00        1.830720000000000125e+00        2.425200000000000272e-02
3.839999999999999858e+00        1.830559999999999965e+00        2.419600000000000223e-02
3.850000000000000089e+00        1.830400000000000027e+00        2.414000000000000173e-02
3.859999999999999876e+00        1.830240000000000089e+00        2.408400000000000124e-02
3.870000000000000107e+00        1.830080000000000151e+00        2.402800000000000075e-02
3.879999999999999893e+00        1.829919999999999991e+00        2.397200000000000025e-02
3.890000000000000124e+00        1.829760000000000053e+00        2.391599999999999976e-02
3.899999999999999911e+00        1.829600000000000115e+00        2.386000000000000273e-02
3.910000000000000142e+00        1.829440000000000177e+00        2.380399999999999877e-02
3.919999999999999929e+00        1.829280000000000017e+00        2.374800000000000175e-02
3.930000000000000160e+00        1.829120000000000079e+00        2.369200000000000125e-02
3.939999999999999947e+00        1.828960000000000141e+00        2.363600000000000076e-02
3.950000000000000178e+00        1.828799999999999981e+00        2.358000000000000027e-02
3.959999999999999964e+00        1.828640000000000043e+00        2.352400000000000324e-02
3.970000000000000195e+00        1.828480000000000105e+00        2.346799999999999928e-02
3.979999999999999982e+00        1.828320000000000167e+00        2.341200000000000225e-02
3.990000000000000213e+00        1.828160000000000007e+00        2.335600000000000176e-02
4.000000000000000000e+00        1.828000000000000069e+00        2.330000000000000127e-02
4.009999999999999787e+00        1.827820000000000000e+00        2.326800000000000049e-02
4.019999999999999574e+00        1.827640000000000153e+00        2.323600000000000318e-02
4.030000000000000249e+00        1.827460000000000084e+00        2.320399999999999893e-02
4.040000000000000036e+00        1.827280000000000015e+00        2.317200000000000162e-02
4.049999999999999822e+00        1.827100000000000168e+00        2.314000000000000085e-02
4.059999999999999609e+00        1.826920000000000099e+00        2.310800000000000354e-02
4.070000000000000284e+00        1.826740000000000030e+00        2.307599999999999929e-02
4.080000000000000071e+00        1.826559999999999961e+00        2.304400000000000198e-02
4.089999999999999858e+00        1.826380000000000114e+00        2.301200000000000120e-02
4.099999999999999645e+00        1.826200000000000045e+00        2.298000000000000390e-02
4.110000000000000320e+00        1.826019999999999976e+00        2.294799999999999965e-02
4.120000000000000107e+00        1.825840000000000130e+00        2.291600000000000234e-02
4.129999999999999893e+00        1.825660000000000061e+00        2.288400000000000156e-02
4.139999999999999680e+00        1.825479999999999992e+00        2.285200000000000078e-02
4.150000000000000355e+00        1.825299999999999923e+00        2.282000000000000001e-02
4.160000000000000142e+00        1.825120000000000076e+00        2.278799999999999923e-02
4.169999999999999929e+00        1.824940000000000007e+00        2.275600000000000192e-02
4.179999999999999716e+00        1.824759999999999938e+00        2.272400000000000114e-02
4.190000000000000391e+00        1.824580000000000091e+00        2.269200000000000036e-02
4.200000000000000178e+00        1.824400000000000022e+00        2.265999999999999959e-02
4.209999999999999964e+00        1.824219999999999953e+00        2.262800000000000228e-02
4.219999999999999751e+00        1.824040000000000106e+00        2.259600000000000150e-02
4.230000000000000426e+00        1.823860000000000037e+00        2.256400000000000072e-02
4.240000000000000213e+00        1.823679999999999968e+00        2.253199999999999995e-02
4.250000000000000000e+00        1.823500000000000121e+00        2.249999999999999917e-02
4.259999999999999787e+00        1.823320000000000052e+00        2.246800000000000186e-02
4.269999999999999574e+00        1.823139999999999983e+00        2.243600000000000108e-02
4.280000000000000249e+00        1.822959999999999914e+00        2.240400000000000030e-02
4.290000000000000036e+00        1.822780000000000067e+00        2.237199999999999953e-02
4.299999999999999822e+00        1.822599999999999998e+00        2.234000000000000222e-02
4.309999999999999609e+00        1.822419999999999929e+00        2.230800000000000144e-02
4.320000000000000284e+00        1.822240000000000082e+00        2.227600000000000066e-02
4.330000000000000071e+00        1.822060000000000013e+00        2.224399999999999988e-02
4.339999999999999858e+00        1.821879999999999944e+00        2.221200000000000258e-02
4.349999999999999645e+00        1.821700000000000097e+00        2.218000000000000180e-02
4.360000000000000320e+00        1.821520000000000028e+00        2.214800000000000102e-02
4.370009999999999728e+00        1.821339819999999943e+00        2.211596800000000321e-02
4.380010000000000403e+00        1.821159819999999874e+00        2.208396799999999896e-02
4.390010000000000190e+00        1.820979820000000027e+00        2.205196800000000165e-02
4.400009999999999977e+00        1.820799819999999958e+00        2.201996800000000087e-02
4.410009999999999764e+00        1.820619819999999889e+00        2.198796800000000010e-02
4.420010000000000439e+00        1.820439820000000042e+00        2.195596799999999932e-02
4.430010000000000225e+00        1.820259819999999973e+00        2.192396799999999854e-02
4.440010000000000012e+00        1.820079819999999904e+00        2.189196800000000123e-02
4.450009999999999799e+00        1.819899820000000057e+00        2.185996800000000045e-02
4.460009999999999586e+00        1.819719819999999988e+00        2.182796800000000315e-02
4.470010000000000261e+00        1.819539819999999919e+00        2.179596799999999890e-02
4.480010000000000048e+00        1.819359819999999850e+00        2.176396800000000159e-02
4.490009999999999835e+00        1.819179820000000003e+00        2.173196800000000081e-02
4.500009999999999621e+00        1.818999719999999876e+00        2.169999200000000128e-02
4.510010000000000296e+00        1.818719720000000040e+00        2.169199200000000022e-02
4.520010000000000083e+00        1.818439719999999982e+00        2.168399199999999916e-02
4.530009999999999870e+00        1.818159719999999924e+00        2.167599200000000156e-02
4.540009999999999657e+00        1.817879719999999866e+00        2.166799200000000050e-02
4.550010000000000332e+00        1.817599720000000030e+00        2.165999199999999944e-02
4.560010000000000119e+00        1.817319719999999972e+00        2.165199200000000185e-02
4.570009999999999906e+00        1.817039719999999914e+00        2.164399200000000079e-02
4.580009999999999692e+00        1.816759719999999856e+00        2.163599199999999972e-02
4.590010000000000367e+00        1.816479720000000020e+00        2.162799199999999866e-02
4.600010000000000154e+00        1.816199719999999962e+00        2.161999200000000107e-02
4.610009999999999941e+00        1.815919719999999904e+00        2.161199200000000001e-02
4.620009999999999728e+00        1.815639719999999846e+00        2.160399199999999895e-02
4.630010000000000403e+00        1.815359720000000010e+00        2.159599200000000135e-02
4.640010000000000190e+00        1.815079719999999952e+00        2.158799200000000029e-02
4.650009999999999977e+00        1.814799719999999894e+00        2.157999199999999923e-02
4.660009999999999764e+00        1.814519720000000058e+00        2.157199200000000164e-02
4.670010000000000439e+00        1.814239720000000000e+00        2.156399200000000058e-02
4.680010000000000225e+00        1.813959719999999942e+00        2.155599199999999951e-02
4.690010000000000012e+00        1.813679719999999884e+00        2.154799199999999845e-02
4.700009999999999799e+00        1.813399720000000048e+00        2.153999200000000086e-02
4.710009999999999586e+00        1.813119719999999990e+00        2.153199199999999980e-02
4.720010000000000261e+00        1.812839719999999932e+00        2.152399199999999874e-02
4.730010000000000048e+00        1.812559719999999874e+00        2.151599200000000114e-02
4.740009999999999835e+00        1.812279720000000038e+00        2.150799200000000008e-02
4.750009999999999621e+00        1.811999719999999980e+00        2.149999199999999902e-02
4.760010000000000296e+00        1.811719719999999922e+00        2.149199200000000143e-02
4.770010000000000083e+00        1.811439719999999864e+00        2.148399200000000037e-02
4.780009999999999870e+00        1.811159720000000029e+00        2.147599199999999930e-02
4.790009999999999657e+00        1.810879719999999971e+00        2.146799200000000171e-02
4.800010000000000332e+00        1.810599719999999913e+00        2.145999200000000065e-02
4.810019999999999740e+00        1.810319440000000002e+00        2.145198400000000033e-02
4.820020000000000415e+00        1.810039439999999944e+00        2.144398399999999927e-02
4.830020000000000202e+00        1.809759439999999886e+00        2.143598399999999821e-02
4.840019999999999989e+00        1.809479440000000050e+00        2.142798400000000061e-02
4.850019999999999776e+00        1.809199439999999992e+00        2.141998399999999955e-02
4.860019999999999563e+00        1.808919439999999934e+00        2.141198399999999849e-02
4.870020000000000238e+00        1.808639439999999876e+00        2.140398400000000090e-02
4.880020000000000024e+00        1.808359440000000040e+00        2.139598399999999984e-02
4.890019999999999811e+00        1.808079439999999982e+00        2.138798399999999877e-02
4.900019999999999598e+00        1.807799439999999924e+00        2.137998400000000118e-02
4.910020000000000273e+00        1.807519439999999866e+00        2.137198400000000012e-02
4.920020000000000060e+00        1.807239440000000030e+00        2.136398399999999906e-02
4.930019999999999847e+00        1.806959439999999972e+00        2.135598400000000147e-02
4.940019999999999634e+00        1.806679439999999914e+00        2.134798400000000040e-02
4.950020000000000309e+00        1.806399439999999856e+00        2.133998399999999934e-02
4.960020000000000095e+00        1.806119440000000020e+00        2.133198399999999828e-02
4.970019999999999882e+00        1.805839439999999962e+00        2.132398400000000069e-02
4.980019999999999669e+00        1.805559439999999904e+00        2.131598399999999963e-02
4.990020000000000344e+00        1.805279439999999846e+00        2.130798399999999856e-02
