# wav(mic), n, k
2.999999999999999889e-01        1.712639999999999940e+00        1.554020000000000123e-01
3.099999999999999978e-01        1.717309999999999892e+00        1.476405000000000078e-01
3.200000000000000067e-01        1.721980000000000066e+00        1.398790000000000033e-01
3.300000000000000155e-01        1.723780000000000090e+00        1.304075000000000095e-01
3.400000000000000244e-01        1.725579999999999892e+00        1.209360000000000018e-01
3.499999999999999778e-01        1.724464999999999915e+00        1.124780000000000224e-01
3.599999999999999867e-01        1.723349999999999937e+00        1.040200000000000014e-01
3.699999999999999956e-01        1.721160000000000023e+00        9.731599999999999973e-02
3.800000000000000044e-01        1.718970000000000109e+00        9.061199999999999810e-02
3.900000000000000133e-01        1.716485000000000039e+00        8.531149999999999844e-02
4.000000000000000222e-01        1.713999999999999968e+00        8.001099999999999879e-02
4.099999999999999756e-01        1.711540000000000061e+00        7.547300000000001230e-02
4.199999999999999845e-01        1.709079999999999933e+00        7.093499999999999805e-02
4.299999999999999933e-01        1.706693333333333396e+00        6.715666666666667006e-02
4.400000000000000022e-01        1.704306666666666636e+00        6.337833333333332819e-02
4.500000000000000111e-01        1.701920000000000099e+00        5.960000000000000020e-02
4.600000000000000200e-01        1.699234000000000133e+00        5.663999999999999591e-02
4.699999999999999734e-01        1.696548000000000167e+00        5.368000000000001243e-02
4.799999999999999822e-01        1.693861999999999979e+00        5.072000000000000813e-02
4.899999999999999911e-01        1.691176000000000013e+00        4.776000000000000384e-02
5.000000000000000000e-01        1.688490000000000046e+00        4.479999999999999954e-02
5.100000000000000089e-01        1.687486000000000042e+00        4.263999999999999735e-02
5.200000000000000178e-01        1.686482000000000037e+00        4.048000000000000209e-02
5.300000000000000266e-01        1.685478000000000032e+00        3.831999999999999990e-02
5.400000000000000355e-01        1.684474000000000027e+00        3.615999999999999770e-02
5.500000000000000444e-01        1.683470000000000022e+00        3.400000000000000244e-02
5.600000000000000533e-01        1.682700000000000085e+00        3.261999999999999622e-02
5.699999999999999512e-01        1.681929999999999925e+00        3.124000000000001082e-02
5.799999999999999600e-01        1.681159999999999988e+00        2.986000000000000459e-02
5.899999999999999689e-01        1.680389999999999828e+00        2.848000000000000184e-02
5.999999999999999778e-01        1.679619999999999891e+00        2.709999999999999909e-02
6.099999999999999867e-01        1.678677999999999892e+00        2.591999999999999860e-02
6.199999999999999956e-01        1.677735999999999894e+00        2.473999999999999810e-02
6.300000000000000044e-01        1.676793999999999896e+00        2.356000000000000108e-02
6.400000000000000133e-01        1.675851999999999897e+00        2.238000000000000059e-02
6.500000000000000222e-01        1.674909999999999899e+00        2.120000000000000009e-02
6.600000000000000311e-01        1.674155999999999977e+00        2.041999999999999718e-02
6.700000000000000400e-01        1.673402000000000056e+00        1.963999999999999774e-02
6.800000000000000488e-01        1.672647999999999913e+00        1.885999999999999482e-02
6.899999999999999467e-01        1.671893999999999991e+00        1.808000000000000232e-02
6.999999999999999556e-01        1.671140000000000070e+00        1.729999999999999941e-02
7.099999999999999645e-01        1.670996000000000148e+00        1.684000000000000080e-02
7.199999999999999734e-01        1.670852000000000004e+00        1.637999999999999873e-02
7.299999999999999822e-01        1.670708000000000082e+00        1.592000000000000012e-02
7.399999999999999911e-01        1.670563999999999938e+00        1.545999999999999978e-02
7.500000000000000000e-01        1.670420000000000016e+00        1.499999999999999944e-02
7.600000000000000089e-01        1.670501999999999931e+00        1.460000000000000013e-02
7.700000000000000178e-01        1.670584000000000069e+00        1.419999999999999908e-02
7.800000000000000266e-01        1.670665999999999984e+00        1.379999999999999977e-02
7.900000000000000355e-01        1.670748000000000122e+00        1.339999999999999872e-02
8.000000000000000444e-01        1.670830000000000037e+00        1.299999999999999940e-02
8.100000000000000533e-01        1.671094999999999997e+00        1.279999999999999888e-02
8.199999999999999512e-01        1.671359999999999957e+00        1.260000000000000182e-02
8.299999999999999600e-01        1.671625000000000139e+00        1.240000000000000130e-02
8.399999999999999689e-01        1.671890000000000098e+00        1.220000000000000077e-02
8.499999999999999778e-01        1.672155000000000058e+00        1.200000000000000025e-02
8.599999999999999867e-01        1.672420000000000018e+00        1.179999999999999973e-02
8.699999999999999956e-01        1.672684999999999977e+00        1.159999999999999920e-02
8.800000000000000044e-01        1.672950000000000159e+00        1.140000000000000041e-02
8.900000000000000133e-01        1.673215000000000119e+00        1.119999999999999989e-02
9.000000000000000222e-01        1.673480000000000079e+00        1.099999999999999936e-02
9.100000000000000311e-01        1.672606000000000037e+00        1.095999999999999926e-02
9.200000000000000400e-01        1.671731999999999996e+00        1.091999999999999915e-02
9.300000000000000488e-01        1.670858000000000176e+00        1.087999999999999905e-02
9.399999999999999467e-01        1.669984000000000135e+00        1.084000000000000068e-02
9.499999999999999556e-01        1.669110000000000094e+00        1.080000000000000057e-02
9.599999999999999645e-01        1.668236000000000052e+00        1.076000000000000047e-02
9.699999999999999734e-01        1.667362000000000011e+00        1.072000000000000036e-02
9.799999999999999822e-01        1.666488000000000191e+00        1.068000000000000026e-02
9.899999999999999911e-01        1.665614000000000150e+00        1.064000000000000015e-02
1.000000000000000000e+00        1.664740000000000109e+00        1.060000000000000005e-02
1.010000000000000009e+00        1.664672000000000152e+00        1.046899999999999914e-02
1.020000000000000018e+00        1.664604000000000195e+00        1.033799999999999997e-02
1.030000000000000027e+00        1.664536000000000016e+00        1.020700000000000079e-02
1.040000000000000036e+00        1.664468000000000059e+00        1.007599999999999989e-02
1.050000000000000044e+00        1.664400000000000102e+00        9.944999999999998980e-03
1.060000000000000053e+00        1.664332000000000145e+00        9.813999999999999807e-03
1.070000000000000062e+00        1.664264000000000188e+00        9.683000000000000634e-03
1.080000000000000071e+00        1.664196000000000009e+00        9.551999999999999727e-03
1.090000000000000080e+00        1.664128000000000052e+00        9.420999999999998820e-03
1.100000000000000089e+00        1.664060000000000095e+00        9.289999999999999647e-03
1.110000000000000098e+00        1.663999000000000006e+00        9.124000000000000166e-03
1.120000000000000107e+00        1.663938000000000139e+00        8.957999999999998950e-03
1.129999999999999893e+00        1.663877000000000050e+00        8.792000000000002938e-03
1.139999999999999902e+00        1.663816000000000184e+00        8.626000000000001722e-03
1.149999999999999911e+00        1.663755000000000095e+00        8.460000000000002240e-03
1.159999999999999920e+00        1.663694000000000006e+00        8.294000000000001024e-03
1.169999999999999929e+00        1.663633000000000139e+00        8.128000000000001543e-03
1.179999999999999938e+00        1.663572000000000051e+00        7.962000000000000327e-03
1.189999999999999947e+00        1.663511000000000184e+00        7.795999999999999978e-03
1.199999999999999956e+00        1.663450000000000095e+00        7.629999999999999630e-03
1.209999999999999964e+00        1.662965000000000027e+00        7.428999999999999840e-03
1.219999999999999973e+00        1.662480000000000180e+00        7.228000000000000050e-03
1.229999999999999982e+00        1.661995000000000111e+00        7.026999999999999393e-03
1.239999999999999991e+00        1.661510000000000042e+00        6.825999999999999603e-03
1.250000000000000000e+00        1.661024999999999974e+00        6.624999999999999813e-03
1.260000000000000009e+00        1.660540000000000127e+00        6.424000000000000023e-03
1.270000000000000018e+00        1.660055000000000058e+00        6.222999999999999365e-03
1.280000000000000027e+00        1.659569999999999990e+00        6.021999999999999575e-03
1.290000000000000036e+00        1.659085000000000143e+00        5.820999999999999786e-03
1.300000000000000044e+00        1.658600000000000074e+00        5.619999999999999996e-03
1.310000000000000053e+00        1.658591000000000149e+00        5.515400000000000164e-03
1.320000000000000062e+00        1.658582000000000001e+00        5.410799999999999464e-03
1.330000000000000071e+00        1.658573000000000075e+00        5.306199999999999632e-03
1.340000000000000080e+00        1.658563999999999927e+00        5.201599999999998933e-03
1.350000000000000089e+00        1.658555000000000001e+00        5.096999999999999101e-03
1.360000000000000098e+00        1.658546000000000076e+00        4.992399999999998401e-03
1.370000000000000107e+00        1.658536999999999928e+00        4.887799999999998569e-03
1.379999999999999893e+00        1.658528000000000002e+00        4.783200000000000472e-03
1.389999999999999902e+00        1.658518999999999854e+00        4.678599999999999773e-03
1.399999999999999911e+00        1.658509999999999929e+00        4.573999999999999941e-03
1.409999999999999920e+00        1.657969999999999944e+00        4.535100000000000242e-03
1.419999999999999929e+00        1.657429999999999959e+00        4.496199999999999676e-03
1.429999999999999938e+00        1.656889999999999974e+00        4.457299999999999977e-03
1.439999999999999947e+00        1.656349999999999989e+00        4.418400000000000279e-03
1.449999999999999956e+00        1.655810000000000004e+00        4.379499999999999713e-03
1.459999999999999964e+00        1.655270000000000019e+00        4.340600000000000014e-03
1.469999999999999973e+00        1.654730000000000034e+00        4.301700000000000315e-03
1.479999999999999982e+00        1.654190000000000049e+00        4.262800000000000616e-03
1.489999999999999991e+00        1.653650000000000064e+00        4.223900000000000050e-03
1.500000000000000000e+00        1.653110000000000079e+00        4.185000000000000352e-03
1.510000000000000009e+00        1.652953000000000117e+00        4.165300000000000252e-03
1.520000000000000018e+00        1.652796000000000154e+00        4.145600000000000153e-03
1.530000000000000027e+00        1.652638999999999969e+00        4.125900000000000054e-03
1.540000000000000036e+00        1.652482000000000006e+00        4.106199999999999954e-03
1.550000000000000044e+00        1.652325000000000044e+00        4.086499999999999855e-03
1.560000000000000053e+00        1.652168000000000081e+00        4.066800000000000623e-03
1.570000000000000062e+00        1.652011000000000118e+00        4.047100000000000523e-03
1.580000000000000071e+00        1.651853999999999933e+00        4.027400000000000424e-03
1.590000000000000080e+00        1.651696999999999971e+00        4.007700000000000325e-03
1.600000000000000089e+00        1.651540000000000008e+00        3.988000000000000225e-03
1.610000000000000098e+00        1.651277000000000106e+00        3.981600000000000070e-03
1.620000000000000107e+00        1.651013999999999982e+00        3.975199999999999914e-03
1.629999999999999893e+00        1.650751000000000079e+00        3.968800000000000626e-03
1.639999999999999902e+00        1.650487999999999955e+00        3.962400000000000470e-03
1.649999999999999911e+00        1.650225000000000053e+00        3.956000000000000315e-03
1.659999999999999920e+00        1.649962000000000151e+00        3.949600000000000159e-03
1.669999999999999929e+00        1.649699000000000026e+00        3.943200000000000004e-03
1.679999999999999938e+00        1.649436000000000124e+00        3.936800000000000715e-03
1.689999999999999947e+00        1.649173000000000000e+00        3.930400000000000560e-03
1.699999999999999956e+00        1.648910000000000098e+00        3.924000000000000404e-03
1.709999999999999964e+00        1.648319000000000090e+00        3.921700000000000186e-03
1.719999999999999973e+00        1.647728000000000081e+00        3.919399999999999967e-03
1.729999999999999982e+00        1.647137000000000073e+00        3.917100000000000616e-03
1.739999999999999991e+00        1.646546000000000065e+00        3.914800000000000398e-03
1.750000000000000000e+00        1.645955000000000057e+00        3.912500000000000179e-03
1.760000000000000009e+00        1.645364000000000049e+00        3.910199999999999960e-03
1.770000000000000018e+00        1.644773000000000041e+00        3.907899999999999742e-03
1.780000000000000027e+00        1.644182000000000032e+00        3.905599999999999957e-03
1.790000000000000036e+00        1.643591000000000024e+00        3.903300000000000172e-03
1.800000000000000044e+00        1.643000000000000016e+00        3.900999999999999954e-03
1.810000000000000053e+00        1.642789000000000055e+00        3.891200000000000041e-03
1.820000000000000062e+00        1.642578000000000094e+00        3.881400000000000128e-03
1.830000000000000071e+00        1.642366999999999910e+00        3.871599999999999781e-03
1.840000000000000080e+00        1.642155999999999949e+00        3.861799999999999868e-03
1.850000000000000089e+00        1.641944999999999988e+00        3.851999999999999955e-03
1.860000000000000098e+00        1.641734000000000027e+00        3.842199999999999609e-03
1.870000000000000107e+00        1.641523000000000065e+00        3.832399999999999696e-03
1.879999999999999893e+00        1.641311999999999882e+00        3.822599999999999783e-03
1.889999999999999902e+00        1.641100999999999921e+00        3.812799999999999870e-03
1.899999999999999911e+00        1.640889999999999960e+00        3.802999999999999957e-03
1.909999999999999920e+00        1.640762000000000054e+00        3.791399999999999892e-03
1.919999999999999929e+00        1.640633999999999926e+00        3.779799999999999827e-03
1.929999999999999938e+00        1.640506000000000020e+00        3.768200000000000195e-03
1.939999999999999947e+00        1.640377999999999892e+00        3.756600000000000130e-03
1.949999999999999956e+00        1.640249999999999986e+00        3.745000000000000065e-03
1.959999999999999964e+00        1.640122000000000080e+00        3.733400000000000000e-03
1.969999999999999973e+00        1.639993999999999952e+00        3.721799999999999935e-03
1.979999999999999982e+00        1.639866000000000046e+00        3.710200000000000303e-03
1.989999999999999991e+00        1.639737999999999918e+00        3.698600000000000238e-03
2.000000000000000000e+00        1.639610000000000012e+00        3.687000000000000173e-03
2.009999999999999787e+00        1.639340000000000019e+00        3.661500000000000692e-03
2.020000000000000018e+00        1.639070000000000027e+00        3.636000000000000343e-03
2.029999999999999805e+00        1.638800000000000034e+00        3.610500000000000861e-03
2.040000000000000036e+00        1.638530000000000042e+00        3.585000000000000079e-03
2.049999999999999822e+00        1.638260000000000050e+00        3.559500000000000598e-03
2.060000000000000053e+00        1.637990000000000057e+00        3.534000000000000249e-03
2.069999999999999840e+00        1.637720000000000065e+00        3.508500000000000767e-03
2.080000000000000071e+00        1.637450000000000072e+00        3.482999999999999985e-03
2.089999999999999858e+00        1.637180000000000080e+00        3.457500000000000503e-03
2.100000000000000089e+00        1.636909999999999865e+00        3.432000000000000155e-03
2.109999999999999876e+00        1.636639999999999873e+00        3.406500000000000673e-03
2.120000000000000107e+00        1.636369999999999880e+00        3.381000000000000325e-03
2.129999999999999893e+00        1.636099999999999888e+00        3.355500000000000843e-03
2.140000000000000124e+00        1.635829999999999895e+00        3.330000000000000061e-03
2.149999999999999911e+00        1.635559999999999903e+00        3.304500000000000579e-03
2.160000000000000142e+00        1.635289999999999910e+00        3.279000000000000230e-03
2.169999999999999929e+00        1.635019999999999918e+00        3.253500000000000749e-03
2.180000000000000160e+00        1.634749999999999925e+00        3.227999999999999967e-03
2.189999999999999947e+00        1.634479999999999933e+00        3.202500000000000485e-03
2.200000000000000178e+00        1.634209999999999940e+00        3.177000000000000136e-03
2.209999999999999964e+00        1.634068999999999994e+00        3.156700000000000565e-03
2.220000000000000195e+00        1.633927999999999825e+00        3.136400000000000125e-03
2.229999999999999982e+00        1.633786999999999878e+00        3.116100000000000553e-03
2.240000000000000213e+00        1.633645999999999932e+00        3.095800000000000114e-03
2.250000000000000000e+00        1.633504999999999985e+00        3.075500000000000542e-03
2.259999999999999787e+00        1.633364000000000038e+00        3.055200000000000537e-03
2.270000000000000018e+00        1.633222999999999869e+00        3.034900000000000098e-03
2.279999999999999805e+00        1.633081999999999923e+00        3.014600000000000526e-03
2.290000000000000036e+00        1.632940999999999976e+00        2.994300000000000087e-03
2.299999999999999822e+00        1.632800000000000029e+00        2.974000000000000515e-03
2.310000000000000053e+00        1.632658999999999860e+00        2.953700000000000075e-03
2.319999999999999840e+00        1.632517999999999914e+00        2.933400000000000504e-03
2.330000000000000071e+00        1.632376999999999967e+00        2.913100000000000064e-03
2.339999999999999858e+00        1.632236000000000020e+00        2.892800000000000493e-03
2.350000000000000089e+00        1.632094999999999851e+00        2.872500000000000053e-03
2.359999999999999876e+00        1.631953999999999905e+00        2.852200000000000048e-03
2.370000000000000107e+00        1.631812999999999958e+00        2.831899999999999609e-03
2.379999999999999893e+00        1.631672000000000011e+00        2.811600000000000037e-03
2.390000000000000124e+00        1.631530999999999842e+00        2.791299999999999597e-03
2.399999999999999911e+00        1.631389999999999896e+00        2.771000000000000026e-03
2.410000000000000142e+00        1.631340499999999860e+00        2.759899999999999593e-03
2.419999999999999929e+00        1.631290999999999825e+00        2.748800000000000028e-03
2.430000000000000160e+00        1.631241500000000011e+00        2.737699999999999596e-03
2.439999999999999947e+00        1.631191999999999975e+00        2.726600000000000031e-03
2.450000000000000178e+00        1.631142499999999940e+00        2.715499999999999598e-03
2.459999999999999964e+00        1.631092999999999904e+00        2.704400000000000033e-03
2.470000000000000195e+00        1.631043499999999868e+00        2.693299999999999601e-03
2.479999999999999982e+00        1.630994000000000055e+00        2.682200000000000036e-03
2.490000000000000213e+00        1.630944500000000019e+00        2.671099999999999603e-03
2.500000000000000000e+00        1.630894999999999984e+00        2.660000000000000038e-03
2.509999999999999787e+00        1.630845499999999948e+00        2.648900000000000473e-03
2.520000000000000018e+00        1.630795999999999912e+00        2.637800000000000041e-03
2.529999999999999805e+00        1.630746500000000099e+00        2.626700000000000475e-03
2.540000000000000036e+00        1.630697000000000063e+00        2.615600000000000043e-03
2.549999999999999822e+00        1.630647500000000027e+00        2.604500000000000478e-03
2.560000000000000053e+00        1.630597999999999992e+00        2.593400000000000045e-03
2.569999999999999840e+00        1.630548499999999956e+00        2.582300000000000480e-03
2.580000000000000071e+00        1.630499000000000143e+00        2.571200000000000048e-03
2.589999999999999858e+00        1.630449500000000107e+00        2.560100000000000483e-03
2.600000000000000089e+00        1.630400000000000071e+00        2.549000000000000050e-03
2.609999999999999876e+00        1.630166000000000004e+00        2.546350000000000176e-03
2.620000000000000107e+00        1.629932000000000158e+00        2.543699999999999867e-03
2.629999999999999893e+00        1.629698000000000091e+00        2.541049999999999993e-03
2.640000000000000124e+00        1.629464000000000024e+00        2.538400000000000118e-03
2.649999999999999911e+00        1.629230000000000178e+00        2.535750000000000243e-03
2.660000000000000142e+00        1.628996000000000111e+00        2.533099999999999935e-03
2.669999999999999929e+00        1.628762000000000043e+00        2.530450000000000060e-03
2.680000000000000160e+00        1.628527999999999976e+00        2.527799999999999752e-03
2.689999999999999947e+00        1.628294000000000130e+00        2.525149999999999877e-03
2.700000000000000178e+00        1.628060000000000063e+00        2.522500000000000003e-03
2.709999999999999964e+00        1.627825999999999995e+00        2.519850000000000128e-03
2.720000000000000195e+00        1.627592000000000150e+00        2.517199999999999820e-03
2.729999999999999982e+00        1.627358000000000082e+00        2.514549999999999945e-03
2.740000000000000213e+00        1.627124000000000015e+00        2.511900000000000070e-03
2.750000000000000000e+00        1.626889999999999947e+00        2.509249999999999762e-03
2.759999999999999787e+00        1.626656000000000102e+00        2.506599999999999887e-03
2.770000000000000018e+00        1.626422000000000034e+00        2.503950000000000013e-03
2.779999999999999805e+00        1.626187999999999967e+00        2.501300000000000138e-03
2.790000000000000036e+00        1.625954000000000121e+00        2.498649999999999829e-03
2.799999999999999822e+00        1.625720000000000054e+00        2.495999999999999955e-03
2.810000000000000053e+00        1.625469999999999970e+00        2.492949999999999854e-03
2.819999999999999840e+00        1.625220000000000109e+00        2.489899999999999752e-03
2.830000000000000071e+00        1.624970000000000026e+00        2.486850000000000085e-03
2.839999999999999858e+00        1.624719999999999942e+00        2.483799999999999984e-03
2.850000000000000089e+00        1.624470000000000081e+00        2.480749999999999882e-03
2.859999999999999876e+00        1.624219999999999997e+00        2.477700000000000215e-03
2.870000000000000107e+00        1.623969999999999914e+00        2.474650000000000113e-03
2.879999999999999893e+00        1.623720000000000052e+00        2.471600000000000012e-03
2.890000000000000124e+00        1.623469999999999969e+00        2.468549999999999911e-03
2.899999999999999911e+00        1.623219999999999885e+00        2.465499999999999810e-03
2.910000000000000142e+00        1.622970000000000024e+00        2.462450000000000142e-03
2.919999999999999929e+00        1.622719999999999940e+00        2.459400000000000041e-03
2.930000000000000160e+00        1.622470000000000079e+00        2.456349999999999940e-03
2.939999999999999947e+00        1.622219999999999995e+00        2.453300000000000272e-03
2.950000000000000178e+00        1.621969999999999912e+00        2.450250000000000171e-03
2.959999999999999964e+00        1.621720000000000050e+00        2.447200000000000070e-03
2.970000000000000195e+00        1.621469999999999967e+00        2.444149999999999968e-03
2.979999999999999982e+00        1.621219999999999883e+00        2.441099999999999867e-03
2.990000000000000213e+00        1.620970000000000022e+00        2.438050000000000200e-03
3.000000000000000000e+00        1.620719999999999938e+00        2.435000000000000098e-03
3.009999999999999787e+00        1.620506599999999908e+00        2.433400000000000060e-03
3.020000000000000018e+00        1.620293199999999878e+00        2.431800000000000021e-03
3.029999999999999805e+00        1.620079799999999848e+00        2.430199999999999982e-03
3.040000000000000036e+00        1.619866400000000040e+00        2.428599999999999943e-03
3.049999999999999822e+00        1.619653000000000009e+00        2.426999999999999904e-03
3.060000000000000053e+00        1.619439599999999979e+00        2.425399999999999865e-03
3.069999999999999840e+00        1.619226199999999949e+00        2.423800000000000260e-03
3.080000000000000071e+00        1.619012799999999919e+00        2.422200000000000221e-03
3.089999999999999858e+00        1.618799399999999888e+00        2.420600000000000182e-03
3.100000000000000089e+00        1.618585999999999858e+00        2.419000000000000143e-03
3.109999999999999876e+00        1.618372600000000050e+00        2.417400000000000104e-03
3.120000000000000107e+00        1.618159200000000020e+00        2.415800000000000065e-03
3.129999999999999893e+00        1.617945799999999990e+00        2.414200000000000026e-03
3.140000000000000124e+00        1.617732399999999959e+00        2.412599999999999988e-03
3.149999999999999911e+00        1.617518999999999929e+00        2.410999999999999949e-03
3.160000000000000142e+00        1.617305599999999899e+00        2.409399999999999910e-03
3.169999999999999929e+00        1.617092199999999869e+00        2.407799999999999871e-03
3.180000000000000160e+00        1.616878800000000060e+00        2.406199999999999832e-03
3.189999999999999947e+00        1.616665400000000030e+00        2.404600000000000227e-03
3.200000000000000178e+00        1.616452000000000000e+00        2.403000000000000188e-03
3.209999999999999964e+00        1.616238599999999970e+00        2.401400000000000149e-03
3.220000000000000195e+00        1.616025199999999939e+00        2.399800000000000110e-03
3.229999999999999982e+00        1.615811799999999909e+00        2.398200000000000071e-03
3.240000000000000213e+00        1.615598399999999879e+00        2.396600000000000032e-03
3.250000000000000000e+00        1.615384999999999849e+00        2.394999999999999993e-03
3.259999999999999787e+00        1.615171600000000041e+00        2.393399999999999955e-03
3.270000000000000018e+00        1.614958200000000010e+00        2.391799999999999916e-03
3.279999999999999805e+00        1.614744799999999980e+00        2.390199999999999877e-03
3.290000000000000036e+00        1.614531399999999950e+00        2.388599999999999838e-03
3.299999999999999822e+00        1.614317999999999920e+00        2.386999999999999799e-03
3.310000000000000053e+00        1.614104599999999889e+00        2.385399999999999760e-03
3.319999999999999840e+00        1.613891199999999859e+00        2.383800000000000155e-03
3.330000000000000071e+00        1.613677800000000051e+00        2.382200000000000116e-03
3.339999999999999858e+00        1.613464400000000021e+00        2.380600000000000077e-03
3.350000000000000089e+00        1.613250999999999991e+00        2.379000000000000038e-03
3.359999999999999876e+00        1.613037599999999960e+00        2.377399999999999999e-03
3.370000000000000107e+00        1.612824199999999930e+00        2.375799999999999960e-03
3.379999999999999893e+00        1.612610799999999900e+00        2.374199999999999922e-03
3.390000000000000124e+00        1.612397399999999870e+00        2.372599999999999883e-03
3.399999999999999911e+00        1.612184000000000061e+00        2.370999999999999844e-03
3.410000000000000142e+00        1.611970600000000031e+00        2.369399999999999805e-03
3.419999999999999929e+00        1.611757200000000001e+00        2.367799999999999766e-03
3.430000000000000160e+00        1.611543799999999971e+00        2.366199999999999727e-03
3.439999999999999947e+00        1.611330399999999941e+00        2.364600000000000122e-03
3.450000000000000178e+00        1.611116999999999910e+00        2.363000000000000083e-03
3.459999999999999964e+00        1.610903599999999880e+00        2.361400000000000044e-03
3.470000000000000195e+00        1.610690200000000072e+00        2.359800000000000005e-03
3.479999999999999982e+00        1.610476800000000042e+00        2.358199999999999966e-03
3.490000000000000213e+00        1.610263400000000011e+00        2.356599999999999927e-03
3.500000000000000000e+00        1.610049999999999981e+00        2.354999999999999889e-03
3.509999999999999787e+00        1.609896999999999911e+00        2.354399999999999982e-03
3.520000000000000018e+00        1.609744000000000064e+00        2.353800000000000076e-03
3.529999999999999805e+00        1.609590999999999994e+00        2.353199999999999736e-03
3.540000000000000036e+00        1.609437999999999924e+00        2.352599999999999830e-03
3.549999999999999822e+00        1.609285000000000077e+00        2.351999999999999924e-03
3.560000000000000053e+00        1.609132000000000007e+00        2.351400000000000018e-03
3.569999999999999840e+00        1.608978999999999937e+00        2.350799999999999678e-03
3.580000000000000071e+00        1.608826000000000089e+00        2.350199999999999772e-03
3.589999999999999858e+00        1.608673000000000020e+00        2.349599999999999866e-03
3.600000000000000089e+00        1.608519999999999950e+00        2.348999999999999960e-03
3.609999999999999876e+00        1.608367000000000102e+00        2.348400000000000053e-03
3.620000000000000107e+00        1.608214000000000032e+00        2.347799999999999714e-03
3.629999999999999893e+00        1.608060999999999963e+00        2.347199999999999807e-03
3.640000000000000124e+00        1.607907999999999893e+00        2.346599999999999901e-03
3.649999999999999911e+00        1.607755000000000045e+00        2.345999999999999995e-03
3.660000000000000142e+00        1.607601999999999975e+00        2.345399999999999655e-03
3.669999999999999929e+00        1.607448999999999906e+00        2.344799999999999749e-03
3.680000000000000160e+00        1.607296000000000058e+00        2.344199999999999843e-03
3.689999999999999947e+00        1.607142999999999988e+00        2.343599999999999937e-03
3.700000000000000178e+00        1.606989999999999919e+00        2.343000000000000031e-03
3.709999999999999964e+00        1.606837000000000071e+00        2.342399999999999691e-03
3.720000000000000195e+00        1.606684000000000001e+00        2.341799999999999785e-03
3.729999999999999982e+00        1.606530999999999931e+00        2.341199999999999878e-03
3.740000000000000213e+00        1.606378000000000084e+00        2.340599999999999972e-03
3.750000000000000000e+00        1.606225000000000014e+00        2.340000000000000066e-03
3.759999999999999787e+00        1.606071999999999944e+00        2.339399999999999726e-03
3.770000000000000018e+00        1.605919000000000096e+00        2.338799999999999820e-03
3.779999999999999805e+00        1.605766000000000027e+00        2.338199999999999914e-03
3.790000000000000036e+00        1.605612999999999957e+00        2.337600000000000008e-03
3.799999999999999822e+00        1.605460000000000109e+00        2.336999999999999668e-03
3.810000000000000053e+00        1.605307000000000039e+00        2.336399999999999762e-03
3.819999999999999840e+00        1.605153999999999970e+00        2.335799999999999856e-03
3.830000000000000071e+00        1.605001000000000122e+00        2.335199999999999949e-03
3.839999999999999858e+00        1.604848000000000052e+00        2.334600000000000043e-03
3.850000000000000089e+00        1.604694999999999983e+00        2.333999999999999703e-03
3.859999999999999876e+00        1.604542000000000135e+00        2.333399999999999797e-03
3.870000000000000107e+00        1.604389000000000065e+00        2.332799999999999891e-03
3.879999999999999893e+00        1.604235999999999995e+00        2.332199999999999985e-03
3.890000000000000124e+00        1.604082999999999926e+00        2.331599999999999645e-03
3.899999999999999911e+00        1.603930000000000078e+00        2.330999999999999739e-03
3.910000000000000142e+00        1.603777000000000008e+00        2.330399999999999833e-03
3.919999999999999929e+00        1.603623999999999938e+00        2.329799999999999927e-03
3.930000000000000160e+00        1.603471000000000091e+00        2.329200000000000020e-03
3.939999999999999947e+00        1.603318000000000021e+00        2.328599999999999681e-03
3.950000000000000178e+00        1.603164999999999951e+00        2.327999999999999774e-03
3.959999999999999964e+00        1.603012000000000103e+00        2.327399999999999868e-03
3.970000000000000195e+00        1.602859000000000034e+00        2.326799999999999962e-03
3.979999999999999982e+00        1.602705999999999964e+00        2.326199999999999622e-03
3.990000000000000213e+00        1.602553000000000116e+00        2.325599999999999716e-03
4.000000000000000000e+00        1.602400000000000047e+00        2.324999999999999810e-03
4.009999999999999787e+00        1.602153399999999950e+00        2.326799999999999962e-03
4.019999999999999574e+00        1.601906800000000075e+00        2.328599999999999681e-03
4.030000000000000249e+00        1.601660199999999978e+00        2.330399999999999833e-03
4.040000000000000036e+00        1.601413600000000104e+00        2.332199999999999985e-03
4.049999999999999822e+00        1.601167000000000007e+00        2.333999999999999703e-03
4.059999999999999609e+00        1.600920400000000132e+00        2.335799999999999856e-03
4.070000000000000284e+00        1.600673800000000035e+00        2.337600000000000008e-03
4.080000000000000071e+00        1.600427200000000161e+00        2.339399999999999726e-03
4.089999999999999858e+00        1.600180600000000064e+00        2.341199999999999878e-03
4.099999999999999645e+00        1.599933999999999967e+00        2.342999999999999597e-03
4.110000000000000320e+00        1.599687400000000093e+00        2.344799999999999749e-03
4.120000000000000107e+00        1.599440799999999996e+00        2.346599999999999901e-03
4.129999999999999893e+00        1.599194200000000121e+00        2.348400000000000053e-03
4.139999999999999680e+00        1.598947600000000024e+00        2.350199999999999772e-03
4.150000000000000355e+00        1.598701000000000150e+00        2.351999999999999924e-03
4.160000000000000142e+00        1.598454400000000053e+00        2.353800000000000076e-03
4.169999999999999929e+00        1.598207799999999956e+00        2.355599999999999795e-03
4.179999999999999716e+00        1.597961200000000082e+00        2.357399999999999947e-03
4.190000000000000391e+00        1.597714599999999985e+00        2.359200000000000099e-03
4.200000000000000178e+00        1.597468000000000110e+00        2.360999999999999818e-03
4.209999999999999964e+00        1.597221400000000013e+00        2.362799999999999970e-03
4.219999999999999751e+00        1.596974800000000139e+00        2.364599999999999688e-03
4.230000000000000426e+00        1.596728200000000042e+00        2.366399999999999840e-03
4.240000000000000213e+00        1.596481600000000167e+00        2.368199999999999993e-03
4.250000000000000000e+00        1.596235000000000070e+00        2.369999999999999711e-03
4.259999999999999787e+00        1.595988399999999974e+00        2.371799999999999863e-03
4.269999999999999574e+00        1.595741800000000099e+00        2.373600000000000015e-03
4.280000000000000249e+00        1.595495200000000002e+00        2.375400000000000168e-03
4.290000000000000036e+00        1.595248600000000128e+00        2.377199999999999886e-03
4.299999999999999822e+00        1.595002000000000031e+00        2.379000000000000038e-03
4.309999999999999609e+00        1.594755400000000156e+00        2.380799999999999757e-03
4.320000000000000284e+00        1.594508800000000059e+00        2.382599999999999909e-03
4.330000000000000071e+00        1.594262200000000185e+00        2.384400000000000061e-03
4.339999999999999858e+00        1.594015600000000088e+00        2.386199999999999780e-03
4.349999999999999645e+00        1.593768999999999991e+00        2.387999999999999932e-03
4.360000000000000320e+00        1.593522400000000117e+00        2.389800000000000084e-03
4.370009999999999728e+00        1.593275553400000044e+00        2.391601799999999983e-03
4.380010000000000403e+00        1.593028953400000169e+00        2.393401800000000135e-03
4.390010000000000190e+00        1.592782353400000073e+00        2.395201799999999853e-03
4.400009999999999977e+00        1.592535753399999976e+00        2.397001800000000005e-03
4.410009999999999764e+00        1.592289153400000101e+00        2.398801800000000158e-03
4.420010000000000439e+00        1.592042553400000005e+00        2.400601799999999876e-03
4.430010000000000225e+00        1.591795953400000130e+00        2.402401800000000028e-03
4.440010000000000012e+00        1.591549353400000033e+00        2.404201800000000180e-03
4.450009999999999799e+00        1.591302753400000158e+00        2.406001799999999899e-03
4.460009999999999586e+00        1.591056153400000062e+00        2.407801800000000051e-03
4.470010000000000261e+00        1.590809553400000187e+00        2.409601800000000203e-03
4.480010000000000048e+00        1.590562953400000090e+00        2.411401799999999922e-03
4.490009999999999835e+00        1.590316353399999993e+00        2.413201800000000074e-03
4.500009999999999621e+00        1.590069638200000135e+00        2.415030559999998931e-03
4.510010000000000296e+00        1.589707838200000056e+00        2.445590560000000888e-03
4.520010000000000083e+00        1.589346038199999978e+00        2.476150560000000243e-03
4.530009999999999870e+00        1.588984238200000121e+00        2.506710559999999598e-03
4.540009999999999657e+00        1.588622438200000042e+00        2.537270559999998953e-03
4.550010000000000332e+00        1.588260638199999963e+00        2.567830560000000911e-03
4.560010000000000119e+00        1.587898838200000107e+00        2.598390560000000266e-03
4.570009999999999906e+00        1.587537038200000028e+00        2.628950559999999621e-03
4.580009999999999692e+00        1.587175238200000171e+00        2.659510559999998976e-03
4.590010000000000367e+00        1.586813438200000093e+00        2.690070560000001366e-03
4.600010000000000154e+00        1.586451638200000014e+00        2.720630560000000722e-03
4.610009999999999941e+00        1.586089838200000157e+00        2.751190560000000077e-03
4.620009999999999728e+00        1.585728038200000078e+00        2.781750559999999432e-03
4.630010000000000403e+00        1.585366238200000000e+00        2.812310560000001389e-03
4.640010000000000190e+00        1.585004438200000143e+00        2.842870560000000744e-03
4.650009999999999977e+00        1.584642638200000064e+00        2.873430560000000099e-03
4.660009999999999764e+00        1.584280838199999986e+00        2.903990559999999454e-03
4.670010000000000439e+00        1.583919038200000129e+00        2.934550560000001411e-03
4.680010000000000225e+00        1.583557238200000050e+00        2.965110560000000766e-03
4.690010000000000012e+00        1.583195438199999971e+00        2.995670560000000121e-03
4.700009999999999799e+00        1.582833638200000115e+00        3.026230559999999476e-03
4.710009999999999586e+00        1.582471838200000036e+00        3.056790559999998831e-03
4.720010000000000261e+00        1.582110038199999957e+00        3.087350560000001222e-03
4.730010000000000048e+00        1.581748238200000101e+00        3.117910560000000143e-03
4.740009999999999835e+00        1.581386438200000022e+00        3.148470559999999932e-03
4.750009999999999621e+00        1.581024638199999943e+00        3.179030559999998853e-03
4.760010000000000296e+00        1.580662838200000087e+00        3.209590560000001244e-03
4.770010000000000083e+00        1.580301038200000008e+00        3.240150560000000599e-03
4.780009999999999870e+00        1.579939238199999929e+00        3.270710559999999954e-03
4.790009999999999657e+00        1.579577438200000072e+00        3.301270559999999309e-03
4.800010000000000332e+00        1.579215638199999994e+00        3.331830560000001266e-03
4.810019999999999740e+00        1.578853476399999956e+00        3.362421119999999507e-03
4.820020000000000415e+00        1.578491676399999877e+00        3.392981120000001464e-03
4.830020000000000202e+00        1.578129876400000020e+00        3.423541120000000819e-03
4.840019999999999989e+00        1.577768076399999941e+00        3.454101120000000174e-03
4.850019999999999776e+00        1.577406276400000085e+00        3.484661119999999529e-03
4.860019999999999563e+00        1.577044476400000006e+00        3.515221119999998884e-03
4.870020000000000238e+00        1.576682676399999927e+00        3.545781120000000841e-03
4.880020000000000024e+00        1.576320876400000071e+00        3.576341120000000630e-03
4.890019999999999811e+00        1.575959076399999992e+00        3.606901119999999551e-03
4.900019999999999598e+00        1.575597276399999913e+00        3.637461119999999340e-03
4.910020000000000273e+00        1.575235476400000056e+00        3.668021120000000863e-03
4.920020000000000060e+00        1.574873676399999978e+00        3.698581120000000652e-03
4.930019999999999847e+00        1.574511876399999899e+00        3.729141119999999573e-03
4.940019999999999634e+00        1.574150076400000042e+00        3.759701119999999362e-03
4.950020000000000309e+00        1.573788276399999964e+00        3.790261120000001319e-03
4.960020000000000095e+00        1.573426476399999885e+00        3.820821120000000674e-03
4.970019999999999882e+00        1.573064676400000028e+00        3.851381120000000029e-03
4.980019999999999669e+00        1.572702876399999949e+00        3.881941119999999384e-03
4.990020000000000344e+00        1.572341076399999871e+00        3.912501120000001775e-03
