# wav(mic), n, k
2.999999999999999889e-01        1.636439999999999895e+00        1.000000000000000048e-04
3.099999999999999978e-01        1.631064999999999987e+00        1.000000000000000048e-04
3.200000000000000067e-01        1.625690000000000079e+00        1.000000000000000048e-04
3.300000000000000155e-01        1.621834999999999916e+00        8.785000000000000491e-04
3.400000000000000244e-01        1.617979999999999974e+00        1.657000000000000053e-03
3.499999999999999778e-01        1.614540000000000086e+00        1.270000000000001163e-03
3.599999999999999867e-01        1.611099999999999977e+00        8.829999999999999958e-04
3.699999999999999956e-01        1.608659999999999979e+00        7.089999999999999948e-04
3.800000000000000044e-01        1.606219999999999981e+00        5.349999999999999938e-04
3.900000000000000133e-01        1.604014999999999969e+00        4.675000000000000336e-04
4.000000000000000222e-01        1.601809999999999956e+00        4.000000000000000192e-04
4.099999999999999756e-01        1.600275000000000114e+00        3.690000000000000788e-04
4.199999999999999845e-01        1.598740000000000050e+00        3.379999999999999758e-04
4.299999999999999933e-01        1.597556666666666736e+00        3.283333333333333091e-04
4.400000000000000022e-01        1.596373333333333422e+00        3.186666666666666424e-04
4.500000000000000111e-01        1.595190000000000108e+00        3.089999999999999756e-04
4.600000000000000200e-01        1.593952000000000035e+00        3.051999999999999917e-04
4.699999999999999734e-01        1.592713999999999963e+00        3.014000000000000077e-04
4.799999999999999822e-01        1.591476000000000113e+00        2.976000000000000238e-04
4.899999999999999911e-01        1.590238000000000040e+00        2.937999999999999856e-04
5.000000000000000000e-01        1.588999999999999968e+00        2.900000000000000017e-04
5.100000000000000089e-01        1.588551999999999964e+00        2.924000000000000058e-04
5.200000000000000178e-01        1.588103999999999960e+00        2.948000000000000100e-04
5.300000000000000266e-01        1.587655999999999956e+00        2.972000000000000141e-04
5.400000000000000355e-01        1.587207999999999952e+00        2.996000000000000182e-04
5.500000000000000444e-01        1.586759999999999948e+00        3.020000000000000223e-04
5.600000000000000533e-01        1.586265999999999954e+00        3.036000000000000070e-04
5.699999999999999512e-01        1.585771999999999959e+00        3.051999999999999917e-04
5.799999999999999600e-01        1.585277999999999965e+00        3.067999999999999764e-04
5.899999999999999689e-01        1.584783999999999970e+00        3.084000000000000153e-04
5.999999999999999778e-01        1.584289999999999976e+00        3.099999999999999999e-04
6.099999999999999867e-01        1.583452000000000082e+00        3.133999999999999742e-04
6.199999999999999956e-01        1.582613999999999965e+00        3.168000000000000026e-04
6.300000000000000044e-01        1.581776000000000071e+00        3.201999999999999768e-04
6.400000000000000133e-01        1.580937999999999954e+00        3.236000000000000053e-04
6.500000000000000222e-01        1.580100000000000060e+00        3.269999999999999795e-04
6.600000000000000311e-01        1.579430000000000112e+00        3.317999999999999877e-04
6.700000000000000400e-01        1.578760000000000163e+00        3.365999999999999960e-04
6.800000000000000488e-01        1.578089999999999993e+00        3.414000000000000585e-04
6.899999999999999467e-01        1.577420000000000044e+00        3.462000000000000125e-04
6.999999999999999556e-01        1.576750000000000096e+00        3.510000000000000208e-04
7.099999999999999645e-01        1.576094000000000106e+00        3.576000000000000185e-04
7.199999999999999734e-01        1.575438000000000116e+00        3.642000000000000163e-04
7.299999999999999822e-01        1.574781999999999904e+00        3.708000000000000141e-04
7.399999999999999911e-01        1.574125999999999914e+00        3.774000000000000119e-04
7.500000000000000000e-01        1.573469999999999924e+00        3.840000000000000097e-04
7.600000000000000089e-01        1.573417999999999983e+00        3.917999999999999825e-04
7.700000000000000178e-01        1.573366000000000042e+00        3.996000000000000094e-04
7.800000000000000266e-01        1.573313999999999879e+00        4.073999999999999822e-04
7.900000000000000355e-01        1.573261999999999938e+00        4.152000000000000092e-04
8.000000000000000444e-01        1.573209999999999997e+00        4.229999999999999819e-04
8.100000000000000533e-01        1.572635000000000005e+00        4.313999999999999693e-04
8.199999999999999512e-01        1.572060000000000013e+00        4.397999999999999024e-04
8.299999999999999600e-01        1.571485000000000021e+00        4.481999999999998897e-04
8.399999999999999689e-01        1.570910000000000029e+00        4.565999999999999313e-04
8.499999999999999778e-01        1.570335000000000036e+00        4.649999999999999186e-04
8.599999999999999867e-01        1.569760000000000044e+00        4.733999999999999059e-04
8.699999999999999956e-01        1.569185000000000052e+00        4.817999999999999475e-04
8.800000000000000044e-01        1.568610000000000060e+00        4.901999999999999890e-04
8.900000000000000133e-01        1.568035000000000068e+00        4.985999999999999764e-04
9.000000000000000222e-01        1.567460000000000075e+00        5.069999999999999637e-04
9.100000000000000311e-01        1.567223000000000033e+00        5.143999999999999267e-04
9.200000000000000400e-01        1.566985999999999990e+00        5.217999999999999982e-04
9.300000000000000488e-01        1.566749000000000169e+00        5.291999999999999612e-04
9.399999999999999467e-01        1.566512000000000127e+00        5.365999999999999243e-04
9.499999999999999556e-01        1.566275000000000084e+00        5.439999999999999957e-04
9.599999999999999645e-01        1.566038000000000041e+00        5.513999999999999587e-04
9.699999999999999734e-01        1.565800999999999998e+00        5.588000000000000302e-04
9.799999999999999822e-01        1.565564000000000178e+00        5.661999999999999932e-04
9.899999999999999911e-01        1.565327000000000135e+00        5.736000000000000647e-04
1.000000000000000000e+00        1.565090000000000092e+00        5.810000000000000277e-04
1.010000000000000009e+00        1.564659000000000022e+00        5.852000000000000214e-04
1.020000000000000018e+00        1.564228000000000174e+00        5.894000000000000150e-04
1.030000000000000027e+00        1.563797000000000104e+00        5.936000000000000087e-04
1.040000000000000036e+00        1.563366000000000033e+00        5.978000000000000024e-04
1.050000000000000044e+00        1.562934999999999963e+00        6.019999999999999961e-04
1.060000000000000053e+00        1.562504000000000115e+00        6.061999999999999897e-04
1.070000000000000062e+00        1.562073000000000045e+00        6.103999999999999834e-04
1.080000000000000071e+00        1.561641999999999975e+00        6.145999999999999771e-04
1.090000000000000080e+00        1.561211000000000126e+00        6.187999999999999707e-04
1.100000000000000089e+00        1.560780000000000056e+00        6.229999999999999644e-04
1.110000000000000098e+00        1.560366000000000142e+00        6.252000000000000179e-04
1.120000000000000107e+00        1.559952000000000005e+00        6.273999999999999629e-04
1.129999999999999893e+00        1.559538000000000091e+00        6.295999999999999080e-04
1.139999999999999902e+00        1.559123999999999954e+00        6.317999999999999615e-04
1.149999999999999911e+00        1.558710000000000040e+00        6.339999999999999065e-04
1.159999999999999920e+00        1.558296000000000125e+00        6.361999999999999600e-04
1.169999999999999929e+00        1.557881999999999989e+00        6.383999999999999050e-04
1.179999999999999938e+00        1.557468000000000075e+00        6.405999999999999585e-04
1.189999999999999947e+00        1.557053999999999938e+00        6.427999999999999036e-04
1.199999999999999956e+00        1.556640000000000024e+00        6.449999999999999570e-04
1.209999999999999964e+00        1.557088000000000028e+00        6.434999999999999748e-04
1.219999999999999973e+00        1.557536000000000032e+00        6.419999999999999925e-04
1.229999999999999982e+00        1.557984000000000036e+00        6.405000000000000103e-04
1.239999999999999991e+00        1.558432000000000039e+00        6.390000000000000280e-04
1.250000000000000000e+00        1.558880000000000043e+00        6.375000000000000458e-04
1.260000000000000009e+00        1.559328000000000047e+00        6.359999999999999551e-04
1.270000000000000018e+00        1.559776000000000051e+00        6.344999999999999729e-04
1.280000000000000027e+00        1.560224000000000055e+00        6.329999999999999906e-04
1.290000000000000036e+00        1.560672000000000059e+00        6.315000000000000084e-04
1.300000000000000044e+00        1.561120000000000063e+00        6.300000000000000261e-04
1.310000000000000053e+00        1.561004000000000058e+00        6.287000000000000487e-04
1.320000000000000062e+00        1.560888000000000053e+00        6.274000000000000713e-04
1.330000000000000071e+00        1.560772000000000048e+00        6.260999999999999855e-04
1.340000000000000080e+00        1.560656000000000043e+00        6.248000000000000081e-04
1.350000000000000089e+00        1.560540000000000038e+00        6.235000000000000308e-04
1.360000000000000098e+00        1.560424000000000033e+00        6.222000000000000534e-04
1.370000000000000107e+00        1.560308000000000028e+00        6.208999999999999676e-04
1.379999999999999893e+00        1.560192000000000023e+00        6.195999999999999902e-04
1.389999999999999902e+00        1.560076000000000018e+00        6.183000000000000128e-04
1.399999999999999911e+00        1.559960000000000013e+00        6.170000000000000354e-04
1.409999999999999920e+00        1.558875999999999928e+00        6.187000000000000225e-04
1.419999999999999929e+00        1.557792000000000066e+00        6.204000000000000096e-04
1.429999999999999938e+00        1.556707999999999981e+00        6.220999999999999967e-04
1.439999999999999947e+00        1.555624000000000118e+00        6.237999999999999838e-04
1.449999999999999956e+00        1.554540000000000033e+00        6.254999999999999710e-04
1.459999999999999964e+00        1.553455999999999948e+00        6.272000000000000665e-04
1.469999999999999973e+00        1.552372000000000085e+00        6.289000000000000536e-04
1.479999999999999982e+00        1.551288000000000000e+00        6.306000000000000407e-04
1.489999999999999991e+00        1.550204000000000137e+00        6.323000000000000278e-04
1.500000000000000000e+00        1.549120000000000053e+00        6.340000000000000149e-04
1.510000000000000009e+00        1.548794000000000004e+00        6.352999999999999923e-04
1.520000000000000018e+00        1.548467999999999956e+00        6.365999999999999697e-04
1.530000000000000027e+00        1.548142000000000129e+00        6.379000000000000555e-04
1.540000000000000036e+00        1.547816000000000081e+00        6.392000000000000329e-04
1.550000000000000044e+00        1.547490000000000032e+00        6.405000000000000103e-04
1.560000000000000053e+00        1.547163999999999984e+00        6.417999999999999877e-04
1.570000000000000062e+00        1.546837999999999935e+00        6.430999999999999651e-04
1.580000000000000071e+00        1.546512000000000109e+00        6.444000000000000509e-04
1.590000000000000080e+00        1.546186000000000060e+00        6.457000000000000283e-04
1.600000000000000089e+00        1.545860000000000012e+00        6.470000000000000057e-04
1.610000000000000098e+00        1.545999000000000123e+00        6.499999999999999702e-04
1.620000000000000107e+00        1.546138000000000012e+00        6.530000000000000431e-04
1.629999999999999893e+00        1.546276999999999902e+00        6.559999999999998992e-04
1.639999999999999902e+00        1.546416000000000013e+00        6.589999999999999721e-04
1.649999999999999911e+00        1.546554999999999902e+00        6.619999999999999366e-04
1.659999999999999920e+00        1.546694000000000013e+00        6.650000000000000095e-04
1.669999999999999929e+00        1.546832999999999902e+00        6.679999999999999740e-04
1.679999999999999938e+00        1.546972000000000014e+00        6.709999999999999385e-04
1.689999999999999947e+00        1.547110999999999903e+00        6.740000000000000114e-04
1.699999999999999956e+00        1.547250000000000014e+00        6.769999999999999759e-04
1.709999999999999964e+00        1.547206000000000081e+00        6.776999999999999387e-04
1.719999999999999973e+00        1.547161999999999926e+00        6.784000000000000100e-04
1.729999999999999982e+00        1.547117999999999993e+00        6.790999999999999728e-04
1.739999999999999991e+00        1.547074000000000060e+00        6.798000000000000440e-04
1.750000000000000000e+00        1.547030000000000127e+00        6.805000000000000068e-04
1.760000000000000009e+00        1.546985999999999972e+00        6.811999999999999696e-04
1.770000000000000018e+00        1.546942000000000039e+00        6.819000000000000408e-04
1.780000000000000027e+00        1.546898000000000106e+00        6.826000000000000036e-04
1.790000000000000036e+00        1.546853999999999951e+00        6.833000000000000749e-04
1.800000000000000044e+00        1.546810000000000018e+00        6.840000000000000377e-04
1.810000000000000053e+00        1.546199000000000101e+00        6.870000000000000022e-04
1.820000000000000062e+00        1.545587999999999962e+00        6.900000000000000751e-04
1.830000000000000071e+00        1.544977000000000045e+00        6.930000000000000396e-04
1.840000000000000080e+00        1.544365999999999906e+00        6.960000000000000041e-04
1.850000000000000089e+00        1.543754999999999988e+00        6.990000000000000770e-04
1.860000000000000098e+00        1.543144000000000071e+00        7.020000000000000415e-04
1.870000000000000107e+00        1.542532999999999932e+00        7.050000000000001144e-04
1.879999999999999893e+00        1.541922000000000015e+00        7.079999999999999705e-04
1.889999999999999902e+00        1.541310999999999876e+00        7.110000000000000434e-04
1.899999999999999911e+00        1.540699999999999958e+00        7.140000000000000079e-04
1.909999999999999920e+00        1.540761999999999965e+00        7.121999999999999642e-04
1.919999999999999929e+00        1.540823999999999971e+00        7.104000000000000288e-04
1.929999999999999938e+00        1.540885999999999978e+00        7.085999999999999851e-04
1.939999999999999947e+00        1.540947999999999984e+00        7.068000000000000498e-04
1.949999999999999956e+00        1.541009999999999991e+00        7.050000000000000060e-04
1.959999999999999964e+00        1.541071999999999997e+00        7.031999999999999622e-04
1.969999999999999973e+00        1.541134000000000004e+00        7.014000000000000269e-04
1.979999999999999982e+00        1.541196000000000010e+00        6.995999999999999832e-04
1.989999999999999991e+00        1.541258000000000017e+00        6.978000000000000478e-04
2.000000000000000000e+00        1.541320000000000023e+00        6.960000000000000041e-04
2.009999999999999787e+00        1.541490000000000027e+00        6.968499999999999434e-04
2.020000000000000018e+00        1.541660000000000030e+00        6.976999999999999912e-04
2.029999999999999805e+00        1.541830000000000034e+00        6.985499999999999305e-04
2.040000000000000036e+00        1.542000000000000037e+00        6.993999999999999783e-04
2.049999999999999822e+00        1.542170000000000041e+00        7.002500000000000261e-04
2.060000000000000053e+00        1.542340000000000044e+00        7.010999999999999654e-04
2.069999999999999840e+00        1.542510000000000048e+00        7.019500000000000132e-04
2.080000000000000071e+00        1.542680000000000051e+00        7.027999999999999525e-04
2.089999999999999858e+00        1.542850000000000055e+00        7.036500000000000003e-04
2.100000000000000089e+00        1.543020000000000058e+00        7.045000000000000481e-04
2.109999999999999876e+00        1.543190000000000062e+00        7.053499999999999874e-04
2.120000000000000107e+00        1.543360000000000065e+00        7.062000000000000352e-04
2.129999999999999893e+00        1.543530000000000069e+00        7.070499999999999745e-04
2.140000000000000124e+00        1.543700000000000072e+00        7.079000000000000223e-04
2.149999999999999911e+00        1.543870000000000076e+00        7.087499999999999616e-04
2.160000000000000142e+00        1.544040000000000079e+00        7.096000000000000094e-04
2.169999999999999929e+00        1.544210000000000083e+00        7.104499999999999487e-04
2.180000000000000160e+00        1.544380000000000086e+00        7.112999999999999965e-04
2.189999999999999947e+00        1.544550000000000090e+00        7.121499999999999359e-04
2.200000000000000178e+00        1.544720000000000093e+00        7.129999999999999836e-04
2.209999999999999964e+00        1.544349000000000194e+00        7.144499999999999375e-04
2.220000000000000195e+00        1.543978000000000073e+00        7.158999999999999999e-04
2.229999999999999982e+00        1.543607000000000173e+00        7.173499999999999538e-04
2.240000000000000213e+00        1.543236000000000052e+00        7.188000000000000162e-04
2.250000000000000000e+00        1.542865000000000153e+00        7.202499999999999701e-04
2.259999999999999787e+00        1.542494000000000032e+00        7.216999999999999240e-04
2.270000000000000018e+00        1.542123000000000133e+00        7.231499999999999864e-04
2.279999999999999805e+00        1.541752000000000011e+00        7.245999999999999403e-04
2.290000000000000036e+00        1.541381000000000112e+00        7.260500000000000027e-04
2.299999999999999822e+00        1.541010000000000213e+00        7.274999999999999566e-04
2.310000000000000053e+00        1.540639000000000092e+00        7.289500000000000189e-04
2.319999999999999840e+00        1.540268000000000193e+00        7.303999999999999729e-04
2.330000000000000071e+00        1.539897000000000071e+00        7.318500000000000352e-04
2.339999999999999858e+00        1.539526000000000172e+00        7.332999999999999892e-04
2.350000000000000089e+00        1.539155000000000051e+00        7.347500000000000515e-04
2.359999999999999876e+00        1.538784000000000152e+00        7.362000000000000054e-04
2.370000000000000107e+00        1.538413000000000030e+00        7.376500000000000678e-04
2.379999999999999893e+00        1.538042000000000131e+00        7.391000000000000217e-04
2.390000000000000124e+00        1.537671000000000010e+00        7.405500000000000841e-04
2.399999999999999911e+00        1.537300000000000111e+00        7.420000000000000380e-04
2.410000000000000142e+00        1.537300500000000181e+00        7.439500000000000583e-04
2.419999999999999929e+00        1.537301000000000029e+00        7.459000000000000786e-04
2.430000000000000160e+00        1.537301500000000098e+00        7.478500000000000989e-04
2.439999999999999947e+00        1.537302000000000168e+00        7.498000000000000108e-04
2.450000000000000178e+00        1.537302500000000016e+00        7.517500000000000310e-04
2.459999999999999964e+00        1.537303000000000086e+00        7.537000000000000513e-04
2.470000000000000195e+00        1.537303500000000156e+00        7.556500000000000716e-04
2.479999999999999982e+00        1.537304000000000004e+00        7.575999999999999835e-04
2.490000000000000213e+00        1.537304500000000074e+00        7.595500000000001122e-04
2.500000000000000000e+00        1.537304999999999922e+00        7.615000000000000241e-04
2.509999999999999787e+00        1.537305499999999991e+00        7.634499999999999360e-04
2.520000000000000018e+00        1.537306000000000061e+00        7.654000000000000647e-04
2.529999999999999805e+00        1.537306499999999909e+00        7.673499999999999766e-04
2.540000000000000036e+00        1.537306999999999979e+00        7.692999999999999968e-04
2.549999999999999822e+00        1.537307500000000049e+00        7.712500000000000171e-04
2.560000000000000053e+00        1.537307999999999897e+00        7.732000000000000374e-04
2.569999999999999840e+00        1.537308499999999967e+00        7.751499999999999493e-04
2.580000000000000071e+00        1.537309000000000037e+00        7.770999999999999696e-04
2.589999999999999858e+00        1.537309499999999884e+00        7.790499999999999899e-04
2.600000000000000089e+00        1.537309999999999954e+00        7.810000000000000102e-04
2.609999999999999876e+00        1.537090999999999985e+00        7.851499999999999755e-04
2.620000000000000107e+00        1.536872000000000016e+00        7.893000000000000493e-04
2.629999999999999893e+00        1.536653000000000047e+00        7.934499999999999062e-04
2.640000000000000124e+00        1.536433999999999855e+00        7.976000000000000884e-04
2.649999999999999911e+00        1.536214999999999886e+00        8.017499999999999453e-04
2.660000000000000142e+00        1.535995999999999917e+00        8.059000000000000191e-04
2.669999999999999929e+00        1.535776999999999948e+00        8.100499999999999845e-04
2.680000000000000160e+00        1.535557999999999979e+00        8.142000000000000582e-04
2.689999999999999947e+00        1.535339000000000009e+00        8.183500000000000236e-04
2.700000000000000178e+00        1.535119999999999818e+00        8.225000000000000974e-04
2.709999999999999964e+00        1.534900999999999849e+00        8.266499999999999543e-04
2.720000000000000195e+00        1.534681999999999880e+00        8.308000000000001365e-04
2.729999999999999982e+00        1.534462999999999910e+00        8.349499999999999934e-04
2.740000000000000213e+00        1.534243999999999941e+00        8.391000000000000672e-04
2.750000000000000000e+00        1.534024999999999972e+00        8.432500000000000325e-04
2.759999999999999787e+00        1.533806000000000003e+00        8.473999999999998894e-04
2.770000000000000018e+00        1.533586999999999811e+00        8.515500000000000716e-04
2.779999999999999805e+00        1.533367999999999842e+00        8.556999999999999286e-04
2.790000000000000036e+00        1.533148999999999873e+00        8.598500000000001108e-04
2.799999999999999822e+00        1.532929999999999904e+00        8.639999999999999677e-04
2.810000000000000053e+00        1.532535499999999828e+00        8.654500000000000300e-04
2.819999999999999840e+00        1.532140999999999975e+00        8.668999999999999840e-04
2.830000000000000071e+00        1.531746499999999900e+00        8.683500000000000463e-04
2.839999999999999858e+00        1.531351999999999824e+00        8.698000000000000002e-04
2.850000000000000089e+00        1.530957499999999971e+00        8.712500000000000626e-04
2.859999999999999876e+00        1.530562999999999896e+00        8.727000000000000165e-04
2.870000000000000107e+00        1.530168499999999820e+00        8.741499999999999704e-04
2.879999999999999893e+00        1.529773999999999967e+00        8.756000000000000328e-04
2.890000000000000124e+00        1.529379499999999892e+00        8.770499999999999867e-04
2.899999999999999911e+00        1.528985000000000039e+00        8.784999999999999407e-04
2.910000000000000142e+00        1.528590499999999963e+00        8.799500000000000030e-04
2.919999999999999929e+00        1.528195999999999888e+00        8.813999999999999569e-04
2.930000000000000160e+00        1.527801500000000035e+00        8.828500000000000193e-04
2.939999999999999947e+00        1.527406999999999959e+00        8.842999999999999732e-04
2.950000000000000178e+00        1.527012499999999884e+00        8.857500000000000356e-04
2.959999999999999964e+00        1.526618000000000031e+00        8.871999999999999895e-04
2.970000000000000195e+00        1.526223499999999955e+00        8.886500000000000518e-04
2.979999999999999982e+00        1.525828999999999880e+00        8.901000000000000058e-04
2.990000000000000213e+00        1.525434500000000027e+00        8.915500000000000681e-04
3.000000000000000000e+00        1.525039999999999951e+00        8.930000000000000221e-04
3.009999999999999787e+00        1.524905599999999861e+00        8.949200000000000037e-04
3.020000000000000018e+00        1.524771199999999993e+00        8.968399999999999853e-04
3.029999999999999805e+00        1.524636799999999903e+00        8.987599999999999669e-04
3.040000000000000036e+00        1.524502400000000035e+00        9.006800000000000569e-04
3.049999999999999822e+00        1.524367999999999945e+00        9.026000000000000386e-04
3.060000000000000053e+00        1.524233599999999855e+00        9.045200000000000202e-04
3.069999999999999840e+00        1.524099199999999987e+00        9.064400000000000018e-04
3.080000000000000071e+00        1.523964799999999897e+00        9.083600000000000918e-04
3.089999999999999858e+00        1.523830400000000029e+00        9.102799999999999650e-04
3.100000000000000089e+00        1.523695999999999939e+00        9.122000000000000551e-04
3.109999999999999876e+00        1.523561599999999849e+00        9.141200000000000367e-04
3.120000000000000107e+00        1.523427199999999981e+00        9.160400000000000183e-04
3.129999999999999893e+00        1.523292799999999891e+00        9.179599999999999999e-04
3.140000000000000124e+00        1.523158400000000023e+00        9.198800000000000900e-04
3.149999999999999911e+00        1.523023999999999933e+00        9.218000000000000716e-04
3.160000000000000142e+00        1.522889599999999843e+00        9.237200000000000532e-04
3.169999999999999929e+00        1.522755199999999975e+00        9.256400000000000348e-04
3.180000000000000160e+00        1.522620799999999885e+00        9.275600000000000164e-04
3.189999999999999947e+00        1.522486400000000017e+00        9.294799999999999980e-04
3.200000000000000178e+00        1.522351999999999927e+00        9.314000000000000881e-04
3.209999999999999964e+00        1.522217599999999837e+00        9.333200000000000697e-04
3.220000000000000195e+00        1.522083199999999970e+00        9.352400000000000513e-04
3.229999999999999982e+00        1.521948799999999880e+00        9.371600000000000329e-04
3.240000000000000213e+00        1.521814400000000012e+00        9.390800000000001230e-04
3.250000000000000000e+00        1.521679999999999922e+00        9.409999999999999962e-04
3.259999999999999787e+00        1.521545599999999832e+00        9.429199999999999778e-04
3.270000000000000018e+00        1.521411199999999964e+00        9.448400000000000678e-04
3.279999999999999805e+00        1.521276799999999874e+00        9.467600000000000494e-04
3.290000000000000036e+00        1.521142400000000006e+00        9.486800000000000311e-04
3.299999999999999822e+00        1.521007999999999916e+00        9.506000000000000127e-04
3.310000000000000053e+00        1.520873599999999826e+00        9.525200000000001027e-04
3.319999999999999840e+00        1.520739199999999958e+00        9.544399999999999759e-04
3.330000000000000071e+00        1.520604799999999868e+00        9.563600000000000659e-04
3.339999999999999858e+00        1.520470400000000000e+00        9.582800000000000476e-04
3.350000000000000089e+00        1.520335999999999910e+00        9.602000000000000292e-04
3.359999999999999876e+00        1.520201599999999820e+00        9.621200000000000108e-04
3.370000000000000107e+00        1.520067199999999952e+00        9.640400000000001008e-04
3.379999999999999893e+00        1.519932799999999862e+00        9.659600000000000825e-04
3.390000000000000124e+00        1.519798399999999994e+00        9.678800000000000641e-04
3.399999999999999911e+00        1.519663999999999904e+00        9.698000000000000457e-04
3.410000000000000142e+00        1.519529599999999814e+00        9.717200000000001357e-04
3.419999999999999929e+00        1.519395199999999946e+00        9.736400000000000089e-04
3.430000000000000160e+00        1.519260799999999856e+00        9.755600000000000990e-04
3.439999999999999947e+00        1.519126399999999988e+00        9.774799999999999722e-04
3.450000000000000178e+00        1.518991999999999898e+00        9.794000000000000622e-04
3.459999999999999964e+00        1.518857599999999808e+00        9.813200000000001522e-04
3.470000000000000195e+00        1.518723199999999940e+00        9.832400000000000254e-04
3.479999999999999982e+00        1.518588799999999850e+00        9.851600000000001155e-04
3.490000000000000213e+00        1.518454399999999982e+00        9.870800000000002055e-04
3.500000000000000000e+00        1.518319999999999892e+00        9.890000000000000787e-04
3.509999999999999787e+00        1.518173199999999889e+00        9.895000000000001451e-04
3.520000000000000018e+00        1.518026399999999887e+00        9.899999999999999946e-04
3.529999999999999805e+00        1.517879599999999884e+00        9.905000000000000610e-04
3.540000000000000036e+00        1.517732799999999882e+00        9.910000000000001273e-04
3.549999999999999822e+00        1.517585999999999880e+00        9.914999999999999768e-04
3.560000000000000053e+00        1.517439199999999877e+00        9.920000000000000432e-04
3.569999999999999840e+00        1.517292399999999875e+00        9.925000000000001096e-04
3.580000000000000071e+00        1.517145599999999872e+00        9.929999999999999591e-04
3.589999999999999858e+00        1.516998799999999870e+00        9.935000000000000255e-04
3.600000000000000089e+00        1.516851999999999867e+00        9.940000000000000918e-04
3.609999999999999876e+00        1.516705199999999865e+00        9.944999999999999413e-04
3.620000000000000107e+00        1.516558399999999862e+00        9.950000000000000077e-04
3.629999999999999893e+00        1.516411599999999860e+00        9.955000000000000741e-04
3.640000000000000124e+00        1.516264799999999857e+00        9.960000000000001404e-04
3.649999999999999911e+00        1.516117999999999855e+00        9.964999999999999900e-04
3.660000000000000142e+00        1.515971199999999852e+00        9.970000000000000563e-04
3.669999999999999929e+00        1.515824399999999850e+00        9.975000000000001227e-04
3.680000000000000160e+00        1.515677599999999847e+00        9.979999999999999722e-04
3.689999999999999947e+00        1.515530799999999845e+00        9.985000000000000386e-04
3.700000000000000178e+00        1.515383999999999842e+00        9.990000000000001049e-04
3.709999999999999964e+00        1.515237199999999840e+00        9.994999999999999545e-04
3.720000000000000195e+00        1.515090399999999837e+00        1.000000000000000021e-03
3.729999999999999982e+00        1.514943599999999835e+00        1.000500000000000087e-03
3.740000000000000213e+00        1.514796799999999832e+00        1.000999999999999937e-03
3.750000000000000000e+00        1.514650000000000052e+00        1.001500000000000003e-03
3.759999999999999787e+00        1.514503200000000049e+00        1.002000000000000069e-03
3.770000000000000018e+00        1.514356400000000047e+00        1.002499999999999919e-03
3.779999999999999805e+00        1.514209600000000044e+00        1.002999999999999985e-03
3.790000000000000036e+00        1.514062800000000042e+00        1.003500000000000052e-03
3.799999999999999822e+00        1.513916000000000039e+00        1.003999999999999901e-03
3.810000000000000053e+00        1.513769200000000037e+00        1.004499999999999968e-03
3.819999999999999840e+00        1.513622400000000034e+00        1.005000000000000034e-03
3.830000000000000071e+00        1.513475600000000032e+00        1.005499999999999883e-03
3.839999999999999858e+00        1.513328800000000030e+00        1.005999999999999950e-03
3.850000000000000089e+00        1.513182000000000027e+00        1.006500000000000016e-03
3.859999999999999876e+00        1.513035200000000025e+00        1.006999999999999866e-03
3.870000000000000107e+00        1.512888400000000022e+00        1.007499999999999932e-03
3.879999999999999893e+00        1.512741600000000020e+00        1.007999999999999998e-03
3.890000000000000124e+00        1.512594800000000017e+00        1.008500000000000065e-03
3.899999999999999911e+00        1.512448000000000015e+00        1.008999999999999914e-03
3.910000000000000142e+00        1.512301200000000012e+00        1.009499999999999981e-03
3.919999999999999929e+00        1.512154400000000010e+00        1.010000000000000047e-03
3.930000000000000160e+00        1.512007600000000007e+00        1.010499999999999897e-03
3.939999999999999947e+00        1.511860800000000005e+00        1.010999999999999963e-03
3.950000000000000178e+00        1.511714000000000002e+00        1.011500000000000029e-03
3.959999999999999964e+00        1.511567200000000000e+00        1.011999999999999879e-03
3.970000000000000195e+00        1.511420399999999997e+00        1.012499999999999945e-03
3.979999999999999982e+00        1.511273599999999995e+00        1.013000000000000012e-03
3.990000000000000213e+00        1.511126799999999992e+00        1.013499999999999861e-03
4.000000000000000000e+00        1.510979999999999990e+00        1.013999999999999927e-03
4.009999999999999787e+00        1.510705600000000093e+00        1.018339999999999740e-03
4.019999999999999574e+00        1.510431199999999974e+00        1.022679999999999770e-03
4.030000000000000249e+00        1.510156800000000077e+00        1.027020000000000016e-03
4.040000000000000036e+00        1.509882399999999958e+00        1.031360000000000046e-03
4.049999999999999822e+00        1.509608000000000061e+00        1.035699999999999859e-03
4.059999999999999609e+00        1.509333599999999942e+00        1.040039999999999888e-03
4.070000000000000284e+00        1.509059200000000045e+00        1.044380000000000135e-03
4.080000000000000071e+00        1.508784799999999926e+00        1.048719999999999947e-03
4.089999999999999858e+00        1.508510400000000029e+00        1.053059999999999977e-03
4.099999999999999645e+00        1.508235999999999910e+00        1.057399999999999790e-03
4.110000000000000320e+00        1.507961600000000013e+00        1.061740000000000036e-03
4.120000000000000107e+00        1.507687199999999894e+00        1.066080000000000066e-03
4.129999999999999893e+00        1.507412799999999997e+00        1.070419999999999879e-03
4.139999999999999680e+00        1.507138400000000100e+00        1.074759999999999908e-03
4.150000000000000355e+00        1.506863999999999981e+00        1.079100000000000155e-03
4.160000000000000142e+00        1.506589600000000084e+00        1.083439999999999967e-03
4.169999999999999929e+00        1.506315199999999965e+00        1.087779999999999997e-03
4.179999999999999716e+00        1.506040800000000068e+00        1.092119999999999810e-03
4.190000000000000391e+00        1.505766399999999949e+00        1.096460000000000056e-03
4.200000000000000178e+00        1.505492000000000052e+00        1.100800000000000086e-03
4.209999999999999964e+00        1.505217599999999933e+00        1.105139999999999898e-03
4.219999999999999751e+00        1.504943200000000036e+00        1.109479999999999928e-03
4.230000000000000426e+00        1.504668799999999917e+00        1.113820000000000175e-03
4.240000000000000213e+00        1.504394400000000021e+00        1.118160000000000204e-03
4.250000000000000000e+00        1.504119999999999902e+00        1.122500000000000017e-03
4.259999999999999787e+00        1.503845600000000005e+00        1.126839999999999830e-03
4.269999999999999574e+00        1.503571200000000108e+00        1.131179999999999859e-03
4.280000000000000249e+00        1.503296799999999989e+00        1.135520000000000106e-03
4.290000000000000036e+00        1.503022400000000092e+00        1.139860000000000135e-03
4.299999999999999822e+00        1.502747999999999973e+00        1.144199999999999948e-03
4.309999999999999609e+00        1.502473600000000076e+00        1.148539999999999978e-03
4.320000000000000284e+00        1.502199199999999957e+00        1.152880000000000224e-03
4.330000000000000071e+00        1.501924800000000060e+00        1.157220000000000037e-03
4.339999999999999858e+00        1.501650399999999941e+00        1.161560000000000066e-03
4.349999999999999645e+00        1.501376000000000044e+00        1.165899999999999879e-03
4.360000000000000320e+00        1.501101599999999925e+00        1.170240000000000126e-03
4.370009999999999728e+00        1.500826925599999973e+00        1.174584339999999944e-03
4.380010000000000403e+00        1.500552525600000076e+00        1.178924340000000190e-03
4.390010000000000190e+00        1.500278125599999957e+00        1.183264340000000220e-03
4.400009999999999977e+00        1.500003725600000060e+00        1.187604340000000033e-03
4.410009999999999764e+00        1.499729325599999941e+00        1.191944340000000062e-03
4.420010000000000439e+00        1.499454925600000044e+00        1.196284340000000309e-03
4.430010000000000225e+00        1.499180525599999925e+00        1.200624340000000121e-03
4.440010000000000012e+00        1.498906125600000028e+00        1.204964340000000151e-03
4.450009999999999799e+00        1.498631725600000131e+00        1.209304339999999964e-03
4.460009999999999586e+00        1.498357325600000012e+00        1.213644339999999993e-03
4.470010000000000261e+00        1.498082925600000115e+00        1.217984340000000240e-03
4.480010000000000048e+00        1.497808525599999996e+00        1.222324340000000053e-03
4.490009999999999835e+00        1.497534125600000099e+00        1.226664340000000082e-03
4.500009999999999621e+00        1.497259661199999980e+00        1.231032879999998829e-03
4.510010000000000296e+00        1.496920861200000008e+00        1.263912880000001102e-03
4.520010000000000083e+00        1.496582061200000036e+00        1.296792880000000340e-03
4.530009999999999870e+00        1.496243261200000063e+00        1.329672879999999578e-03
4.540009999999999657e+00        1.495904461200000091e+00        1.362552879999999033e-03
4.550010000000000332e+00        1.495565661200000118e+00        1.395432880000001090e-03
4.560010000000000119e+00        1.495226861200000146e+00        1.428312880000000545e-03
4.570009999999999906e+00        1.494888061199999951e+00        1.461192879999999783e-03
4.580009999999999692e+00        1.494549261199999979e+00        1.494072879999999021e-03
4.590010000000000367e+00        1.494210461200000006e+00        1.526952880000001294e-03
4.600010000000000154e+00        1.493871661200000034e+00        1.559832880000000532e-03
4.610009999999999941e+00        1.493532861200000061e+00        1.592712879999999987e-03
4.620009999999999728e+00        1.493194061200000089e+00        1.625592879999999225e-03
4.630010000000000403e+00        1.492855261200000117e+00        1.658472880000001499e-03
4.640010000000000190e+00        1.492516461200000144e+00        1.691352880000000737e-03
4.650009999999999977e+00        1.492177661199999950e+00        1.724232879999999975e-03
4.660009999999999764e+00        1.491838861199999977e+00        1.757112879999999430e-03
4.670010000000000439e+00        1.491500061200000005e+00        1.789992880000001486e-03
4.680010000000000225e+00        1.491161261200000032e+00        1.822872880000000941e-03
4.690010000000000012e+00        1.490822461200000060e+00        1.855752879999999962e-03
4.700009999999999799e+00        1.490483661200000087e+00        1.888632879999999417e-03
4.710009999999999586e+00        1.490144861200000115e+00        1.921512879999998655e-03
4.720010000000000261e+00        1.489806061200000142e+00        1.954392880000000929e-03
4.730010000000000048e+00        1.489467261199999948e+00        1.987272879999999950e-03
4.740009999999999835e+00        1.489128461199999975e+00        2.020152879999999405e-03
4.750009999999999621e+00        1.488789661200000003e+00        2.053032879999998860e-03
4.760010000000000296e+00        1.488450861200000030e+00        2.085912880000000916e-03
4.770010000000000083e+00        1.488112061200000058e+00        2.118792880000000371e-03
4.780009999999999870e+00        1.487773261200000086e+00        2.151672879999999392e-03
4.790009999999999657e+00        1.487434461200000113e+00        2.184552879999998847e-03
4.800010000000000332e+00        1.487095661200000141e+00        2.217432880000000904e-03
4.810019999999999740e+00        1.486756522400000113e+00        2.250345759999999081e-03
4.820020000000000415e+00        1.486417722400000141e+00        2.283225760000001138e-03
4.830020000000000202e+00        1.486078922399999946e+00        2.316105760000000593e-03
4.840019999999999989e+00        1.485740122399999974e+00        2.348985760000000048e-03
4.850019999999999776e+00        1.485401322400000002e+00        2.381865759999999069e-03
4.860019999999999563e+00        1.485062522400000029e+00        2.414745759999998524e-03
4.870020000000000238e+00        1.484723722400000057e+00        2.447625760000000580e-03
4.880020000000000024e+00        1.484384922400000084e+00        2.480505760000000035e-03
4.890019999999999811e+00        1.484046122400000112e+00        2.513385759999999490e-03
4.900019999999999598e+00        1.483707322400000139e+00        2.546265759999998511e-03
4.910020000000000273e+00        1.483368522400000167e+00        2.579145760000001002e-03
4.920020000000000060e+00        1.483029722399999972e+00        2.612025760000000023e-03
4.930019999999999847e+00        1.482690922400000000e+00        2.644905759999999478e-03
4.940019999999999634e+00        1.482352122400000027e+00        2.677785759999998932e-03
4.950020000000000309e+00        1.482013322400000055e+00        2.710665760000000989e-03
4.960020000000000095e+00        1.481674522400000082e+00        2.743545760000000444e-03
4.970019999999999882e+00        1.481335722400000110e+00        2.776425759999999465e-03
4.980019999999999669e+00        1.480996922400000138e+00        2.809305759999998920e-03
4.990020000000000344e+00        1.480658122400000165e+00        2.842185760000000977e-03
