# wav(mic), n, k
2.999999999999999889e-01        1.673659999999999926e+00        6.517100000000000670e-02
3.099999999999999978e-01        1.675199999999999800e+00        6.068300000000000083e-02
3.200000000000000067e-01        1.676739999999999897e+00        5.619500000000000189e-02
3.300000000000000155e-01        1.676579999999999959e+00        5.026200000000000112e-02
3.400000000000000244e-01        1.676420000000000021e+00        4.432900000000000035e-02
3.499999999999999778e-01        1.673885000000000067e+00        3.930050000000001598e-02
3.599999999999999867e-01        1.671349999999999891e+00        3.427199999999999691e-02
3.699999999999999956e-01        1.668484999999999996e+00        3.079449999999999896e-02
3.800000000000000044e-01        1.665620000000000100e+00        2.731700000000000100e-02
3.900000000000000133e-01        1.662809999999999899e+00        2.486350000000000018e-02
4.000000000000000222e-01        1.659999999999999920e+00        2.240999999999999936e-02
4.099999999999999756e-01        1.657629999999999937e+00        1.920500000000000679e-02
4.199999999999999845e-01        1.655259999999999954e+00        1.600000000000000033e-02
4.299999999999999933e-01        1.653146666666666542e+00        1.416666666666666768e-02
4.400000000000000022e-01        1.651033333333333353e+00        1.233333333333333504e-02
4.500000000000000111e-01        1.648919999999999941e+00        1.050000000000000065e-02
4.600000000000000200e-01        1.647032000000000052e+00        9.539999999999999869e-03
4.699999999999999734e-01        1.645143999999999940e+00        8.580000000000004290e-03
4.799999999999999822e-01        1.643256000000000050e+00        7.620000000000002639e-03
4.899999999999999911e-01        1.641367999999999938e+00        6.660000000000000989e-03
5.000000000000000000e-01        1.639480000000000048e+00        5.700000000000000205e-03
5.100000000000000089e-01        1.638619999999999965e+00        5.400000000000000286e-03
5.200000000000000178e-01        1.637760000000000105e+00        5.100000000000000366e-03
5.300000000000000266e-01        1.636900000000000022e+00        4.800000000000000447e-03
5.400000000000000355e-01        1.636040000000000161e+00        4.499999999999999660e-03
5.500000000000000444e-01        1.635180000000000078e+00        4.199999999999999740e-03
5.600000000000000533e-01        1.634481999999999990e+00        4.059999999999999373e-03
5.699999999999999512e-01        1.633784000000000125e+00        3.920000000000000741e-03
5.799999999999999600e-01        1.633086000000000038e+00        3.780000000000000374e-03
5.899999999999999689e-01        1.632388000000000172e+00        3.640000000000000440e-03
5.999999999999999778e-01        1.631690000000000085e+00        3.500000000000000073e-03
6.099999999999999867e-01        1.631114000000000175e+00        3.439999999999999915e-03
6.199999999999999956e-01        1.630538000000000043e+00        3.380000000000000192e-03
6.300000000000000044e-01        1.629962000000000133e+00        3.320000000000000034e-03
6.400000000000000133e-01        1.629386000000000001e+00        3.260000000000000311e-03
6.500000000000000222e-01        1.628810000000000091e+00        3.200000000000000153e-03
6.600000000000000311e-01        1.628102000000000160e+00        3.160000000000000048e-03
6.700000000000000400e-01        1.627394000000000007e+00        3.119999999999999944e-03
6.800000000000000488e-01        1.626686000000000076e+00        3.079999999999999839e-03
6.899999999999999467e-01        1.625977999999999923e+00        3.040000000000000167e-03
6.999999999999999556e-01        1.625269999999999992e+00        3.000000000000000062e-03
7.099999999999999645e-01        1.624638000000000027e+00        2.973599999999999854e-03
7.199999999999999734e-01        1.624006000000000061e+00        2.947200000000000080e-03
7.299999999999999822e-01        1.623373999999999873e+00        2.920799999999999872e-03
7.399999999999999911e-01        1.622741999999999907e+00        2.894400000000000098e-03
7.500000000000000000e-01        1.622109999999999941e+00        2.867999999999999890e-03
7.600000000000000089e-01        1.622323999999999877e+00        2.853599999999999973e-03
7.700000000000000178e-01        1.622538000000000036e+00        2.839200000000000057e-03
7.800000000000000266e-01        1.622751999999999972e+00        2.824799999999999707e-03
7.900000000000000355e-01        1.622966000000000131e+00        2.810399999999999791e-03
8.000000000000000444e-01        1.623180000000000067e+00        2.795999999999999874e-03
8.100000000000000533e-01        1.622734000000000121e+00        2.789400000000000039e-03
8.199999999999999512e-01        1.622287999999999952e+00        2.782799999999999770e-03
8.299999999999999600e-01        1.621842000000000006e+00        2.776199999999999935e-03
8.399999999999999689e-01        1.621396000000000059e+00        2.769600000000000100e-03
8.499999999999999778e-01        1.620950000000000113e+00        2.762999999999999831e-03
8.599999999999999867e-01        1.620503999999999944e+00        2.756399999999999996e-03
8.699999999999999956e-01        1.620057999999999998e+00        2.749799999999999727e-03
8.800000000000000044e-01        1.619612000000000052e+00        2.743199999999999892e-03
8.900000000000000133e-01        1.619165999999999883e+00        2.736599999999999623e-03
9.000000000000000222e-01        1.618719999999999937e+00        2.729999999999999788e-03
9.100000000000000311e-01        1.618320999999999898e+00        2.725899999999999851e-03
9.200000000000000400e-01        1.617921999999999860e+00        2.721799999999999914e-03
9.300000000000000488e-01        1.617523000000000044e+00        2.717699999999999977e-03
9.399999999999999467e-01        1.617124000000000006e+00        2.713600000000000040e-03
9.499999999999999556e-01        1.616724999999999968e+00        2.709500000000000103e-03
9.599999999999999645e-01        1.616325999999999929e+00        2.705399999999999732e-03
9.699999999999999734e-01        1.615926999999999891e+00        2.701299999999999795e-03
9.799999999999999822e-01        1.615528000000000075e+00        2.697199999999999858e-03
9.899999999999999911e-01        1.615129000000000037e+00        2.693099999999999921e-03
1.000000000000000000e+00        1.614729999999999999e+00        2.688999999999999984e-03
1.010000000000000009e+00        1.614579999999999904e+00        2.674600000000000068e-03
1.020000000000000018e+00        1.614430000000000032e+00        2.660200000000000151e-03
1.030000000000000027e+00        1.614279999999999937e+00        2.645799999999999801e-03
1.040000000000000036e+00        1.614130000000000065e+00        2.631399999999999885e-03
1.050000000000000044e+00        1.613979999999999970e+00        2.616999999999999969e-03
1.060000000000000053e+00        1.613829999999999876e+00        2.602600000000000052e-03
1.070000000000000062e+00        1.613680000000000003e+00        2.588200000000000136e-03
1.080000000000000071e+00        1.613529999999999909e+00        2.573799999999999786e-03
1.090000000000000080e+00        1.613380000000000036e+00        2.559399999999999870e-03
1.100000000000000089e+00        1.613229999999999942e+00        2.544999999999999953e-03
1.110000000000000098e+00        1.613310000000000022e+00        2.521999999999999936e-03
1.120000000000000107e+00        1.613389999999999880e+00        2.498999999999999919e-03
1.129999999999999893e+00        1.613469999999999960e+00        2.476000000000000336e-03
1.139999999999999902e+00        1.613550000000000040e+00        2.453000000000000319e-03
1.149999999999999911e+00        1.613629999999999898e+00        2.430000000000000302e-03
1.159999999999999920e+00        1.613709999999999978e+00        2.407000000000000285e-03
1.169999999999999929e+00        1.613790000000000058e+00        2.383999999999999835e-03
1.179999999999999938e+00        1.613870000000000138e+00        2.360999999999999818e-03
1.189999999999999947e+00        1.613949999999999996e+00        2.337999999999999801e-03
1.199999999999999956e+00        1.614030000000000076e+00        2.314999999999999784e-03
1.209999999999999964e+00        1.613153000000000059e+00        2.290199999999999615e-03
1.219999999999999973e+00        1.612276000000000042e+00        2.265399999999999879e-03
1.229999999999999982e+00        1.611399000000000026e+00        2.240599999999999710e-03
1.239999999999999991e+00        1.610522000000000009e+00        2.215799999999999974e-03
1.250000000000000000e+00        1.609644999999999992e+00        2.190999999999999805e-03
1.260000000000000009e+00        1.608767999999999976e+00        2.166199999999999636e-03
1.270000000000000018e+00        1.607890999999999959e+00        2.141399999999999901e-03
1.280000000000000027e+00        1.607013999999999943e+00        2.116599999999999732e-03
1.290000000000000036e+00        1.606136999999999926e+00        2.091799999999999996e-03
1.300000000000000044e+00        1.605259999999999909e+00        2.066999999999999827e-03
1.310000000000000053e+00        1.606082000000000010e+00        2.044399999999999603e-03
1.320000000000000062e+00        1.606903999999999888e+00        2.021799999999999813e-03
1.330000000000000071e+00        1.607725999999999988e+00        1.999199999999999589e-03
1.340000000000000080e+00        1.608547999999999867e+00        1.976599999999999798e-03
1.350000000000000089e+00        1.609369999999999967e+00        1.953999999999999574e-03
1.360000000000000098e+00        1.610192000000000068e+00        1.931399999999999567e-03
1.370000000000000107e+00        1.611013999999999946e+00        1.908799999999999560e-03
1.379999999999999893e+00        1.611836000000000046e+00        1.886199999999999986e-03
1.389999999999999902e+00        1.612657999999999925e+00        1.863599999999999979e-03
1.399999999999999911e+00        1.613480000000000025e+00        1.840999999999999972e-03
1.409999999999999920e+00        1.612359000000000098e+00        1.829799999999999916e-03
1.419999999999999929e+00        1.611237999999999948e+00        1.818600000000000078e-03
1.429999999999999938e+00        1.610117000000000020e+00        1.807400000000000022e-03
1.439999999999999947e+00        1.608996000000000093e+00        1.796199999999999967e-03
1.449999999999999956e+00        1.607874999999999943e+00        1.785000000000000128e-03
1.459999999999999964e+00        1.606754000000000016e+00        1.773800000000000073e-03
1.469999999999999973e+00        1.605633000000000088e+00        1.762600000000000017e-03
1.479999999999999982e+00        1.604512000000000160e+00        1.751399999999999962e-03
1.489999999999999991e+00        1.603391000000000011e+00        1.740200000000000123e-03
1.500000000000000000e+00        1.602270000000000083e+00        1.729000000000000068e-03
1.510000000000000009e+00        1.602458000000000160e+00        1.726200000000000000e-03
1.520000000000000018e+00        1.602646000000000015e+00        1.723400000000000149e-03
1.530000000000000027e+00        1.602834000000000092e+00        1.720600000000000081e-03
1.540000000000000036e+00        1.603021999999999947e+00        1.717800000000000013e-03
1.550000000000000044e+00        1.603210000000000024e+00        1.715000000000000161e-03
1.560000000000000053e+00        1.603398000000000101e+00        1.712200000000000093e-03
1.570000000000000062e+00        1.603585999999999956e+00        1.709400000000000025e-03
1.580000000000000071e+00        1.603774000000000033e+00        1.706599999999999957e-03
1.590000000000000080e+00        1.603961999999999888e+00        1.703800000000000106e-03
1.600000000000000089e+00        1.604149999999999965e+00        1.701000000000000038e-03
1.610000000000000098e+00        1.603725999999999985e+00        1.703899999999999946e-03
1.620000000000000107e+00        1.603302000000000005e+00        1.706800000000000071e-03
1.629999999999999893e+00        1.602878000000000025e+00        1.709699999999999978e-03
1.639999999999999902e+00        1.602454000000000045e+00        1.712599999999999886e-03
1.649999999999999911e+00        1.602030000000000065e+00        1.715500000000000011e-03
1.659999999999999920e+00        1.601605999999999863e+00        1.718399999999999919e-03
1.669999999999999929e+00        1.601181999999999883e+00        1.721300000000000044e-03
1.679999999999999938e+00        1.600757999999999903e+00        1.724199999999999951e-03
1.689999999999999947e+00        1.600333999999999923e+00        1.727100000000000076e-03
1.699999999999999956e+00        1.599909999999999943e+00        1.729999999999999984e-03
1.709999999999999964e+00        1.599515000000000020e+00        1.732999999999999948e-03
1.719999999999999973e+00        1.599119999999999875e+00        1.735999999999999913e-03
1.729999999999999982e+00        1.598724999999999952e+00        1.739000000000000094e-03
1.739999999999999991e+00        1.598330000000000028e+00        1.742000000000000059e-03
1.750000000000000000e+00        1.597935000000000105e+00        1.745000000000000023e-03
1.760000000000000009e+00        1.597539999999999960e+00        1.747999999999999988e-03
1.770000000000000018e+00        1.597145000000000037e+00        1.750999999999999952e-03
1.780000000000000027e+00        1.596750000000000114e+00        1.754000000000000134e-03
1.790000000000000036e+00        1.596354999999999968e+00        1.757000000000000098e-03
1.800000000000000044e+00        1.595960000000000045e+00        1.760000000000000063e-03
1.810000000000000053e+00        1.595519000000000132e+00        1.758699999999999977e-03
1.820000000000000062e+00        1.595077999999999996e+00        1.757400000000000108e-03
1.830000000000000071e+00        1.594637000000000082e+00        1.756100000000000022e-03
1.840000000000000080e+00        1.594195999999999946e+00        1.754800000000000153e-03
1.850000000000000089e+00        1.593755000000000033e+00        1.753500000000000067e-03
1.860000000000000098e+00        1.593314000000000119e+00        1.752199999999999981e-03
1.870000000000000107e+00        1.592872999999999983e+00        1.750900000000000113e-03
1.879999999999999893e+00        1.592432000000000070e+00        1.749600000000000027e-03
1.889999999999999902e+00        1.591990999999999934e+00        1.748300000000000158e-03
1.899999999999999911e+00        1.591550000000000020e+00        1.747000000000000072e-03
1.909999999999999920e+00        1.591696000000000000e+00        1.744300000000000061e-03
1.919999999999999929e+00        1.591841999999999979e+00        1.741600000000000049e-03
1.929999999999999938e+00        1.591987999999999959e+00        1.738900000000000038e-03
1.939999999999999947e+00        1.592133999999999938e+00        1.736200000000000026e-03
1.949999999999999956e+00        1.592280000000000140e+00        1.733500000000000015e-03
1.959999999999999964e+00        1.592426000000000119e+00        1.730800000000000003e-03
1.969999999999999973e+00        1.592572000000000099e+00        1.728099999999999992e-03
1.979999999999999982e+00        1.592718000000000078e+00        1.725399999999999981e-03
1.989999999999999991e+00        1.592864000000000058e+00        1.722699999999999969e-03
2.000000000000000000e+00        1.593010000000000037e+00        1.719999999999999958e-03
2.009999999999999787e+00        1.592526000000000108e+00        1.711250000000000097e-03
2.020000000000000018e+00        1.592041999999999957e+00        1.702500000000000020e-03
2.029999999999999805e+00        1.591558000000000028e+00        1.693750000000000160e-03
2.040000000000000036e+00        1.591074000000000099e+00        1.684999999999999866e-03
2.049999999999999822e+00        1.590589999999999948e+00        1.676250000000000222e-03
2.060000000000000053e+00        1.590106000000000019e+00        1.667499999999999928e-03
2.069999999999999840e+00        1.589622000000000090e+00        1.658750000000000068e-03
2.080000000000000071e+00        1.589137999999999940e+00        1.649999999999999991e-03
2.089999999999999858e+00        1.588654000000000011e+00        1.641250000000000131e-03
2.100000000000000089e+00        1.588169999999999860e+00        1.632499999999999837e-03
2.109999999999999876e+00        1.587685999999999931e+00        1.623750000000000193e-03
2.120000000000000107e+00        1.587202000000000002e+00        1.614999999999999899e-03
2.129999999999999893e+00        1.586717999999999851e+00        1.606250000000000039e-03
2.140000000000000124e+00        1.586233999999999922e+00        1.597499999999999962e-03
2.149999999999999911e+00        1.585749999999999993e+00        1.588750000000000101e-03
2.160000000000000142e+00        1.585265999999999842e+00        1.580000000000000024e-03
2.169999999999999929e+00        1.584781999999999913e+00        1.571250000000000164e-03
2.180000000000000160e+00        1.584297999999999984e+00        1.562499999999999870e-03
2.189999999999999947e+00        1.583813999999999833e+00        1.553750000000000010e-03
2.200000000000000178e+00        1.583329999999999904e+00        1.544999999999999932e-03
2.209999999999999964e+00        1.583142999999999967e+00        1.537850000000000111e-03
2.220000000000000195e+00        1.582955999999999808e+00        1.530699999999999856e-03
2.229999999999999982e+00        1.582768999999999870e+00        1.523550000000000034e-03
2.240000000000000213e+00        1.582581999999999933e+00        1.516399999999999779e-03
2.250000000000000000e+00        1.582394999999999996e+00        1.509249999999999958e-03
2.259999999999999787e+00        1.582208000000000059e+00        1.502100000000000136e-03
2.270000000000000018e+00        1.582020999999999900e+00        1.494950000000000098e-03
2.279999999999999805e+00        1.581833999999999962e+00        1.487800000000000060e-03
2.290000000000000036e+00        1.581647000000000025e+00        1.480650000000000022e-03
2.299999999999999822e+00        1.581460000000000088e+00        1.473500000000000200e-03
2.310000000000000053e+00        1.581272999999999929e+00        1.466349999999999945e-03
2.319999999999999840e+00        1.581085999999999991e+00        1.459200000000000124e-03
2.330000000000000071e+00        1.580899000000000054e+00        1.452049999999999869e-03
2.339999999999999858e+00        1.580712000000000117e+00        1.444900000000000047e-03
2.350000000000000089e+00        1.580524999999999958e+00        1.437750000000000009e-03
2.359999999999999876e+00        1.580338000000000021e+00        1.430600000000000187e-03
2.370000000000000107e+00        1.580151000000000083e+00        1.423449999999999932e-03
2.379999999999999893e+00        1.579964000000000146e+00        1.416300000000000111e-03
2.390000000000000124e+00        1.579776999999999987e+00        1.409149999999999856e-03
2.399999999999999911e+00        1.579590000000000050e+00        1.402000000000000034e-03
2.410000000000000142e+00        1.579710500000000017e+00        1.398900000000000013e-03
2.419999999999999929e+00        1.579830999999999985e+00        1.395799999999999992e-03
2.430000000000000160e+00        1.579951499999999953e+00        1.392699999999999971e-03
2.439999999999999947e+00        1.580072000000000143e+00        1.389599999999999950e-03
2.450000000000000178e+00        1.580192500000000111e+00        1.386499999999999929e-03
2.459999999999999964e+00        1.580313000000000079e+00        1.383400000000000124e-03
2.470000000000000195e+00        1.580433500000000047e+00        1.380299999999999886e-03
2.479999999999999982e+00        1.580554000000000014e+00        1.377200000000000082e-03
2.490000000000000213e+00        1.580674499999999982e+00        1.374100000000000061e-03
2.500000000000000000e+00        1.580795000000000172e+00        1.371000000000000040e-03
2.509999999999999787e+00        1.580915500000000140e+00        1.367900000000000019e-03
2.520000000000000018e+00        1.581036000000000108e+00        1.364799999999999998e-03
2.529999999999999805e+00        1.581156500000000076e+00        1.361700000000000193e-03
2.540000000000000036e+00        1.581277000000000044e+00        1.358599999999999955e-03
2.549999999999999822e+00        1.581397500000000012e+00        1.355500000000000151e-03
2.560000000000000053e+00        1.581517999999999979e+00        1.352400000000000130e-03
2.569999999999999840e+00        1.581638500000000169e+00        1.349300000000000109e-03
2.580000000000000071e+00        1.581759000000000137e+00        1.346200000000000088e-03
2.589999999999999858e+00        1.581879500000000105e+00        1.343100000000000066e-03
2.600000000000000089e+00        1.582000000000000073e+00        1.340000000000000045e-03
2.609999999999999876e+00        1.581729500000000010e+00        1.341799999999999981e-03
2.620000000000000107e+00        1.581458999999999948e+00        1.343600000000000133e-03
2.629999999999999893e+00        1.581188500000000108e+00        1.345400000000000068e-03
2.640000000000000124e+00        1.580918000000000045e+00        1.347200000000000003e-03
2.649999999999999911e+00        1.580647499999999983e+00        1.348999999999999939e-03
2.660000000000000142e+00        1.580376999999999921e+00        1.350800000000000091e-03
2.669999999999999929e+00        1.580106500000000080e+00        1.352600000000000026e-03
2.680000000000000160e+00        1.579836000000000018e+00        1.354400000000000178e-03
2.689999999999999947e+00        1.579565499999999956e+00        1.356200000000000114e-03
2.700000000000000178e+00        1.579294999999999893e+00        1.358000000000000049e-03
2.709999999999999964e+00        1.579024500000000053e+00        1.359799999999999984e-03
2.720000000000000195e+00        1.578753999999999991e+00        1.361600000000000137e-03
2.729999999999999982e+00        1.578483499999999928e+00        1.363400000000000072e-03
2.740000000000000213e+00        1.578212999999999866e+00        1.365200000000000007e-03
2.750000000000000000e+00        1.577942500000000026e+00        1.367000000000000159e-03
2.759999999999999787e+00        1.577671999999999963e+00        1.368800000000000095e-03
2.770000000000000018e+00        1.577401499999999901e+00        1.370600000000000030e-03
2.779999999999999805e+00        1.577131000000000061e+00        1.372399999999999965e-03
2.790000000000000036e+00        1.576860499999999998e+00        1.374200000000000118e-03
2.799999999999999822e+00        1.576589999999999936e+00        1.376000000000000053e-03
2.810000000000000053e+00        1.576462000000000030e+00        1.375600000000000043e-03
2.819999999999999840e+00        1.576333999999999902e+00        1.375200000000000033e-03
2.830000000000000071e+00        1.576205999999999996e+00        1.374800000000000024e-03
2.839999999999999858e+00        1.576077999999999868e+00        1.374400000000000014e-03
2.850000000000000089e+00        1.575949999999999962e+00        1.374000000000000004e-03
2.859999999999999876e+00        1.575822000000000056e+00        1.373599999999999995e-03
2.870000000000000107e+00        1.575693999999999928e+00        1.373199999999999985e-03
2.879999999999999893e+00        1.575566000000000022e+00        1.372799999999999975e-03
2.890000000000000124e+00        1.575437999999999894e+00        1.372399999999999965e-03
2.899999999999999911e+00        1.575309999999999988e+00        1.371999999999999956e-03
2.910000000000000142e+00        1.575182000000000082e+00        1.371600000000000163e-03
2.919999999999999929e+00        1.575053999999999954e+00        1.371200000000000153e-03
2.930000000000000160e+00        1.574926000000000048e+00        1.370800000000000143e-03
2.939999999999999947e+00        1.574797999999999920e+00        1.370400000000000134e-03
2.950000000000000178e+00        1.574670000000000014e+00        1.370000000000000124e-03
2.959999999999999964e+00        1.574542000000000108e+00        1.369600000000000114e-03
2.970000000000000195e+00        1.574413999999999980e+00        1.369200000000000104e-03
2.979999999999999982e+00        1.574286000000000074e+00        1.368800000000000095e-03
2.990000000000000213e+00        1.574157999999999946e+00        1.368400000000000085e-03
3.000000000000000000e+00        1.574030000000000040e+00        1.368000000000000075e-03
3.009999999999999787e+00        1.573823399999999983e+00        1.368040000000000055e-03
3.020000000000000018e+00        1.573616800000000149e+00        1.368080000000000034e-03
3.029999999999999805e+00        1.573410200000000092e+00        1.368120000000000013e-03
3.040000000000000036e+00        1.573203600000000035e+00        1.368159999999999992e-03
3.049999999999999822e+00        1.572996999999999979e+00        1.368199999999999972e-03
3.060000000000000053e+00        1.572790400000000144e+00        1.368239999999999951e-03
3.069999999999999840e+00        1.572583800000000087e+00        1.368280000000000147e-03
3.080000000000000071e+00        1.572377200000000030e+00        1.368320000000000126e-03
3.089999999999999858e+00        1.572170599999999974e+00        1.368360000000000106e-03
3.100000000000000089e+00        1.571964000000000139e+00        1.368400000000000085e-03
3.109999999999999876e+00        1.571757400000000082e+00        1.368440000000000064e-03
3.120000000000000107e+00        1.571550800000000025e+00        1.368480000000000044e-03
3.129999999999999893e+00        1.571344199999999969e+00        1.368520000000000023e-03
3.140000000000000124e+00        1.571137600000000134e+00        1.368560000000000002e-03
3.149999999999999911e+00        1.570931000000000077e+00        1.368599999999999981e-03
3.160000000000000142e+00        1.570724400000000021e+00        1.368639999999999961e-03
3.169999999999999929e+00        1.570517799999999964e+00        1.368679999999999940e-03
3.180000000000000160e+00        1.570311200000000129e+00        1.368719999999999919e-03
3.189999999999999947e+00        1.570104600000000072e+00        1.368760000000000115e-03
3.200000000000000178e+00        1.569898000000000016e+00        1.368800000000000095e-03
3.209999999999999964e+00        1.569691399999999959e+00        1.368840000000000074e-03
3.220000000000000195e+00        1.569484800000000124e+00        1.368880000000000053e-03
3.229999999999999982e+00        1.569278200000000068e+00        1.368920000000000033e-03
3.240000000000000213e+00        1.569071600000000011e+00        1.368960000000000012e-03
3.250000000000000000e+00        1.568865000000000176e+00        1.368999999999999991e-03
3.259999999999999787e+00        1.568658400000000119e+00        1.369039999999999970e-03
3.270000000000000018e+00        1.568451800000000063e+00        1.369079999999999950e-03
3.279999999999999805e+00        1.568245200000000006e+00        1.369119999999999929e-03
3.290000000000000036e+00        1.568038600000000171e+00        1.369159999999999908e-03
3.299999999999999822e+00        1.567832000000000114e+00        1.369199999999999888e-03
3.310000000000000053e+00        1.567625400000000058e+00        1.369239999999999867e-03
3.319999999999999840e+00        1.567418800000000001e+00        1.369280000000000063e-03
3.330000000000000071e+00        1.567212200000000166e+00        1.369320000000000042e-03
3.339999999999999858e+00        1.567005600000000110e+00        1.369360000000000022e-03
3.350000000000000089e+00        1.566799000000000053e+00        1.369400000000000001e-03
3.359999999999999876e+00        1.566592399999999996e+00        1.369439999999999980e-03
3.370000000000000107e+00        1.566385800000000161e+00        1.369479999999999960e-03
3.379999999999999893e+00        1.566179200000000105e+00        1.369519999999999939e-03
3.390000000000000124e+00        1.565972600000000048e+00        1.369559999999999918e-03
3.399999999999999911e+00        1.565765999999999991e+00        1.369599999999999897e-03
3.410000000000000142e+00        1.565559400000000156e+00        1.369639999999999877e-03
3.419999999999999929e+00        1.565352800000000100e+00        1.369679999999999856e-03
3.430000000000000160e+00        1.565146200000000043e+00        1.369719999999999835e-03
3.439999999999999947e+00        1.564939599999999986e+00        1.369760000000000031e-03
3.450000000000000178e+00        1.564733000000000152e+00        1.369800000000000011e-03
3.459999999999999964e+00        1.564526400000000095e+00        1.369839999999999990e-03
3.470000000000000195e+00        1.564319800000000038e+00        1.369879999999999969e-03
3.479999999999999982e+00        1.564113199999999981e+00        1.369919999999999949e-03
3.490000000000000213e+00        1.563906600000000147e+00        1.369959999999999928e-03
3.500000000000000000e+00        1.563700000000000090e+00        1.369999999999999907e-03
3.509999999999999787e+00        1.563631600000000121e+00        1.370179999999999922e-03
3.520000000000000018e+00        1.563563200000000153e+00        1.370359999999999938e-03
3.529999999999999805e+00        1.563494800000000184e+00        1.370539999999999953e-03
3.540000000000000036e+00        1.563426399999999994e+00        1.370719999999999968e-03
3.549999999999999822e+00        1.563358000000000025e+00        1.370899999999999983e-03
3.560000000000000053e+00        1.563289600000000057e+00        1.371079999999999998e-03
3.569999999999999840e+00        1.563221200000000088e+00        1.371260000000000014e-03
3.580000000000000071e+00        1.563152800000000120e+00        1.371440000000000029e-03
3.589999999999999858e+00        1.563084400000000151e+00        1.371619999999999827e-03
3.600000000000000089e+00        1.563015999999999961e+00        1.371799999999999842e-03
3.609999999999999876e+00        1.562947599999999992e+00        1.371979999999999858e-03
3.620000000000000107e+00        1.562879200000000024e+00        1.372159999999999873e-03
3.629999999999999893e+00        1.562810800000000055e+00        1.372339999999999888e-03
3.640000000000000124e+00        1.562742400000000087e+00        1.372519999999999903e-03
3.649999999999999911e+00        1.562674000000000119e+00        1.372699999999999919e-03
3.660000000000000142e+00        1.562605599999999928e+00        1.372879999999999934e-03
3.669999999999999929e+00        1.562537199999999959e+00        1.373059999999999949e-03
3.680000000000000160e+00        1.562468799999999991e+00        1.373239999999999964e-03
3.689999999999999947e+00        1.562400400000000023e+00        1.373419999999999979e-03
3.700000000000000178e+00        1.562332000000000054e+00        1.373599999999999995e-03
3.709999999999999964e+00        1.562263600000000086e+00        1.373780000000000010e-03
3.720000000000000195e+00        1.562195199999999895e+00        1.373960000000000025e-03
3.729999999999999982e+00        1.562126799999999927e+00        1.374140000000000040e-03
3.740000000000000213e+00        1.562058399999999958e+00        1.374320000000000055e-03
3.750000000000000000e+00        1.561989999999999990e+00        1.374499999999999854e-03
3.759999999999999787e+00        1.561921600000000021e+00        1.374679999999999869e-03
3.770000000000000018e+00        1.561853200000000053e+00        1.374859999999999884e-03
3.779999999999999805e+00        1.561784800000000084e+00        1.375039999999999899e-03
3.790000000000000036e+00        1.561716399999999894e+00        1.375219999999999915e-03
3.799999999999999822e+00        1.561647999999999925e+00        1.375399999999999930e-03
3.810000000000000053e+00        1.561579599999999957e+00        1.375579999999999945e-03
3.819999999999999840e+00        1.561511199999999988e+00        1.375759999999999960e-03
3.830000000000000071e+00        1.561442800000000020e+00        1.375939999999999976e-03
3.839999999999999858e+00        1.561374400000000051e+00        1.376119999999999991e-03
3.850000000000000089e+00        1.561305999999999861e+00        1.376300000000000006e-03
3.859999999999999876e+00        1.561237599999999892e+00        1.376480000000000021e-03
3.870000000000000107e+00        1.561169199999999924e+00        1.376660000000000036e-03
3.879999999999999893e+00        1.561100799999999955e+00        1.376840000000000052e-03
3.890000000000000124e+00        1.561032399999999987e+00        1.377020000000000067e-03
3.899999999999999911e+00        1.560964000000000018e+00        1.377200000000000082e-03
3.910000000000000142e+00        1.560895599999999828e+00        1.377380000000000097e-03
3.919999999999999929e+00        1.560827199999999859e+00        1.377559999999999896e-03
3.930000000000000160e+00        1.560758799999999891e+00        1.377739999999999911e-03
3.939999999999999947e+00        1.560690399999999922e+00        1.377919999999999926e-03
3.950000000000000178e+00        1.560621999999999954e+00        1.378099999999999941e-03
3.959999999999999964e+00        1.560553599999999985e+00        1.378279999999999957e-03
3.970000000000000195e+00        1.560485199999999795e+00        1.378459999999999972e-03
3.979999999999999982e+00        1.560416799999999826e+00        1.378639999999999987e-03
3.990000000000000213e+00        1.560348399999999858e+00        1.378820000000000002e-03
4.000000000000000000e+00        1.560279999999999889e+00        1.379000000000000017e-03
4.009999999999999787e+00        1.560047799999999985e+00        1.381480000000000034e-03
4.019999999999999574e+00        1.559815599999999858e+00        1.383959999999999834e-03
4.030000000000000249e+00        1.559583399999999953e+00        1.386440000000000068e-03
4.040000000000000036e+00        1.559351199999999826e+00        1.388920000000000085e-03
4.049999999999999822e+00        1.559118999999999922e+00        1.391399999999999885e-03
4.059999999999999609e+00        1.558886800000000017e+00        1.393879999999999902e-03
4.070000000000000284e+00        1.558654599999999890e+00        1.396360000000000136e-03
4.080000000000000071e+00        1.558422399999999985e+00        1.398839999999999936e-03
4.089999999999999858e+00        1.558190199999999859e+00        1.401319999999999953e-03
4.099999999999999645e+00        1.557957999999999954e+00        1.403799999999999970e-03
4.110000000000000320e+00        1.557725799999999827e+00        1.406279999999999987e-03
4.120000000000000107e+00        1.557493599999999923e+00        1.408760000000000004e-03
4.129999999999999893e+00        1.557261400000000018e+00        1.411240000000000020e-03
4.139999999999999680e+00        1.557029199999999891e+00        1.413719999999999821e-03
4.150000000000000355e+00        1.556796999999999986e+00        1.416200000000000054e-03
4.160000000000000142e+00        1.556564799999999860e+00        1.418680000000000071e-03
4.169999999999999929e+00        1.556332599999999955e+00        1.421160000000000088e-03
4.179999999999999716e+00        1.556100399999999828e+00        1.423639999999999888e-03
4.190000000000000391e+00        1.555868199999999923e+00        1.426120000000000122e-03
4.200000000000000178e+00        1.555636000000000019e+00        1.428600000000000139e-03
4.209999999999999964e+00        1.555403799999999892e+00        1.431079999999999939e-03
4.219999999999999751e+00        1.555171599999999987e+00        1.433559999999999956e-03
4.230000000000000426e+00        1.554939399999999861e+00        1.436040000000000190e-03
4.240000000000000213e+00        1.554707199999999956e+00        1.438519999999999990e-03
4.250000000000000000e+00        1.554475000000000051e+00        1.441000000000000007e-03
4.259999999999999787e+00        1.554242799999999924e+00        1.443480000000000023e-03
4.269999999999999574e+00        1.554010600000000020e+00        1.445959999999999824e-03
4.280000000000000249e+00        1.553778399999999893e+00        1.448440000000000057e-03
4.290000000000000036e+00        1.553546199999999988e+00        1.450920000000000074e-03
4.299999999999999822e+00        1.553313999999999862e+00        1.453399999999999874e-03
4.309999999999999609e+00        1.553081799999999957e+00        1.455879999999999891e-03
4.320000000000000284e+00        1.552849600000000052e+00        1.458360000000000125e-03
4.330000000000000071e+00        1.552617399999999925e+00        1.460839999999999925e-03
4.339999999999999858e+00        1.552385200000000021e+00        1.463319999999999942e-03
4.349999999999999645e+00        1.552152999999999894e+00        1.465799999999999959e-03
4.360000000000000320e+00        1.551920799999999989e+00        1.468280000000000193e-03
4.370009999999999728e+00        1.551688367799999968e+00        1.470762479999999841e-03
4.380010000000000403e+00        1.551456167800000063e+00        1.473242480000000075e-03
4.390010000000000190e+00        1.551223967799999937e+00        1.475722480000000092e-03
4.400009999999999977e+00        1.550991767800000032e+00        1.478202479999999892e-03
4.410009999999999764e+00        1.550759567799999905e+00        1.480682479999999909e-03
4.420010000000000439e+00        1.550527367800000000e+00        1.483162480000000142e-03
4.430010000000000225e+00        1.550295167799999874e+00        1.485642479999999942e-03
4.440010000000000012e+00        1.550062967799999969e+00        1.488122479999999959e-03
4.450009999999999799e+00        1.549830767800000064e+00        1.490602479999999976e-03
4.460009999999999586e+00        1.549598567799999937e+00        1.493082479999999993e-03
4.470010000000000261e+00        1.549366367800000033e+00        1.495562480000000010e-03
4.480010000000000048e+00        1.549134167799999906e+00        1.498042480000000027e-03
4.490009999999999835e+00        1.548901967800000001e+00        1.500522480000000044e-03
4.500009999999999621e+00        1.548669700400000071e+00        1.503030039999998790e-03
4.510010000000000296e+00        1.548370100399999894e+00        1.533070040000000800e-03
4.520010000000000083e+00        1.548070500399999938e+00        1.563110040000000207e-03
4.530009999999999870e+00        1.547770900399999983e+00        1.593150039999999615e-03
4.540009999999999657e+00        1.547471300400000027e+00        1.623190039999999022e-03
4.550010000000000332e+00        1.547171700400000072e+00        1.653230040000001032e-03
4.560010000000000119e+00        1.546872100399999894e+00        1.683270040000000439e-03
4.570009999999999906e+00        1.546572500399999939e+00        1.713310039999999630e-03
4.580009999999999692e+00        1.546272900399999983e+00        1.743350039999999037e-03
4.590010000000000367e+00        1.545973300400000028e+00        1.773390040000001047e-03
4.600010000000000154e+00        1.545673700400000072e+00        1.803430040000000454e-03
4.610009999999999941e+00        1.545374100399999895e+00        1.833470039999999862e-03
4.620009999999999728e+00        1.545074500399999939e+00        1.863510039999999052e-03
4.630010000000000403e+00        1.544774900399999984e+00        1.893550040000001062e-03
4.640010000000000190e+00        1.544475300400000028e+00        1.923590040000000469e-03
4.650009999999999977e+00        1.544175700400000073e+00        1.953630039999999877e-03
4.660009999999999764e+00        1.543876100399999896e+00        1.983670039999999284e-03
4.670010000000000439e+00        1.543576500399999940e+00        2.013710040000001294e-03
4.680010000000000225e+00        1.543276900399999985e+00        2.043750040000000701e-03
4.690010000000000012e+00        1.542977300400000029e+00        2.073790040000000109e-03
4.700009999999999799e+00        1.542677700400000074e+00        2.103830039999999083e-03
4.710009999999999586e+00        1.542378100399999896e+00        2.133870039999998490e-03
4.720010000000000261e+00        1.542078500399999941e+00        2.163910040000000500e-03
4.730010000000000048e+00        1.541778900399999985e+00        2.193950039999999907e-03
4.740009999999999835e+00        1.541479300400000030e+00        2.223990039999999314e-03
4.750009999999999621e+00        1.541179700400000074e+00        2.254030039999998722e-03
4.760010000000000296e+00        1.540880100399999897e+00        2.284070040000000731e-03
4.770010000000000083e+00        1.540580500399999941e+00        2.314110040000000139e-03
4.780009999999999870e+00        1.540280900399999986e+00        2.344150039999999546e-03
4.790009999999999657e+00        1.539981300400000030e+00        2.374190039999998954e-03
4.800010000000000332e+00        1.539681700400000075e+00        2.404230040000000963e-03
4.810019999999999740e+00        1.539381800799999978e+00        2.434300079999999165e-03
4.820020000000000415e+00        1.539082200800000022e+00        2.464340080000001175e-03
4.830020000000000202e+00        1.538782600800000067e+00        2.494380080000000582e-03
4.840019999999999989e+00        1.538483000799999889e+00        2.524420079999999990e-03
4.850019999999999776e+00        1.538183400799999934e+00        2.554460079999999397e-03
4.860019999999999563e+00        1.537883800799999978e+00        2.584500079999998805e-03
4.870020000000000238e+00        1.537584200800000023e+00        2.614540080000000814e-03
4.880020000000000024e+00        1.537284600800000067e+00        2.644580080000000222e-03
4.890019999999999811e+00        1.536985000800000112e+00        2.674620079999999629e-03
4.900019999999999598e+00        1.536685400799999934e+00        2.704660079999998603e-03
4.910020000000000273e+00        1.536385800799999979e+00        2.734700080000000613e-03
4.920020000000000060e+00        1.536086200800000023e+00        2.764740080000000020e-03
4.930019999999999847e+00        1.535786600800000068e+00        2.794780079999999427e-03
4.940019999999999634e+00        1.535487000800000112e+00        2.824820079999998835e-03
4.950020000000000309e+00        1.535187400799999935e+00        2.854860080000000844e-03
4.960020000000000095e+00        1.534887800799999980e+00        2.884900080000000252e-03
4.970019999999999882e+00        1.534588200800000024e+00        2.914940079999999226e-03
4.980019999999999669e+00        1.534288600800000069e+00        2.944980079999998633e-03
4.990020000000000344e+00        1.533989000799999891e+00        2.975020080000000643e-03
