# wav(mic), n, k
2.999999999999999889e-01        1.668020000000000058e+00        4.526199999999999668e-02
3.099999999999999978e-01        1.665020000000000167e+00        4.093800000000000217e-02
3.200000000000000067e-01        1.662020000000000053e+00        3.661400000000000071e-02
3.300000000000000155e-01        1.658349999999999991e+00        3.298150000000000387e-02
3.400000000000000244e-01        1.654679999999999929e+00        2.934900000000000009e-02
3.499999999999999778e-01        1.650910000000000100e+00        2.467450000000001240e-02
3.599999999999999867e-01        1.647140000000000049e+00        2.000000000000000042e-02
3.699999999999999956e-01        1.643880000000000008e+00        1.600000000000000033e-02
3.800000000000000044e-01        1.640619999999999967e+00        1.200000000000000025e-02
3.900000000000000133e-01        1.637809999999999988e+00        9.499999999999999764e-03
4.000000000000000222e-01        1.635000000000000009e+00        7.000000000000000146e-03
4.099999999999999756e-01        1.632130000000000081e+00        5.250000000000004663e-03
4.199999999999999845e-01        1.629259999999999931e+00        3.500000000000000507e-03
4.299999999999999933e-01        1.627146666666666519e+00        3.086666666666666812e-03
4.400000000000000022e-01        1.625033333333333330e+00        2.673333333333333117e-03
4.500000000000000111e-01        1.622919999999999918e+00        2.259999999999999856e-03
4.600000000000000200e-01        1.621027999999999913e+00        2.165999999999999957e-03
4.699999999999999734e-01        1.619135999999999909e+00        2.072000000000000057e-03
4.799999999999999822e-01        1.617243999999999904e+00        1.978000000000000157e-03
4.899999999999999911e-01        1.615351999999999899e+00        1.884000000000000041e-03
5.000000000000000000e-01        1.613459999999999894e+00        1.789999999999999925e-03
5.100000000000000089e-01        1.612801999999999847e+00        1.761799999999999998e-03
5.200000000000000178e-01        1.612144000000000021e+00        1.733600000000000071e-03
5.300000000000000266e-01        1.611485999999999974e+00        1.705399999999999928e-03
5.400000000000000355e-01        1.610828000000000149e+00        1.677200000000000002e-03
5.500000000000000444e-01        1.610170000000000101e+00        1.649000000000000075e-03
5.600000000000000533e-01        1.609320000000000084e+00        1.628799999999999909e-03
5.699999999999999512e-01        1.608470000000000066e+00        1.608600000000000177e-03
5.799999999999999600e-01        1.607620000000000049e+00        1.588400000000000012e-03
5.899999999999999689e-01        1.606770000000000032e+00        1.568200000000000063e-03
5.999999999999999778e-01        1.605920000000000014e+00        1.547999999999999897e-03
6.099999999999999867e-01        1.605086000000000013e+00        1.536999999999999955e-03
6.199999999999999956e-01        1.604252000000000011e+00        1.526000000000000013e-03
6.300000000000000044e-01        1.603418000000000010e+00        1.514999999999999854e-03
6.400000000000000133e-01        1.602584000000000009e+00        1.503999999999999912e-03
6.500000000000000222e-01        1.601750000000000007e+00        1.492999999999999969e-03
6.600000000000000311e-01        1.601064000000000043e+00        1.484199999999999972e-03
6.700000000000000400e-01        1.600378000000000078e+00        1.475399999999999975e-03
6.800000000000000488e-01        1.599691999999999892e+00        1.466599999999999978e-03
6.899999999999999467e-01        1.599005999999999927e+00        1.457799999999999981e-03
6.999999999999999556e-01        1.598319999999999963e+00        1.448999999999999984e-03
7.099999999999999645e-01        1.597995999999999972e+00        1.443599999999999961e-03
7.199999999999999734e-01        1.597671999999999981e+00        1.438199999999999939e-03
7.299999999999999822e-01        1.597347999999999990e+00        1.432800000000000133e-03
7.399999999999999911e-01        1.597023999999999999e+00        1.427400000000000110e-03
7.500000000000000000e-01        1.596700000000000008e+00        1.422000000000000087e-03
7.600000000000000089e-01        1.596543999999999963e+00        1.421600000000000077e-03
7.700000000000000178e-01        1.596387999999999918e+00        1.421200000000000067e-03
7.800000000000000266e-01        1.596232000000000095e+00        1.420800000000000058e-03
7.900000000000000355e-01        1.596076000000000050e+00        1.420400000000000048e-03
8.000000000000000444e-01        1.595920000000000005e+00        1.420000000000000038e-03
8.100000000000000533e-01        1.595660000000000078e+00        1.425000000000000051e-03
8.199999999999999512e-01        1.595399999999999929e+00        1.430000000000000064e-03
8.299999999999999600e-01        1.595140000000000002e+00        1.435000000000000078e-03
8.399999999999999689e-01        1.594880000000000075e+00        1.439999999999999874e-03
8.499999999999999778e-01        1.594620000000000148e+00        1.444999999999999887e-03
8.599999999999999867e-01        1.594359999999999999e+00        1.449999999999999900e-03
8.699999999999999956e-01        1.594100000000000072e+00        1.454999999999999913e-03
8.800000000000000044e-01        1.593840000000000146e+00        1.459999999999999926e-03
8.900000000000000133e-01        1.593579999999999997e+00        1.464999999999999939e-03
9.000000000000000222e-01        1.593320000000000070e+00        1.469999999999999953e-03
9.100000000000000311e-01        1.592774000000000134e+00        1.475999999999999882e-03
9.200000000000000400e-01        1.592227999999999977e+00        1.482000000000000027e-03
9.300000000000000488e-01        1.591682000000000041e+00        1.487999999999999956e-03
9.399999999999999467e-01        1.591136000000000106e+00        1.493999999999999885e-03
9.499999999999999556e-01        1.590590000000000170e+00        1.499999999999999814e-03
9.599999999999999645e-01        1.590044000000000013e+00        1.505999999999999960e-03
9.699999999999999734e-01        1.589498000000000077e+00        1.511999999999999889e-03
9.799999999999999822e-01        1.588952000000000142e+00        1.517999999999999818e-03
9.899999999999999911e-01        1.588405999999999985e+00        1.523999999999999964e-03
1.000000000000000000e+00        1.587860000000000049e+00        1.529999999999999893e-03
1.010000000000000009e+00        1.587512999999999952e+00        1.528399999999999854e-03
1.020000000000000018e+00        1.587166000000000077e+00        1.526799999999999815e-03
1.030000000000000027e+00        1.586818999999999980e+00        1.525199999999999993e-03
1.040000000000000036e+00        1.586472000000000104e+00        1.523599999999999954e-03
1.050000000000000044e+00        1.586125000000000007e+00        1.521999999999999915e-03
1.060000000000000053e+00        1.585777999999999910e+00        1.520399999999999877e-03
1.070000000000000062e+00        1.585431000000000035e+00        1.518799999999999838e-03
1.080000000000000071e+00        1.585083999999999937e+00        1.517200000000000016e-03
1.090000000000000080e+00        1.584737000000000062e+00        1.515599999999999977e-03
1.100000000000000089e+00        1.584389999999999965e+00        1.513999999999999938e-03
1.110000000000000098e+00        1.584444999999999881e+00        1.505700000000000007e-03
1.120000000000000107e+00        1.584500000000000020e+00        1.497399999999999860e-03
1.129999999999999893e+00        1.584554999999999936e+00        1.489100000000000146e-03
1.139999999999999902e+00        1.584610000000000074e+00        1.480799999999999998e-03
1.149999999999999911e+00        1.584664999999999990e+00        1.472500000000000068e-03
1.159999999999999920e+00        1.584719999999999906e+00        1.464200000000000137e-03
1.169999999999999929e+00        1.584775000000000045e+00        1.455899999999999989e-03
1.179999999999999938e+00        1.584829999999999961e+00        1.447600000000000059e-03
1.189999999999999947e+00        1.584885000000000099e+00        1.439299999999999911e-03
1.199999999999999956e+00        1.584940000000000015e+00        1.430999999999999980e-03
1.209999999999999964e+00        1.583893999999999913e+00        1.418299999999999943e-03
1.219999999999999973e+00        1.582848000000000033e+00        1.405599999999999905e-03
1.229999999999999982e+00        1.581802000000000152e+00        1.392900000000000084e-03
1.239999999999999991e+00        1.580756000000000050e+00        1.380200000000000047e-03
1.250000000000000000e+00        1.579709999999999948e+00        1.367500000000000009e-03
1.260000000000000009e+00        1.578664000000000067e+00        1.354799999999999971e-03
1.270000000000000018e+00        1.577618000000000187e+00        1.342099999999999934e-03
1.280000000000000027e+00        1.576572000000000084e+00        1.329400000000000113e-03
1.290000000000000036e+00        1.575525999999999982e+00        1.316700000000000075e-03
1.300000000000000044e+00        1.574480000000000102e+00        1.304000000000000038e-03
1.310000000000000053e+00        1.575379000000000085e+00        1.290700000000000094e-03
1.320000000000000062e+00        1.576278000000000068e+00        1.277399999999999933e-03
1.330000000000000071e+00        1.577177000000000051e+00        1.264099999999999989e-03
1.340000000000000080e+00        1.578076000000000034e+00        1.250799999999999829e-03
1.350000000000000089e+00        1.578975000000000017e+00        1.237499999999999885e-03
1.360000000000000098e+00        1.579874000000000001e+00        1.224199999999999724e-03
1.370000000000000107e+00        1.580772999999999984e+00        1.210899999999999780e-03
1.379999999999999893e+00        1.581671999999999967e+00        1.197600000000000053e-03
1.389999999999999902e+00        1.582570999999999950e+00        1.184299999999999893e-03
1.399999999999999911e+00        1.583469999999999933e+00        1.170999999999999949e-03
1.409999999999999920e+00        1.582114000000000020e+00        1.164699999999999850e-03
1.419999999999999929e+00        1.580757999999999885e+00        1.158399999999999968e-03
1.429999999999999938e+00        1.579401999999999973e+00        1.152100000000000086e-03
1.439999999999999947e+00        1.578045999999999838e+00        1.145799999999999987e-03
1.449999999999999956e+00        1.576689999999999925e+00        1.139499999999999888e-03
1.459999999999999964e+00        1.575334000000000012e+00        1.133200000000000006e-03
1.469999999999999973e+00        1.573977999999999877e+00        1.126900000000000124e-03
1.479999999999999982e+00        1.572621999999999964e+00        1.120600000000000025e-03
1.489999999999999991e+00        1.571265999999999829e+00        1.114299999999999926e-03
1.500000000000000000e+00        1.569909999999999917e+00        1.108000000000000044e-03
1.510000000000000009e+00        1.570314999999999905e+00        1.107400000000000138e-03
1.520000000000000018e+00        1.570719999999999894e+00        1.106800000000000015e-03
1.530000000000000027e+00        1.571124999999999883e+00        1.106199999999999892e-03
1.540000000000000036e+00        1.571529999999999871e+00        1.105599999999999986e-03
1.550000000000000044e+00        1.571934999999999860e+00        1.105000000000000079e-03
1.560000000000000053e+00        1.572340000000000071e+00        1.104399999999999956e-03
1.570000000000000062e+00        1.572745000000000060e+00        1.103799999999999833e-03
1.580000000000000071e+00        1.573150000000000048e+00        1.103199999999999927e-03
1.590000000000000080e+00        1.573555000000000037e+00        1.102600000000000021e-03
1.600000000000000089e+00        1.573960000000000026e+00        1.101999999999999898e-03
1.610000000000000098e+00        1.573596999999999912e+00        1.105499999999999929e-03
1.620000000000000107e+00        1.573234000000000021e+00        1.108999999999999960e-03
1.629999999999999893e+00        1.572871000000000130e+00        1.112499999999999774e-03
1.639999999999999902e+00        1.572508000000000017e+00        1.115999999999999805e-03
1.649999999999999911e+00        1.572145000000000126e+00        1.119499999999999836e-03
1.659999999999999920e+00        1.571782000000000012e+00        1.122999999999999866e-03
1.669999999999999929e+00        1.571419000000000121e+00        1.126499999999999897e-03
1.679999999999999938e+00        1.571056000000000008e+00        1.129999999999999928e-03
1.689999999999999947e+00        1.570693000000000117e+00        1.133499999999999959e-03
1.699999999999999956e+00        1.570330000000000004e+00        1.136999999999999990e-03
1.709999999999999964e+00        1.569925999999999933e+00        1.139800000000000058e-03
1.719999999999999973e+00        1.569522000000000084e+00        1.142599999999999909e-03
1.729999999999999982e+00        1.569118000000000013e+00        1.145399999999999977e-03
1.739999999999999991e+00        1.568713999999999942e+00        1.148200000000000045e-03
1.750000000000000000e+00        1.568309999999999871e+00        1.150999999999999896e-03
1.760000000000000009e+00        1.567906000000000022e+00        1.153799999999999965e-03
1.770000000000000018e+00        1.567501999999999951e+00        1.156600000000000033e-03
1.780000000000000027e+00        1.567097999999999880e+00        1.159400000000000101e-03
1.790000000000000036e+00        1.566694000000000031e+00        1.162199999999999952e-03
1.800000000000000044e+00        1.566289999999999960e+00        1.165000000000000020e-03
1.810000000000000053e+00        1.565838000000000063e+00        1.164899999999999963e-03
1.820000000000000062e+00        1.565385999999999944e+00        1.164800000000000123e-03
1.830000000000000071e+00        1.564934000000000047e+00        1.164700000000000067e-03
1.840000000000000080e+00        1.564481999999999928e+00        1.164600000000000010e-03
1.850000000000000089e+00        1.564030000000000031e+00        1.164499999999999954e-03
1.860000000000000098e+00        1.563578000000000134e+00        1.164400000000000114e-03
1.870000000000000107e+00        1.563126000000000015e+00        1.164300000000000057e-03
1.879999999999999893e+00        1.562674000000000119e+00        1.164200000000000000e-03
1.889999999999999902e+00        1.562222000000000000e+00        1.164100000000000161e-03
1.899999999999999911e+00        1.561770000000000103e+00        1.164000000000000104e-03
1.909999999999999920e+00        1.562515000000000098e+00        1.161700000000000102e-03
1.919999999999999929e+00        1.563260000000000094e+00        1.159400000000000101e-03
1.929999999999999938e+00        1.564005000000000090e+00        1.157100000000000099e-03
1.939999999999999947e+00        1.564750000000000085e+00        1.154800000000000097e-03
1.949999999999999956e+00        1.565495000000000081e+00        1.152500000000000096e-03
1.959999999999999964e+00        1.566240000000000077e+00        1.150200000000000094e-03
1.969999999999999973e+00        1.566985000000000072e+00        1.147900000000000092e-03
1.979999999999999982e+00        1.567730000000000068e+00        1.145600000000000090e-03
1.989999999999999991e+00        1.568475000000000064e+00        1.143300000000000089e-03
2.000000000000000000e+00        1.569220000000000059e+00        1.141000000000000087e-03
2.009999999999999787e+00        1.569001000000000090e+00        1.136250000000000107e-03
2.020000000000000018e+00        1.568782000000000121e+00        1.131500000000000127e-03
2.029999999999999805e+00        1.568563000000000152e+00        1.126750000000000147e-03
2.040000000000000036e+00        1.568343999999999960e+00        1.122000000000000167e-03
2.049999999999999822e+00        1.568124999999999991e+00        1.117250000000000187e-03
2.060000000000000053e+00        1.567906000000000022e+00        1.112499999999999991e-03
2.069999999999999840e+00        1.567687000000000053e+00        1.107750000000000228e-03
2.080000000000000071e+00        1.567468000000000083e+00        1.103000000000000031e-03
2.089999999999999858e+00        1.567249000000000114e+00        1.098250000000000268e-03
2.100000000000000089e+00        1.567029999999999923e+00        1.093500000000000071e-03
2.109999999999999876e+00        1.566810999999999954e+00        1.088750000000000091e-03
2.120000000000000107e+00        1.566591999999999985e+00        1.084000000000000111e-03
2.129999999999999893e+00        1.566373000000000015e+00        1.079250000000000131e-03
2.140000000000000124e+00        1.566154000000000046e+00        1.074500000000000151e-03
2.149999999999999911e+00        1.565935000000000077e+00        1.069750000000000171e-03
2.160000000000000142e+00        1.565716000000000108e+00        1.064999999999999974e-03
2.169999999999999929e+00        1.565496999999999916e+00        1.060250000000000211e-03
2.180000000000000160e+00        1.565277999999999947e+00        1.055500000000000015e-03
2.189999999999999947e+00        1.565058999999999978e+00        1.050750000000000252e-03
2.200000000000000178e+00        1.564840000000000009e+00        1.046000000000000055e-03
2.209999999999999964e+00        1.564651000000000014e+00        1.042500000000000024e-03
2.220000000000000195e+00        1.564462000000000019e+00        1.038999999999999993e-03
2.229999999999999982e+00        1.564273000000000025e+00        1.035500000000000179e-03
2.240000000000000213e+00        1.564084000000000030e+00        1.031999999999999931e-03
2.250000000000000000e+00        1.563895000000000035e+00        1.028500000000000117e-03
2.259999999999999787e+00        1.563706000000000040e+00        1.025000000000000086e-03
2.270000000000000018e+00        1.563517000000000046e+00        1.021500000000000056e-03
2.279999999999999805e+00        1.563328000000000051e+00        1.018000000000000025e-03
2.290000000000000036e+00        1.563139000000000056e+00        1.014499999999999994e-03
2.299999999999999822e+00        1.562950000000000061e+00        1.011000000000000180e-03
2.310000000000000053e+00        1.562760999999999845e+00        1.007499999999999932e-03
2.319999999999999840e+00        1.562571999999999850e+00        1.004000000000000118e-03
2.330000000000000071e+00        1.562382999999999855e+00        1.000500000000000087e-03
2.339999999999999858e+00        1.562193999999999861e+00        9.970000000000000563e-04
2.350000000000000089e+00        1.562004999999999866e+00        9.935000000000000255e-04
2.359999999999999876e+00        1.561815999999999871e+00        9.899999999999999946e-04
2.370000000000000107e+00        1.561626999999999876e+00        9.864999999999999637e-04
2.379999999999999893e+00        1.561437999999999882e+00        9.829999999999999329e-04
2.390000000000000124e+00        1.561248999999999887e+00        9.794999999999999020e-04
2.399999999999999911e+00        1.561059999999999892e+00        9.759999999999999796e-04
2.410000000000000142e+00        1.560971999999999804e+00        9.754499999999999933e-04
2.419999999999999929e+00        1.560883999999999938e+00        9.749000000000000070e-04
2.430000000000000160e+00        1.560795999999999850e+00        9.743500000000000208e-04
2.439999999999999947e+00        1.560707999999999984e+00        9.738000000000000345e-04
2.450000000000000178e+00        1.560619999999999896e+00        9.732499999999999398e-04
2.459999999999999964e+00        1.560531999999999808e+00        9.726999999999999535e-04
2.470000000000000195e+00        1.560443999999999942e+00        9.721499999999999673e-04
2.479999999999999982e+00        1.560355999999999854e+00        9.715999999999999810e-04
2.490000000000000213e+00        1.560267999999999988e+00        9.710499999999999948e-04
2.500000000000000000e+00        1.560179999999999900e+00        9.705000000000000085e-04
2.509999999999999787e+00        1.560091999999999812e+00        9.699500000000000222e-04
2.520000000000000018e+00        1.560003999999999946e+00        9.694000000000000360e-04
2.529999999999999805e+00        1.559915999999999858e+00        9.688500000000000497e-04
2.540000000000000036e+00        1.559827999999999992e+00        9.683000000000000634e-04
2.549999999999999822e+00        1.559739999999999904e+00        9.677500000000000772e-04
2.560000000000000053e+00        1.559651999999999816e+00        9.671999999999999825e-04
2.569999999999999840e+00        1.559563999999999950e+00        9.666499999999999962e-04
2.580000000000000071e+00        1.559475999999999862e+00        9.661000000000000100e-04
2.589999999999999858e+00        1.559387999999999996e+00        9.655500000000000237e-04
2.600000000000000089e+00        1.559299999999999908e+00        9.650000000000000374e-04
2.609999999999999876e+00        1.559160499999999949e+00        9.686999999999999647e-04
2.620000000000000107e+00        1.559020999999999990e+00        9.724000000000000005e-04
2.629999999999999893e+00        1.558881500000000031e+00        9.760999999999999278e-04
2.640000000000000124e+00        1.558741999999999850e+00        9.798000000000000719e-04
2.649999999999999911e+00        1.558602499999999891e+00        9.834999999999999992e-04
2.660000000000000142e+00        1.558462999999999932e+00        9.872000000000001434e-04
2.669999999999999929e+00        1.558323499999999973e+00        9.909000000000000707e-04
2.680000000000000160e+00        1.558184000000000013e+00        9.945999999999999980e-04
2.689999999999999947e+00        1.558044500000000054e+00        9.982999999999999253e-04
2.700000000000000178e+00        1.557904999999999873e+00        1.002000000000000069e-03
2.709999999999999964e+00        1.557765499999999914e+00        1.005699999999999997e-03
2.720000000000000195e+00        1.557625999999999955e+00        1.009400000000000141e-03
2.729999999999999982e+00        1.557486499999999996e+00        1.013100000000000068e-03
2.740000000000000213e+00        1.557347000000000037e+00        1.016800000000000212e-03
2.750000000000000000e+00        1.557207500000000078e+00        1.020500000000000140e-03
2.759999999999999787e+00        1.557068000000000119e+00        1.024200000000000067e-03
2.770000000000000018e+00        1.556928499999999937e+00        1.027899999999999994e-03
2.779999999999999805e+00        1.556788999999999978e+00        1.031599999999999922e-03
2.790000000000000036e+00        1.556649500000000019e+00        1.035300000000000066e-03
2.799999999999999822e+00        1.556510000000000060e+00        1.038999999999999993e-03
2.810000000000000053e+00        1.556305999999999967e+00        1.038950000000000073e-03
2.819999999999999840e+00        1.556102000000000096e+00        1.038899999999999936e-03
2.830000000000000071e+00        1.555898000000000003e+00        1.038850000000000016e-03
2.839999999999999858e+00        1.555694000000000132e+00        1.038800000000000097e-03
2.850000000000000089e+00        1.555490000000000039e+00        1.038749999999999960e-03
2.859999999999999876e+00        1.555285999999999946e+00        1.038700000000000040e-03
2.870000000000000107e+00        1.555082000000000075e+00        1.038650000000000120e-03
2.879999999999999893e+00        1.554877999999999982e+00        1.038599999999999983e-03
2.890000000000000124e+00        1.554674000000000111e+00        1.038550000000000063e-03
2.899999999999999911e+00        1.554470000000000018e+00        1.038499999999999927e-03
2.910000000000000142e+00        1.554265999999999925e+00        1.038450000000000007e-03
2.919999999999999929e+00        1.554062000000000054e+00        1.038400000000000087e-03
2.930000000000000160e+00        1.553857999999999961e+00        1.038349999999999950e-03
2.939999999999999947e+00        1.553654000000000091e+00        1.038300000000000030e-03
2.950000000000000178e+00        1.553449999999999998e+00        1.038250000000000110e-03
2.959999999999999964e+00        1.553245999999999905e+00        1.038199999999999974e-03
2.970000000000000195e+00        1.553042000000000034e+00        1.038150000000000054e-03
2.979999999999999982e+00        1.552837999999999941e+00        1.038100000000000134e-03
2.990000000000000213e+00        1.552634000000000070e+00        1.038049999999999997e-03
3.000000000000000000e+00        1.552429999999999977e+00        1.038000000000000077e-03
3.009999999999999787e+00        1.552260799999999996e+00        1.038379999999999989e-03
3.020000000000000018e+00        1.552091600000000016e+00        1.038760000000000117e-03
3.029999999999999805e+00        1.551922400000000035e+00        1.039140000000000029e-03
3.040000000000000036e+00        1.551753200000000055e+00        1.039520000000000157e-03
3.049999999999999822e+00        1.551584000000000074e+00        1.039900000000000069e-03
3.060000000000000053e+00        1.551414800000000094e+00        1.040279999999999981e-03
3.069999999999999840e+00        1.551245599999999891e+00        1.040660000000000109e-03
3.080000000000000071e+00        1.551076399999999911e+00        1.041040000000000021e-03
3.089999999999999858e+00        1.550907199999999930e+00        1.041420000000000149e-03
3.100000000000000089e+00        1.550737999999999950e+00        1.041800000000000061e-03
3.109999999999999876e+00        1.550568799999999969e+00        1.042179999999999973e-03
3.120000000000000107e+00        1.550399599999999989e+00        1.042560000000000101e-03
3.129999999999999893e+00        1.550230400000000008e+00        1.042940000000000013e-03
3.140000000000000124e+00        1.550061200000000028e+00        1.043320000000000141e-03
3.149999999999999911e+00        1.549892000000000047e+00        1.043700000000000053e-03
3.160000000000000142e+00        1.549722800000000067e+00        1.044079999999999965e-03
3.169999999999999929e+00        1.549553600000000086e+00        1.044460000000000093e-03
3.180000000000000160e+00        1.549384400000000106e+00        1.044840000000000005e-03
3.189999999999999947e+00        1.549215199999999903e+00        1.045220000000000133e-03
3.200000000000000178e+00        1.549045999999999923e+00        1.045600000000000045e-03
3.209999999999999964e+00        1.548876799999999943e+00        1.045979999999999957e-03
3.220000000000000195e+00        1.548707599999999962e+00        1.046360000000000085e-03
3.229999999999999982e+00        1.548538399999999982e+00        1.046739999999999997e-03
3.240000000000000213e+00        1.548369200000000001e+00        1.047120000000000125e-03
3.250000000000000000e+00        1.548200000000000021e+00        1.047500000000000037e-03
3.259999999999999787e+00        1.548030800000000040e+00        1.047879999999999949e-03
3.270000000000000018e+00        1.547861600000000060e+00        1.048260000000000077e-03
3.279999999999999805e+00        1.547692400000000079e+00        1.048639999999999989e-03
3.290000000000000036e+00        1.547523200000000099e+00        1.049020000000000117e-03
3.299999999999999822e+00        1.547354000000000118e+00        1.049400000000000029e-03
3.310000000000000053e+00        1.547184800000000138e+00        1.049779999999999941e-03
3.319999999999999840e+00        1.547015599999999935e+00        1.050160000000000069e-03
3.330000000000000071e+00        1.546846399999999955e+00        1.050539999999999981e-03
3.339999999999999858e+00        1.546677199999999974e+00        1.050920000000000109e-03
3.350000000000000089e+00        1.546507999999999994e+00        1.051300000000000021e-03
3.359999999999999876e+00        1.546338800000000013e+00        1.051679999999999933e-03
3.370000000000000107e+00        1.546169600000000033e+00        1.052060000000000061e-03
3.379999999999999893e+00        1.546000400000000052e+00        1.052439999999999973e-03
3.390000000000000124e+00        1.545831200000000072e+00        1.052820000000000101e-03
3.399999999999999911e+00        1.545662000000000091e+00        1.053200000000000013e-03
3.410000000000000142e+00        1.545492800000000111e+00        1.053579999999999925e-03
3.419999999999999929e+00        1.545323600000000130e+00        1.053960000000000053e-03
3.430000000000000160e+00        1.545154400000000150e+00        1.054339999999999965e-03
3.439999999999999947e+00        1.544985199999999947e+00        1.054720000000000093e-03
3.450000000000000178e+00        1.544815999999999967e+00        1.055100000000000005e-03
3.459999999999999964e+00        1.544646799999999986e+00        1.055479999999999917e-03
3.470000000000000195e+00        1.544477600000000006e+00        1.055860000000000045e-03
3.479999999999999982e+00        1.544308400000000026e+00        1.056239999999999957e-03
3.490000000000000213e+00        1.544139200000000045e+00        1.056620000000000085e-03
3.500000000000000000e+00        1.543970000000000065e+00        1.056999999999999997e-03
3.509999999999999787e+00        1.543767200000000006e+00        1.057599999999999903e-03
3.520000000000000018e+00        1.543564400000000170e+00        1.058200000000000026e-03
3.529999999999999805e+00        1.543361600000000111e+00        1.058799999999999932e-03
3.540000000000000036e+00        1.543158800000000053e+00        1.059400000000000055e-03
3.549999999999999822e+00        1.542955999999999994e+00        1.059999999999999961e-03
3.560000000000000053e+00        1.542753200000000158e+00        1.060600000000000084e-03
3.569999999999999840e+00        1.542550400000000099e+00        1.061199999999999991e-03
3.580000000000000071e+00        1.542347600000000041e+00        1.061800000000000114e-03
3.589999999999999858e+00        1.542144799999999982e+00        1.062400000000000020e-03
3.600000000000000089e+00        1.541942000000000146e+00        1.062999999999999926e-03
3.609999999999999876e+00        1.541739200000000087e+00        1.063600000000000049e-03
3.620000000000000107e+00        1.541536400000000029e+00        1.064199999999999955e-03
3.629999999999999893e+00        1.541333599999999970e+00        1.064800000000000078e-03
3.640000000000000124e+00        1.541130800000000134e+00        1.065399999999999984e-03
3.649999999999999911e+00        1.540928000000000075e+00        1.066000000000000107e-03
3.660000000000000142e+00        1.540725200000000017e+00        1.066600000000000013e-03
3.669999999999999929e+00        1.540522399999999958e+00        1.067199999999999920e-03
3.680000000000000160e+00        1.540319600000000122e+00        1.067800000000000043e-03
3.689999999999999947e+00        1.540116800000000064e+00        1.068399999999999949e-03
3.700000000000000178e+00        1.539914000000000005e+00        1.069000000000000072e-03
3.709999999999999964e+00        1.539711199999999947e+00        1.069599999999999978e-03
3.720000000000000195e+00        1.539508400000000110e+00        1.070200000000000101e-03
3.729999999999999982e+00        1.539305600000000052e+00        1.070800000000000007e-03
3.740000000000000213e+00        1.539102799999999993e+00        1.071400000000000130e-03
3.750000000000000000e+00        1.538899999999999935e+00        1.072000000000000036e-03
3.759999999999999787e+00        1.538697200000000098e+00        1.072599999999999942e-03
3.770000000000000018e+00        1.538494400000000040e+00        1.073200000000000065e-03
3.779999999999999805e+00        1.538291599999999981e+00        1.073799999999999972e-03
3.790000000000000036e+00        1.538088800000000145e+00        1.074400000000000095e-03
3.799999999999999822e+00        1.537886000000000086e+00        1.075000000000000001e-03
3.810000000000000053e+00        1.537683200000000028e+00        1.075600000000000124e-03
3.819999999999999840e+00        1.537480399999999969e+00        1.076200000000000030e-03
3.830000000000000071e+00        1.537277600000000133e+00        1.076800000000000153e-03
3.839999999999999858e+00        1.537074800000000074e+00        1.077400000000000059e-03
3.850000000000000089e+00        1.536872000000000016e+00        1.077999999999999965e-03
3.859999999999999876e+00        1.536669199999999957e+00        1.078600000000000088e-03
3.870000000000000107e+00        1.536466400000000121e+00        1.079199999999999994e-03
3.879999999999999893e+00        1.536263600000000062e+00        1.079800000000000117e-03
3.890000000000000124e+00        1.536060800000000004e+00        1.080400000000000024e-03
3.899999999999999911e+00        1.535857999999999945e+00        1.081000000000000147e-03
3.910000000000000142e+00        1.535655200000000109e+00        1.081600000000000053e-03
3.919999999999999929e+00        1.535452400000000051e+00        1.082199999999999959e-03
3.930000000000000160e+00        1.535249599999999992e+00        1.082800000000000082e-03
3.939999999999999947e+00        1.535046799999999934e+00        1.083399999999999988e-03
3.950000000000000178e+00        1.534844000000000097e+00        1.084000000000000111e-03
3.959999999999999964e+00        1.534641200000000039e+00        1.084600000000000017e-03
3.970000000000000195e+00        1.534438399999999980e+00        1.085200000000000140e-03
3.979999999999999982e+00        1.534235599999999922e+00        1.085800000000000046e-03
3.990000000000000213e+00        1.534032800000000085e+00        1.086400000000000169e-03
4.000000000000000000e+00        1.533830000000000027e+00        1.087000000000000076e-03
4.009999999999999787e+00        1.533538400000000079e+00        1.090379999999999952e-03
4.019999999999999574e+00        1.533246800000000132e+00        1.093759999999999828e-03
4.030000000000000249e+00        1.532955199999999962e+00        1.097140000000000138e-03
4.040000000000000036e+00        1.532663600000000015e+00        1.100520000000000014e-03
4.049999999999999822e+00        1.532372000000000067e+00        1.103900000000000107e-03
4.059999999999999609e+00        1.532080400000000120e+00        1.107279999999999983e-03
4.070000000000000284e+00        1.531788799999999950e+00        1.110660000000000076e-03
4.080000000000000071e+00        1.531497200000000003e+00        1.114040000000000169e-03
4.089999999999999858e+00        1.531205600000000056e+00        1.117420000000000045e-03
4.099999999999999645e+00        1.530914000000000108e+00        1.120799999999999921e-03
4.110000000000000320e+00        1.530622399999999939e+00        1.124180000000000231e-03
4.120000000000000107e+00        1.530330799999999991e+00        1.127560000000000107e-03
4.129999999999999893e+00        1.530039200000000044e+00        1.130939999999999983e-03
4.139999999999999680e+00        1.529747600000000096e+00        1.134319999999999860e-03
4.150000000000000355e+00        1.529455999999999927e+00        1.137700000000000169e-03
4.160000000000000142e+00        1.529164399999999979e+00        1.141080000000000046e-03
4.169999999999999929e+00        1.528872800000000032e+00        1.144459999999999922e-03
4.179999999999999716e+00        1.528581200000000084e+00        1.147840000000000015e-03
4.190000000000000391e+00        1.528289599999999915e+00        1.151220000000000108e-03
4.200000000000000178e+00        1.527997999999999967e+00        1.154599999999999984e-03
4.209999999999999964e+00        1.527706400000000020e+00        1.157980000000000077e-03
4.219999999999999751e+00        1.527414800000000072e+00        1.161359999999999953e-03
4.230000000000000426e+00        1.527123199999999903e+00        1.164740000000000263e-03
4.240000000000000213e+00        1.526831599999999955e+00        1.168120000000000139e-03
4.250000000000000000e+00        1.526540000000000008e+00        1.171500000000000015e-03
4.259999999999999787e+00        1.526248400000000061e+00        1.174879999999999891e-03
4.269999999999999574e+00        1.525956800000000113e+00        1.178259999999999768e-03
4.280000000000000249e+00        1.525665199999999944e+00        1.181640000000000077e-03
4.290000000000000036e+00        1.525373599999999996e+00        1.185019999999999954e-03
4.299999999999999822e+00        1.525082000000000049e+00        1.188400000000000047e-03
4.309999999999999609e+00        1.524790400000000101e+00        1.191779999999999923e-03
4.320000000000000284e+00        1.524498799999999932e+00        1.195160000000000016e-03
4.330000000000000071e+00        1.524207199999999984e+00        1.198540000000000109e-03
4.339999999999999858e+00        1.523915600000000037e+00        1.201919999999999985e-03
4.349999999999999645e+00        1.523624000000000089e+00        1.205299999999999861e-03
4.360000000000000320e+00        1.523332399999999920e+00        1.208680000000000171e-03
4.370009999999999728e+00        1.523040508400000048e+00        1.212063379999999985e-03
4.380010000000000403e+00        1.522748908399999879e+00        1.215443380000000078e-03
4.390010000000000190e+00        1.522457308399999931e+00        1.218823379999999955e-03
4.400009999999999977e+00        1.522165708399999984e+00        1.222203380000000048e-03
4.410009999999999764e+00        1.521874108400000036e+00        1.225583379999999924e-03
4.420010000000000439e+00        1.521582508400000089e+00        1.228963380000000234e-03
4.430010000000000225e+00        1.521290908399999919e+00        1.232343380000000110e-03
4.440010000000000012e+00        1.520999308399999972e+00        1.235723379999999986e-03
4.450009999999999799e+00        1.520707708400000024e+00        1.239103379999999862e-03
4.460009999999999586e+00        1.520416108400000077e+00        1.242483379999999738e-03
4.470010000000000261e+00        1.520124508399999907e+00        1.245863380000000048e-03
4.480010000000000048e+00        1.519832908399999960e+00        1.249243379999999924e-03
4.490009999999999835e+00        1.519541308400000013e+00        1.252623379999999800e-03
4.500009999999999621e+00        1.519249609000000056e+00        1.256031079999998714e-03
4.510010000000000296e+00        1.518858609000000026e+00        1.287111080000000836e-03
4.520010000000000083e+00        1.518467608999999996e+00        1.318191080000000138e-03
4.530009999999999870e+00        1.518076608999999966e+00        1.349271079999999658e-03
4.540009999999999657e+00        1.517685608999999936e+00        1.380351079999998960e-03
4.550010000000000332e+00        1.517294608999999905e+00        1.411431080000001082e-03
4.560010000000000119e+00        1.516903609000000097e+00        1.442511080000000384e-03
4.570009999999999906e+00        1.516512609000000067e+00        1.473591079999999687e-03
4.580009999999999692e+00        1.516121609000000037e+00        1.504671079999998990e-03
4.590010000000000367e+00        1.515730609000000007e+00        1.535751080000001111e-03
4.600010000000000154e+00        1.515339608999999976e+00        1.566831080000000414e-03
4.610009999999999941e+00        1.514948608999999946e+00        1.597911079999999717e-03
4.620009999999999728e+00        1.514557608999999916e+00        1.628991079999999019e-03
4.630010000000000403e+00        1.514166608999999886e+00        1.660071080000001141e-03
4.640010000000000190e+00        1.513775609000000077e+00        1.691151080000000660e-03
4.650009999999999977e+00        1.513384609000000047e+00        1.722231079999999963e-03
4.660009999999999764e+00        1.512993609000000017e+00        1.753311079999999265e-03
4.670010000000000439e+00        1.512602608999999987e+00        1.784391080000001170e-03
4.680010000000000225e+00        1.512211608999999957e+00        1.815471080000000690e-03
4.690010000000000012e+00        1.511820608999999926e+00        1.846551079999999992e-03
4.700009999999999799e+00        1.511429609000000118e+00        1.877631079999999295e-03
4.710009999999999586e+00        1.511038609000000088e+00        1.908711079999998814e-03
4.720010000000000261e+00        1.510647609000000058e+00        1.939791080000000719e-03
4.730010000000000048e+00        1.510256609000000028e+00        1.970871080000000022e-03
4.740009999999999835e+00        1.509865608999999997e+00        2.001951079999999324e-03
4.750009999999999621e+00        1.509474608999999967e+00        2.033031079999999061e-03
4.760010000000000296e+00        1.509083608999999937e+00        2.064111080000000965e-03
4.770010000000000083e+00        1.508692608999999907e+00        2.095191080000000268e-03
4.780009999999999870e+00        1.508301609000000099e+00        2.126271079999999571e-03
4.790009999999999657e+00        1.507910609000000068e+00        2.157351079999998873e-03
4.800010000000000332e+00        1.507519609000000038e+00        2.188431080000000778e-03
4.810019999999999740e+00        1.507128218000000075e+00        2.219542159999999056e-03
4.820020000000000415e+00        1.506737218000000045e+00        2.250622160000000961e-03
4.830020000000000202e+00        1.506346218000000015e+00        2.281702160000000697e-03
4.840019999999999989e+00        1.505955217999999984e+00        2.312782160000000000e-03
4.850019999999999776e+00        1.505564217999999954e+00        2.343862159999999303e-03
4.860019999999999563e+00        1.505173218000000146e+00        2.374942159999998605e-03
4.870020000000000238e+00        1.504782218000000116e+00        2.406022160000000944e-03
4.880020000000000024e+00        1.504391218000000086e+00        2.437102160000000246e-03
4.890019999999999811e+00        1.504000218000000055e+00        2.468182159999999549e-03
4.900019999999999598e+00        1.503609218000000025e+00        2.499262159999998852e-03
4.910020000000000273e+00        1.503218217999999995e+00        2.530342160000000756e-03
4.920020000000000060e+00        1.502827217999999965e+00        2.561422160000000059e-03
4.930019999999999847e+00        1.502436217999999934e+00        2.592502159999999362e-03
4.940019999999999634e+00        1.502045218000000126e+00        2.623582159999998664e-03
4.950020000000000309e+00        1.501654218000000096e+00        2.654662160000001003e-03
4.960020000000000095e+00        1.501263218000000066e+00        2.685742160000000305e-03
4.970019999999999882e+00        1.500872218000000036e+00        2.716822159999999608e-03
4.980019999999999669e+00        1.500481218000000005e+00        2.747902159999998910e-03
4.990020000000000344e+00        1.500090217999999975e+00        2.778982160000001249e-03
