     0.20000    1.691660    0.0001
     0.22000    1.659980    0.0001
     0.24000    1.641870    0.0001
     0.26000    1.626080    0.0001
     0.28000    1.614980    0.0001
     0.30000    1.606160    0.0001
     0.32000    1.597520    0.000120
     0.34000    1.592440    0.000056
     0.36000    1.591220    0.000032
     0.38000    1.590040    0.000023
     0.40000    1.587470    0.000020
     0.42000    1.586250    0.000020
     0.45000    1.583310    0.000020
     0.50000    1.577110    0.000021
     0.55000    1.576120    0.000022
     0.60000    1.573010    0.000024
     0.65000    1.569460    0.000026
     0.70000    1.566110    0.000027
     0.75000    1.566630    0.000029
     0.80000    1.564450    0.000031
     0.90000    1.561760    0.000034
     1.00000    1.559450    0.000037
     1.10000    1.554720    0.000039
     1.20000    1.550700    0.000041
     1.30000    1.545800    0.000043
     1.40000    1.549020    0.000045
     1.50000    1.540370    0.000046
     1.60000    1.540050    0.000048
     1.70000    1.538530    0.000049
     1.80000    1.536620    0.000051
     1.90000    1.530530    0.000053
     2.00000    1.527990    0.000055
     2.20000    1.533060    0.000058
     2.40000    1.524470    0.000059
     2.60000    1.523660    0.000062
     2.80000    1.522770    0.000065
     3.00000    1.518440    0.000069
     3.50000    1.512460    0.000077
     4.00000    1.508120    0.000098
     4.50000    1.498900    0.000254
     5.00000    1.483130    0.001717
     5.50000    1.459750    0.002991