# wav(mic), n, k
2.999999999999999889e-01        1.714320000000000066e+00        1.469060000000000088e-01
3.099999999999999978e-01        1.716530000000000111e+00        1.390540000000000109e-01
3.200000000000000067e-01        1.718739999999999934e+00        1.312020000000000131e-01
3.300000000000000155e-01        1.718579999999999997e+00        1.226170000000000038e-01
3.400000000000000244e-01        1.718420000000000059e+00        1.140319999999999945e-01
3.499999999999999778e-01        1.716385000000000050e+00        1.064210000000000156e-01
3.599999999999999867e-01        1.714350000000000041e+00        9.880999999999999506e-02
3.699999999999999956e-01        1.711825000000000152e+00        9.045500000000000762e-02
3.800000000000000044e-01        1.709300000000000042e+00        8.210000000000000631e-02
3.900000000000000133e-01        1.706150000000000055e+00        7.595000000000000362e-02
4.000000000000000222e-01        1.703000000000000069e+00        6.980000000000000093e-02
4.099999999999999756e-01        1.700540000000000163e+00        6.520000000000000795e-02
4.199999999999999845e-01        1.698080000000000034e+00        6.060000000000000109e-02
4.299999999999999933e-01        1.695436666666666703e+00        5.596666666666666456e-02
4.400000000000000022e-01        1.692793333333333372e+00        5.133333333333333498e-02
4.500000000000000111e-01        1.690150000000000041e+00        4.669999999999999846e-02
4.600000000000000200e-01        1.687759999999999927e+00        4.317999999999999616e-02
4.699999999999999734e-01        1.685370000000000035e+00        3.966000000000001469e-02
4.799999999999999822e-01        1.682979999999999920e+00        3.614000000000000545e-02
4.899999999999999911e-01        1.680590000000000028e+00        3.262000000000000316e-02
5.000000000000000000e-01        1.678199999999999914e+00        2.910000000000000087e-02
5.100000000000000089e-01        1.677511999999999892e+00        2.750000000000000014e-02
5.200000000000000178e-01        1.676823999999999870e+00        2.589999999999999941e-02
5.300000000000000266e-01        1.676136000000000070e+00        2.430000000000000215e-02
5.400000000000000355e-01        1.675448000000000048e+00        2.270000000000000143e-02
5.500000000000000444e-01        1.674760000000000026e+00        2.110000000000000070e-02
5.600000000000000533e-01        1.673474000000000128e+00        2.003999999999999879e-02
5.699999999999999512e-01        1.672188000000000008e+00        1.898000000000000728e-02
5.799999999999999600e-01        1.670902000000000109e+00        1.792000000000000537e-02
5.899999999999999689e-01        1.669615999999999989e+00        1.686000000000000346e-02
5.999999999999999778e-01        1.668330000000000091e+00        1.580000000000000154e-02
6.099999999999999867e-01        1.667266000000000137e+00        1.506000000000000047e-02
6.199999999999999956e-01        1.666202000000000183e+00        1.432000000000000113e-02
6.300000000000000044e-01        1.665138000000000007e+00        1.358000000000000006e-02
6.400000000000000133e-01        1.664074000000000053e+00        1.284000000000000072e-02
6.500000000000000222e-01        1.663010000000000099e+00        1.209999999999999964e-02
6.600000000000000311e-01        1.662414000000000058e+00        1.170599999999999939e-02
6.700000000000000400e-01        1.661818000000000017e+00        1.131199999999999740e-02
6.800000000000000488e-01        1.661221999999999976e+00        1.091799999999999715e-02
6.899999999999999467e-01        1.660625999999999935e+00        1.052400000000000037e-02
6.999999999999999556e-01        1.660029999999999895e+00        1.013000000000000012e-02
7.099999999999999645e-01        1.659599999999999964e+00        9.861999999999999239e-03
7.199999999999999734e-01        1.659170000000000034e+00        9.594000000000000097e-03
7.299999999999999822e-01        1.658739999999999881e+00        9.325999999999999221e-03
7.399999999999999911e-01        1.658309999999999951e+00        9.058000000000000079e-03
7.500000000000000000e-01        1.657880000000000020e+00        8.789999999999999203e-03
7.600000000000000089e-01        1.657402000000000042e+00        8.619999999999999191e-03
7.700000000000000178e-01        1.656924000000000063e+00        8.449999999999999178e-03
7.800000000000000266e-01        1.656445999999999863e+00        8.279999999999999166e-03
7.900000000000000355e-01        1.655967999999999885e+00        8.109999999999999154e-03
8.000000000000000444e-01        1.655489999999999906e+00        7.939999999999999142e-03
8.100000000000000533e-01        1.655521999999999938e+00        7.854999999999999136e-03
8.199999999999999512e-01        1.655553999999999970e+00        7.769999999999999997e-03
8.299999999999999600e-01        1.655586000000000002e+00        7.684999999999999991e-03
8.399999999999999689e-01        1.655618000000000034e+00        7.599999999999999985e-03
8.499999999999999778e-01        1.655649999999999844e+00        7.514999999999999979e-03
8.599999999999999867e-01        1.655681999999999876e+00        7.429999999999999973e-03
8.699999999999999956e-01        1.655713999999999908e+00        7.344999999999999966e-03
8.800000000000000044e-01        1.655745999999999940e+00        7.259999999999999960e-03
8.900000000000000133e-01        1.655777999999999972e+00        7.174999999999999954e-03
9.000000000000000222e-01        1.655810000000000004e+00        7.089999999999999948e-03
9.100000000000000311e-01        1.654695999999999945e+00        7.030999999999999923e-03
9.200000000000000400e-01        1.653582000000000107e+00        6.971999999999999899e-03
9.300000000000000488e-01        1.652468000000000048e+00        6.912999999999999874e-03
9.399999999999999467e-01        1.651353999999999989e+00        6.853999999999999850e-03
9.499999999999999556e-01        1.650240000000000151e+00        6.794999999999999825e-03
9.599999999999999645e-01        1.649126000000000092e+00        6.735999999999999800e-03
9.699999999999999734e-01        1.648012000000000032e+00        6.676999999999999776e-03
9.799999999999999822e-01        1.646897999999999973e+00        6.617999999999999751e-03
9.899999999999999911e-01        1.645784000000000136e+00        6.558999999999999726e-03
1.000000000000000000e+00        1.644670000000000076e+00        6.499999999999999702e-03
1.010000000000000009e+00        1.644351000000000118e+00        6.416999999999999961e-03
1.020000000000000018e+00        1.644032000000000160e+00        6.333999999999999353e-03
1.030000000000000027e+00        1.643712999999999980e+00        6.250999999999999612e-03
1.040000000000000036e+00        1.643394000000000021e+00        6.167999999999999872e-03
1.050000000000000044e+00        1.643075000000000063e+00        6.085000000000000131e-03
1.060000000000000053e+00        1.642756000000000105e+00        6.001999999999999523e-03
1.070000000000000062e+00        1.642437000000000147e+00        5.918999999999999782e-03
1.080000000000000071e+00        1.642117999999999967e+00        5.835999999999999174e-03
1.090000000000000080e+00        1.641799000000000008e+00        5.752999999999999434e-03
1.100000000000000089e+00        1.641480000000000050e+00        5.669999999999999693e-03
1.110000000000000098e+00        1.641366000000000103e+00        5.547999999999999113e-03
1.120000000000000107e+00        1.641251999999999933e+00        5.425999999999999400e-03
1.129999999999999893e+00        1.641137999999999986e+00        5.304000000000001422e-03
1.139999999999999902e+00        1.641024000000000038e+00        5.182000000000001709e-03
1.149999999999999911e+00        1.640910000000000091e+00        5.060000000000001129e-03
1.159999999999999920e+00        1.640795999999999921e+00        4.938000000000001416e-03
1.169999999999999929e+00        1.640681999999999974e+00        4.816000000000000836e-03
1.179999999999999938e+00        1.640568000000000026e+00        4.694000000000000256e-03
1.189999999999999947e+00        1.640453999999999857e+00        4.572000000000000543e-03
1.199999999999999956e+00        1.640339999999999909e+00        4.449999999999999963e-03
1.209999999999999964e+00        1.639756999999999909e+00        4.368000000000000355e-03
1.219999999999999973e+00        1.639173999999999909e+00        4.285999999999999879e-03
1.229999999999999982e+00        1.638590999999999909e+00        4.204000000000000271e-03
1.239999999999999991e+00        1.638007999999999909e+00        4.121999999999999796e-03
1.250000000000000000e+00        1.637424999999999908e+00        4.040000000000000188e-03
1.260000000000000009e+00        1.636841999999999908e+00        3.957999999999999713e-03
1.270000000000000018e+00        1.636258999999999908e+00        3.876000000000000105e-03
1.280000000000000027e+00        1.635675999999999908e+00        3.794000000000000063e-03
1.290000000000000036e+00        1.635092999999999908e+00        3.712000000000000022e-03
1.300000000000000044e+00        1.634509999999999907e+00        3.629999999999999980e-03
1.310000000000000053e+00        1.634836999999999874e+00        3.571999999999999655e-03
1.320000000000000062e+00        1.635163999999999840e+00        3.513999999999999763e-03
1.330000000000000071e+00        1.635491000000000028e+00        3.455999999999999871e-03
1.340000000000000080e+00        1.635817999999999994e+00        3.397999999999999545e-03
1.350000000000000089e+00        1.636144999999999960e+00        3.339999999999999220e-03
1.360000000000000098e+00        1.636471999999999927e+00        3.281999999999999328e-03
1.370000000000000107e+00        1.636798999999999893e+00        3.223999999999999436e-03
1.379999999999999893e+00        1.637126000000000081e+00        3.166000000000000411e-03
1.389999999999999902e+00        1.637453000000000047e+00        3.108000000000000519e-03
1.399999999999999911e+00        1.637780000000000014e+00        3.050000000000000194e-03
1.409999999999999920e+00        1.636881999999999948e+00        3.018700000000000029e-03
1.419999999999999929e+00        1.635984000000000105e+00        2.987400000000000298e-03
1.429999999999999938e+00        1.635086000000000039e+00        2.956100000000000134e-03
1.439999999999999947e+00        1.634187999999999974e+00        2.924799999999999969e-03
1.449999999999999956e+00        1.633290000000000131e+00        2.893500000000000238e-03
1.459999999999999964e+00        1.632392000000000065e+00        2.862200000000000074e-03
1.469999999999999973e+00        1.631494000000000000e+00        2.830899999999999909e-03
1.479999999999999982e+00        1.630595999999999934e+00        2.799599999999999745e-03
1.489999999999999991e+00        1.629698000000000091e+00        2.768300000000000014e-03
1.500000000000000000e+00        1.628800000000000026e+00        2.736999999999999850e-03
1.510000000000000009e+00        1.629058000000000117e+00        2.727299999999999777e-03
1.520000000000000018e+00        1.629315999999999987e+00        2.717599999999999703e-03
1.530000000000000027e+00        1.629574000000000078e+00        2.707900000000000064e-03
1.540000000000000036e+00        1.629831999999999947e+00        2.698199999999999991e-03
1.550000000000000044e+00        1.630090000000000039e+00        2.688499999999999918e-03
1.560000000000000053e+00        1.630348000000000130e+00        2.678799999999999844e-03
1.570000000000000062e+00        1.630606000000000000e+00        2.669099999999999771e-03
1.580000000000000071e+00        1.630864000000000091e+00        2.659400000000000132e-03
1.590000000000000080e+00        1.631121999999999961e+00        2.649700000000000059e-03
1.600000000000000089e+00        1.631380000000000052e+00        2.639999999999999986e-03
1.610000000000000098e+00        1.631035000000000013e+00        2.642300000000000204e-03
1.620000000000000107e+00        1.630689999999999973e+00        2.644599999999999989e-03
1.629999999999999893e+00        1.630345000000000155e+00        2.646899999999999774e-03
1.639999999999999902e+00        1.630000000000000115e+00        2.649199999999999992e-03
1.649999999999999911e+00        1.629655000000000076e+00        2.651499999999999777e-03
1.659999999999999920e+00        1.629310000000000036e+00        2.653799999999999996e-03
1.669999999999999929e+00        1.628964999999999996e+00        2.656099999999999781e-03
1.679999999999999938e+00        1.628620000000000179e+00        2.658399999999999999e-03
1.689999999999999947e+00        1.628275000000000139e+00        2.660699999999999784e-03
1.699999999999999956e+00        1.627930000000000099e+00        2.663000000000000003e-03
1.709999999999999964e+00        1.627329000000000025e+00        2.665999999999999967e-03
1.719999999999999973e+00        1.626728000000000174e+00        2.668999999999999932e-03
1.729999999999999982e+00        1.626127000000000100e+00        2.671999999999999896e-03
1.739999999999999991e+00        1.625526000000000026e+00        2.674999999999999861e-03
1.750000000000000000e+00        1.624925000000000175e+00        2.677999999999999825e-03
1.760000000000000009e+00        1.624324000000000101e+00        2.681000000000000223e-03
1.770000000000000018e+00        1.623723000000000027e+00        2.684000000000000188e-03
1.780000000000000027e+00        1.623121999999999954e+00        2.687000000000000152e-03
1.790000000000000036e+00        1.622521000000000102e+00        2.690000000000000117e-03
1.800000000000000044e+00        1.621920000000000028e+00        2.693000000000000081e-03
1.810000000000000053e+00        1.621911000000000103e+00        2.695400000000000140e-03
1.820000000000000062e+00        1.621901999999999955e+00        2.697800000000000198e-03
1.830000000000000071e+00        1.621893000000000029e+00        2.700199999999999823e-03
1.840000000000000080e+00        1.621884000000000103e+00        2.702599999999999881e-03
1.850000000000000089e+00        1.621874999999999956e+00        2.704999999999999939e-03
1.860000000000000098e+00        1.621866000000000030e+00        2.707399999999999998e-03
1.870000000000000107e+00        1.621857000000000104e+00        2.709800000000000056e-03
1.879999999999999893e+00        1.621848000000000178e+00        2.712199999999999681e-03
1.889999999999999902e+00        1.621839000000000031e+00        2.714599999999999739e-03
1.899999999999999911e+00        1.621830000000000105e+00        2.716999999999999797e-03
1.909999999999999920e+00        1.621620000000000061e+00        2.697399999999999971e-03
1.919999999999999929e+00        1.621410000000000018e+00        2.677799999999999712e-03
1.929999999999999938e+00        1.621199999999999974e+00        2.658199999999999886e-03
1.939999999999999947e+00        1.620989999999999931e+00        2.638599999999999626e-03
1.949999999999999956e+00        1.620779999999999887e+00        2.618999999999999800e-03
1.959999999999999964e+00        1.620570000000000066e+00        2.599399999999999974e-03
1.969999999999999973e+00        1.620360000000000023e+00        2.579799999999999715e-03
1.979999999999999982e+00        1.620149999999999979e+00        2.560199999999999889e-03
1.989999999999999991e+00        1.619939999999999936e+00        2.540599999999999629e-03
2.000000000000000000e+00        1.619729999999999892e+00        2.520999999999999804e-03
2.009999999999999787e+00        1.619733999999999785e+00        2.508150000000000223e-03
2.020000000000000018e+00        1.619737999999999900e+00        2.495299999999999775e-03
2.029999999999999805e+00        1.619741999999999793e+00        2.482450000000000195e-03
2.040000000000000036e+00        1.619745999999999908e+00        2.469599999999999747e-03
2.049999999999999822e+00        1.619749999999999801e+00        2.456750000000000166e-03
2.060000000000000053e+00        1.619753999999999916e+00        2.443899999999999718e-03
2.069999999999999840e+00        1.619757999999999809e+00        2.431050000000000138e-03
2.080000000000000071e+00        1.619761999999999924e+00        2.418199999999999690e-03
2.089999999999999858e+00        1.619765999999999817e+00        2.405350000000000110e-03
2.100000000000000089e+00        1.619769999999999932e+00        2.392499999999999662e-03
2.109999999999999876e+00        1.619773999999999825e+00        2.379650000000000081e-03
2.120000000000000107e+00        1.619777999999999940e+00        2.366800000000000067e-03
2.129999999999999893e+00        1.619781999999999833e+00        2.353950000000000053e-03
2.140000000000000124e+00        1.619785999999999948e+00        2.341100000000000039e-03
2.149999999999999911e+00        1.619789999999999841e+00        2.328250000000000024e-03
2.160000000000000142e+00        1.619793999999999956e+00        2.315400000000000010e-03
2.169999999999999929e+00        1.619797999999999849e+00        2.302550000000000430e-03
2.180000000000000160e+00        1.619801999999999964e+00        2.289699999999999982e-03
2.189999999999999947e+00        1.619805999999999857e+00        2.276850000000000401e-03
2.200000000000000178e+00        1.619809999999999972e+00        2.263999999999999953e-03
2.209999999999999964e+00        1.619736499999999912e+00        2.253250000000000045e-03
2.220000000000000195e+00        1.619662999999999853e+00        2.242499999999999702e-03
2.229999999999999982e+00        1.619589500000000015e+00        2.231750000000000227e-03
2.240000000000000213e+00        1.619515999999999956e+00        2.220999999999999884e-03
2.250000000000000000e+00        1.619442499999999896e+00        2.210249999999999975e-03
2.259999999999999787e+00        1.619369000000000058e+00        2.199500000000000500e-03
2.270000000000000018e+00        1.619295499999999999e+00        2.188750000000000157e-03
2.279999999999999805e+00        1.619221999999999939e+00        2.178000000000000248e-03
2.290000000000000036e+00        1.619148499999999880e+00        2.167249999999999906e-03
2.299999999999999822e+00        1.619075000000000042e+00        2.156500000000000430e-03
2.310000000000000053e+00        1.619001499999999982e+00        2.145750000000000088e-03
2.319999999999999840e+00        1.618927999999999923e+00        2.135000000000000179e-03
2.330000000000000071e+00        1.618854499999999863e+00        2.124249999999999836e-03
2.339999999999999858e+00        1.618781000000000025e+00        2.113499999999999927e-03
2.350000000000000089e+00        1.618707499999999966e+00        2.102750000000000018e-03
2.359999999999999876e+00        1.618633999999999906e+00        2.092000000000000109e-03
2.370000000000000107e+00        1.618560499999999847e+00        2.081249999999999767e-03
2.379999999999999893e+00        1.618487000000000009e+00        2.070500000000000292e-03
2.390000000000000124e+00        1.618413499999999949e+00        2.059749999999999949e-03
2.399999999999999911e+00        1.618339999999999890e+00        2.049000000000000040e-03
2.410000000000000142e+00        1.618317999999999923e+00        2.043899999999999970e-03
2.419999999999999929e+00        1.618295999999999957e+00        2.038799999999999901e-03
2.430000000000000160e+00        1.618273999999999990e+00        2.033699999999999831e-03
2.439999999999999947e+00        1.618251999999999802e+00        2.028600000000000195e-03
2.450000000000000178e+00        1.618229999999999835e+00        2.023499999999999691e-03
2.459999999999999964e+00        1.618207999999999869e+00        2.018400000000000055e-03
2.470000000000000195e+00        1.618185999999999902e+00        2.013299999999999985e-03
2.479999999999999982e+00        1.618163999999999936e+00        2.008199999999999916e-03
2.490000000000000213e+00        1.618141999999999969e+00        2.003099999999999846e-03
2.500000000000000000e+00        1.618120000000000003e+00        1.997999999999999776e-03
2.509999999999999787e+00        1.618097999999999814e+00        1.992900000000000140e-03
2.520000000000000018e+00        1.618075999999999848e+00        1.987800000000000070e-03
2.529999999999999805e+00        1.618053999999999881e+00        1.982700000000000001e-03
2.540000000000000036e+00        1.618031999999999915e+00        1.977599999999999931e-03
2.549999999999999822e+00        1.618009999999999948e+00        1.972500000000000295e-03
2.560000000000000053e+00        1.617987999999999982e+00        1.967399999999999791e-03
2.569999999999999840e+00        1.617965999999999793e+00        1.962300000000000155e-03
2.580000000000000071e+00        1.617943999999999827e+00        1.957200000000000085e-03
2.589999999999999858e+00        1.617921999999999860e+00        1.952100000000000016e-03
2.600000000000000089e+00        1.617899999999999894e+00        1.946999999999999946e-03
2.609999999999999876e+00        1.617676499999999962e+00        1.947549999999999932e-03
2.620000000000000107e+00        1.617452999999999808e+00        1.948099999999999919e-03
2.629999999999999893e+00        1.617229499999999875e+00        1.948649999999999905e-03
2.640000000000000124e+00        1.617005999999999943e+00        1.949199999999999891e-03
2.649999999999999911e+00        1.616782500000000011e+00        1.949749999999999877e-03
2.660000000000000142e+00        1.616558999999999857e+00        1.950300000000000080e-03
2.669999999999999929e+00        1.616335499999999925e+00        1.950850000000000067e-03
2.680000000000000160e+00        1.616111999999999993e+00        1.951400000000000053e-03
2.689999999999999947e+00        1.615888499999999839e+00        1.951950000000000039e-03
2.700000000000000178e+00        1.615664999999999907e+00        1.952500000000000025e-03
2.709999999999999964e+00        1.615441499999999975e+00        1.953050000000000012e-03
2.720000000000000195e+00        1.615217999999999821e+00        1.953600000000000215e-03
2.729999999999999982e+00        1.614994499999999888e+00        1.954149999999999984e-03
2.740000000000000213e+00        1.614770999999999956e+00        1.954700000000000187e-03
2.750000000000000000e+00        1.614547499999999802e+00        1.955249999999999957e-03
2.759999999999999787e+00        1.614323999999999870e+00        1.955800000000000160e-03
2.770000000000000018e+00        1.614100499999999938e+00        1.956349999999999929e-03
2.779999999999999805e+00        1.613877000000000006e+00        1.956900000000000132e-03
2.790000000000000036e+00        1.613653499999999852e+00        1.957449999999999902e-03
2.799999999999999822e+00        1.613429999999999920e+00        1.958000000000000105e-03
2.810000000000000053e+00        1.613113499999999867e+00        1.956900000000000132e-03
2.819999999999999840e+00        1.612797000000000036e+00        1.955800000000000160e-03
2.830000000000000071e+00        1.612480499999999983e+00        1.954700000000000187e-03
2.839999999999999858e+00        1.612163999999999930e+00        1.953600000000000215e-03
2.850000000000000089e+00        1.611847499999999878e+00        1.952500000000000025e-03
2.859999999999999876e+00        1.611530999999999825e+00        1.951400000000000053e-03
2.870000000000000107e+00        1.611214499999999994e+00        1.950300000000000080e-03
2.879999999999999893e+00        1.610897999999999941e+00        1.949200000000000108e-03
2.890000000000000124e+00        1.610581499999999888e+00        1.948100000000000135e-03
2.899999999999999911e+00        1.610265000000000057e+00        1.946999999999999946e-03
2.910000000000000142e+00        1.609948500000000005e+00        1.945899999999999973e-03
2.919999999999999929e+00        1.609631999999999952e+00        1.944800000000000001e-03
2.930000000000000160e+00        1.609315499999999899e+00        1.943700000000000028e-03
2.939999999999999947e+00        1.608998999999999846e+00        1.942600000000000056e-03
2.950000000000000178e+00        1.608682500000000015e+00        1.941500000000000083e-03
2.959999999999999964e+00        1.608365999999999962e+00        1.940400000000000111e-03
2.970000000000000195e+00        1.608049499999999910e+00        1.939299999999999921e-03
2.979999999999999982e+00        1.607733000000000079e+00        1.938199999999999949e-03
2.990000000000000213e+00        1.607416500000000026e+00        1.937099999999999976e-03
3.000000000000000000e+00        1.607099999999999973e+00        1.936000000000000004e-03
3.009999999999999787e+00        1.606986400000000037e+00        1.935939999999999927e-03
3.020000000000000018e+00        1.606872799999999879e+00        1.935880000000000066e-03
3.029999999999999805e+00        1.606759199999999943e+00        1.935819999999999989e-03
3.040000000000000036e+00        1.606645600000000007e+00        1.935759999999999911e-03
3.049999999999999822e+00        1.606532000000000071e+00        1.935700000000000051e-03
3.060000000000000053e+00        1.606418399999999913e+00        1.935639999999999973e-03
3.069999999999999840e+00        1.606304799999999977e+00        1.935580000000000113e-03
3.080000000000000071e+00        1.606191200000000041e+00        1.935520000000000036e-03
3.089999999999999858e+00        1.606077599999999883e+00        1.935459999999999958e-03
3.100000000000000089e+00        1.605963999999999947e+00        1.935400000000000098e-03
3.109999999999999876e+00        1.605850400000000011e+00        1.935340000000000020e-03
3.120000000000000107e+00        1.605736800000000075e+00        1.935279999999999943e-03
3.129999999999999893e+00        1.605623199999999917e+00        1.935220000000000082e-03
3.140000000000000124e+00        1.605509599999999981e+00        1.935160000000000005e-03
3.149999999999999911e+00        1.605396000000000045e+00        1.935099999999999928e-03
3.160000000000000142e+00        1.605282400000000109e+00        1.935040000000000067e-03
3.169999999999999929e+00        1.605168799999999951e+00        1.934979999999999990e-03
3.180000000000000160e+00        1.605055200000000015e+00        1.934919999999999913e-03
3.189999999999999947e+00        1.604941600000000079e+00        1.934860000000000052e-03
3.200000000000000178e+00        1.604827999999999921e+00        1.934799999999999975e-03
3.209999999999999964e+00        1.604714399999999985e+00        1.934740000000000114e-03
3.220000000000000195e+00        1.604600800000000049e+00        1.934680000000000037e-03
3.229999999999999982e+00        1.604487200000000113e+00        1.934619999999999959e-03
3.240000000000000213e+00        1.604373599999999955e+00        1.934560000000000099e-03
3.250000000000000000e+00        1.604260000000000019e+00        1.934500000000000022e-03
3.259999999999999787e+00        1.604146400000000083e+00        1.934439999999999944e-03
3.270000000000000018e+00        1.604032799999999925e+00        1.934380000000000084e-03
3.279999999999999805e+00        1.603919199999999989e+00        1.934320000000000006e-03
3.290000000000000036e+00        1.603805600000000053e+00        1.934259999999999929e-03
3.299999999999999822e+00        1.603692000000000117e+00        1.934200000000000069e-03
3.310000000000000053e+00        1.603578399999999959e+00        1.934139999999999991e-03
3.319999999999999840e+00        1.603464800000000023e+00        1.934080000000000131e-03
3.330000000000000071e+00        1.603351200000000087e+00        1.934020000000000053e-03
3.339999999999999858e+00        1.603237599999999929e+00        1.933959999999999976e-03
3.350000000000000089e+00        1.603123999999999993e+00        1.933900000000000115e-03
3.359999999999999876e+00        1.603010400000000057e+00        1.933840000000000038e-03
3.370000000000000107e+00        1.602896800000000121e+00        1.933779999999999961e-03
3.379999999999999893e+00        1.602783199999999963e+00        1.933720000000000100e-03
3.390000000000000124e+00        1.602669600000000028e+00        1.933660000000000023e-03
3.399999999999999911e+00        1.602556000000000092e+00        1.933599999999999946e-03
3.410000000000000142e+00        1.602442400000000156e+00        1.933540000000000085e-03
3.419999999999999929e+00        1.602328799999999998e+00        1.933480000000000008e-03
3.430000000000000160e+00        1.602215200000000062e+00        1.933419999999999930e-03
3.439999999999999947e+00        1.602101600000000126e+00        1.933360000000000070e-03
3.450000000000000178e+00        1.601987999999999968e+00        1.933299999999999992e-03
3.459999999999999964e+00        1.601874400000000032e+00        1.933240000000000132e-03
3.470000000000000195e+00        1.601760800000000096e+00        1.933180000000000055e-03
3.479999999999999982e+00        1.601647200000000160e+00        1.933119999999999977e-03
3.490000000000000213e+00        1.601533600000000002e+00        1.933060000000000117e-03
3.500000000000000000e+00        1.601420000000000066e+00        1.933000000000000039e-03
3.509999999999999787e+00        1.601246799999999970e+00        1.933379999999999951e-03
3.520000000000000018e+00        1.601073600000000097e+00        1.933760000000000080e-03
3.529999999999999805e+00        1.600900400000000001e+00        1.934139999999999991e-03
3.540000000000000036e+00        1.600727200000000128e+00        1.934520000000000120e-03
3.549999999999999822e+00        1.600554000000000032e+00        1.934900000000000031e-03
3.560000000000000053e+00        1.600380800000000159e+00        1.935279999999999943e-03
3.569999999999999840e+00        1.600207600000000063e+00        1.935660000000000072e-03
3.580000000000000071e+00        1.600034399999999968e+00        1.936039999999999983e-03
3.589999999999999858e+00        1.599861200000000094e+00        1.936420000000000112e-03
3.600000000000000089e+00        1.599687999999999999e+00        1.936800000000000023e-03
3.609999999999999876e+00        1.599514800000000125e+00        1.937179999999999935e-03
3.620000000000000107e+00        1.599341600000000030e+00        1.937560000000000063e-03
3.629999999999999893e+00        1.599168399999999934e+00        1.937939999999999975e-03
3.640000000000000124e+00        1.598995200000000061e+00        1.938320000000000104e-03
3.649999999999999911e+00        1.598821999999999965e+00        1.938700000000000015e-03
3.660000000000000142e+00        1.598648800000000092e+00        1.939079999999999927e-03
3.669999999999999929e+00        1.598475599999999996e+00        1.939460000000000055e-03
3.680000000000000160e+00        1.598302400000000123e+00        1.939839999999999967e-03
3.689999999999999947e+00        1.598129200000000028e+00        1.940220000000000096e-03
3.700000000000000178e+00        1.597955999999999932e+00        1.940600000000000007e-03
3.709999999999999964e+00        1.597782800000000059e+00        1.940979999999999919e-03
3.720000000000000195e+00        1.597609599999999963e+00        1.941360000000000047e-03
3.729999999999999982e+00        1.597436400000000090e+00        1.941739999999999959e-03
3.740000000000000213e+00        1.597263199999999994e+00        1.942120000000000088e-03
3.750000000000000000e+00        1.597090000000000121e+00        1.942499999999999999e-03
3.759999999999999787e+00        1.596916800000000025e+00        1.942879999999999911e-03
3.770000000000000018e+00        1.596743599999999930e+00        1.943260000000000039e-03
3.779999999999999805e+00        1.596570400000000056e+00        1.943639999999999951e-03
3.790000000000000036e+00        1.596397199999999961e+00        1.944020000000000080e-03
3.799999999999999822e+00        1.596224000000000087e+00        1.944399999999999991e-03
3.810000000000000053e+00        1.596050799999999992e+00        1.944779999999999903e-03
3.819999999999999840e+00        1.595877599999999896e+00        1.945160000000000031e-03
3.830000000000000071e+00        1.595704400000000023e+00        1.945539999999999943e-03
3.839999999999999858e+00        1.595531199999999927e+00        1.945920000000000072e-03
3.850000000000000089e+00        1.595358000000000054e+00        1.946299999999999983e-03
3.859999999999999876e+00        1.595184799999999958e+00        1.946679999999999895e-03
3.870000000000000107e+00        1.595011600000000085e+00        1.947060000000000023e-03
3.879999999999999893e+00        1.594838399999999989e+00        1.947439999999999935e-03
3.890000000000000124e+00        1.594665199999999894e+00        1.947820000000000063e-03
3.899999999999999911e+00        1.594492000000000020e+00        1.948199999999999975e-03
3.910000000000000142e+00        1.594318799999999925e+00        1.948579999999999887e-03
3.919999999999999929e+00        1.594145600000000051e+00        1.948960000000000015e-03
3.930000000000000160e+00        1.593972399999999956e+00        1.949339999999999927e-03
3.939999999999999947e+00        1.593799199999999860e+00        1.949720000000000055e-03
3.950000000000000178e+00        1.593625999999999987e+00        1.950099999999999967e-03
3.959999999999999964e+00        1.593452799999999892e+00        1.950479999999999879e-03
3.970000000000000195e+00        1.593279600000000018e+00        1.950860000000000007e-03
3.979999999999999982e+00        1.593106399999999923e+00        1.951239999999999919e-03
3.990000000000000213e+00        1.592933200000000049e+00        1.951620000000000047e-03
4.000000000000000000e+00        1.592759999999999954e+00        1.951999999999999959e-03
4.009999999999999787e+00        1.592592199999999902e+00        1.954179999999999806e-03
4.019999999999999574e+00        1.592424400000000073e+00        1.956359999999999870e-03
4.030000000000000249e+00        1.592256600000000022e+00        1.958539999999999934e-03
4.040000000000000036e+00        1.592088799999999971e+00        1.960719999999999998e-03
4.049999999999999822e+00        1.591920999999999919e+00        1.962900000000000061e-03
4.059999999999999609e+00        1.591753199999999868e+00        1.965079999999999692e-03
4.070000000000000284e+00        1.591585400000000039e+00        1.967260000000000189e-03
4.080000000000000071e+00        1.591417599999999988e+00        1.969439999999999819e-03
4.089999999999999858e+00        1.591249799999999937e+00        1.971619999999999883e-03
4.099999999999999645e+00        1.591081999999999885e+00        1.973799999999999947e-03
4.110000000000000320e+00        1.590914200000000056e+00        1.975980000000000011e-03
4.120000000000000107e+00        1.590746400000000005e+00        1.978160000000000075e-03
4.129999999999999893e+00        1.590578599999999954e+00        1.980339999999999705e-03
4.139999999999999680e+00        1.590410799999999902e+00        1.982519999999999769e-03
4.150000000000000355e+00        1.590243000000000073e+00        1.984699999999999832e-03
4.160000000000000142e+00        1.590075200000000022e+00        1.986879999999999896e-03
4.169999999999999929e+00        1.589907399999999971e+00        1.989059999999999960e-03
4.179999999999999716e+00        1.589739599999999919e+00        1.991240000000000024e-03
4.190000000000000391e+00        1.589571800000000090e+00        1.993420000000000088e-03
4.200000000000000178e+00        1.589404000000000039e+00        1.995600000000000152e-03
4.209999999999999964e+00        1.589236199999999988e+00        1.997779999999999782e-03
4.219999999999999751e+00        1.589068399999999937e+00        1.999959999999999846e-03
4.230000000000000426e+00        1.588900599999999885e+00        2.002139999999999909e-03
4.240000000000000213e+00        1.588732800000000056e+00        2.004319999999999973e-03
4.250000000000000000e+00        1.588565000000000005e+00        2.006500000000000037e-03
4.259999999999999787e+00        1.588397199999999954e+00        2.008679999999999667e-03
4.269999999999999574e+00        1.588229400000000124e+00        2.010859999999999731e-03
4.280000000000000249e+00        1.588061600000000073e+00        2.013039999999999795e-03
4.290000000000000036e+00        1.587893800000000022e+00        2.015219999999999859e-03
4.299999999999999822e+00        1.587725999999999971e+00        2.017399999999999922e-03
4.309999999999999609e+00        1.587558199999999919e+00        2.019579999999999986e-03
4.320000000000000284e+00        1.587390400000000090e+00        2.021760000000000050e-03
4.330000000000000071e+00        1.587222600000000039e+00        2.023940000000000114e-03
4.339999999999999858e+00        1.587054799999999988e+00        2.026119999999999744e-03
4.349999999999999645e+00        1.586886999999999937e+00        2.028299999999999808e-03
4.360000000000000320e+00        1.586719200000000107e+00        2.030479999999999872e-03
4.370009999999999728e+00        1.586551232199999939e+00        2.032662179999999898e-03
4.380010000000000403e+00        1.586383432200000110e+00        2.034842179999999962e-03
4.390010000000000190e+00        1.586215632200000059e+00        2.037022180000000026e-03
4.400009999999999977e+00        1.586047832200000007e+00        2.039202180000000090e-03
4.410009999999999764e+00        1.585880032199999956e+00        2.041382179999999720e-03
4.420010000000000439e+00        1.585712232200000127e+00        2.043562179999999784e-03
4.430010000000000225e+00        1.585544432200000076e+00        2.045742179999999848e-03
4.440010000000000012e+00        1.585376632200000024e+00        2.047922179999999912e-03
4.450009999999999799e+00        1.585208832199999973e+00        2.050102179999999975e-03
4.460009999999999586e+00        1.585041032200000144e+00        2.052282179999999605e-03
4.470010000000000261e+00        1.584873232200000093e+00        2.054462180000000103e-03
4.480010000000000048e+00        1.584705432200000041e+00        2.056642179999999733e-03
4.490009999999999835e+00        1.584537632199999990e+00        2.058822179999999797e-03
4.500009999999999621e+00        1.584369622200000105e+00        2.061030799999998692e-03
4.510010000000000296e+00        1.583991822200000010e+00        2.091830800000000958e-03
4.520010000000000083e+00        1.583614022200000138e+00        2.122630800000000189e-03
4.530009999999999870e+00        1.583236222200000043e+00        2.153430799999999420e-03
4.540009999999999657e+00        1.582858422200000170e+00        2.184230799999998651e-03
4.550010000000000332e+00        1.582480622200000075e+00        2.215030800000000917e-03
4.560010000000000119e+00        1.582102822199999981e+00        2.245830800000000148e-03
4.570009999999999906e+00        1.581725022200000108e+00        2.276630799999999812e-03
4.580009999999999692e+00        1.581347222200000013e+00        2.307430799999999043e-03
4.590010000000000367e+00        1.580969422199999919e+00        2.338230800000000876e-03
4.600010000000000154e+00        1.580591622200000046e+00        2.369030800000000540e-03
4.610009999999999941e+00        1.580213822199999951e+00        2.399830799999999771e-03
4.620009999999999728e+00        1.579836022200000079e+00        2.430630799999999002e-03
4.630010000000000403e+00        1.579458222199999984e+00        2.461430800000001268e-03
4.640010000000000190e+00        1.579080422200000111e+00        2.492230800000000499e-03
4.650009999999999977e+00        1.578702622200000016e+00        2.523030799999999730e-03
4.660009999999999764e+00        1.578324822200000144e+00        2.553830799999999394e-03
4.670010000000000439e+00        1.577947022200000049e+00        2.584630800000001227e-03
4.680010000000000225e+00        1.577569222199999954e+00        2.615430800000000458e-03
4.690010000000000012e+00        1.577191422200000082e+00        2.646230800000000122e-03
4.700009999999999799e+00        1.576813622199999987e+00        2.677030799999999353e-03
4.710009999999999586e+00        1.576435822200000114e+00        2.707830799999998584e-03
4.720010000000000261e+00        1.576058022200000019e+00        2.738630800000000851e-03
4.730010000000000048e+00        1.575680222199999925e+00        2.769430800000000081e-03
4.740009999999999835e+00        1.575302422200000052e+00        2.800230799999999312e-03
4.750009999999999621e+00        1.574924622199999957e+00        2.831030799999998543e-03
4.760010000000000296e+00        1.574546822200000085e+00        2.861830800000000809e-03
4.770010000000000083e+00        1.574169022199999990e+00        2.892630800000000474e-03
4.780009999999999870e+00        1.573791222200000117e+00        2.923430799999999705e-03
4.790009999999999657e+00        1.573413422200000022e+00        2.954230799999998935e-03
4.800010000000000332e+00        1.573035622199999928e+00        2.985030800000000768e-03
4.810019999999999740e+00        1.572657444400000104e+00        3.015861599999999226e-03
4.820020000000000415e+00        1.572279644400000009e+00        3.046661600000001059e-03
4.830020000000000202e+00        1.571901844399999915e+00        3.077461600000000290e-03
4.840019999999999989e+00        1.571524044400000042e+00        3.108261599999999954e-03
4.850019999999999776e+00        1.571146244399999947e+00        3.139061599999999619e-03
4.860019999999999563e+00        1.570768444400000075e+00        3.169861599999998850e-03
4.870020000000000238e+00        1.570390644399999980e+00        3.200661600000000682e-03
4.880020000000000024e+00        1.570012844400000107e+00        3.231461599999999913e-03
4.890019999999999811e+00        1.569635044400000012e+00        3.262261599999999144e-03
4.900019999999999598e+00        1.569257244399999918e+00        3.293061599999998808e-03
4.910020000000000273e+00        1.568879444400000045e+00        3.323861600000001075e-03
4.920020000000000060e+00        1.568501644399999950e+00        3.354661600000000306e-03
4.930019999999999847e+00        1.568123844400000078e+00        3.385461599999999537e-03
4.940019999999999634e+00        1.567746044399999983e+00        3.416261599999998767e-03
4.950020000000000309e+00        1.567368244399999888e+00        3.447061600000001034e-03
4.960020000000000095e+00        1.566990444400000015e+00        3.477861600000000265e-03
4.970019999999999882e+00        1.566612644399999921e+00        3.508661599999999929e-03
4.980019999999999669e+00        1.566234844400000048e+00        3.539461599999999160e-03
4.990020000000000344e+00        1.565857044399999953e+00        3.570261600000000993e-03
