# wav(mic), n, k
2.999999999999999889e-01        1.260450000000000070e+00        0.000000000000000000e+00
3.099999999999999978e-01        1.260450000000000070e+00        0.000000000000000000e+00
3.200000000000000067e-01        1.260450000000000070e+00        0.000000000000000000e+00
3.300000000000000155e-01        1.260450000000000070e+00        0.000000000000000000e+00
3.400000000000000244e-01        1.260450000000000070e+00        0.000000000000000000e+00
3.499999999999999778e-01        1.260450000000000070e+00        0.000000000000000000e+00
3.599999999999999867e-01        1.260450000000000070e+00        0.000000000000000000e+00
3.699999999999999956e-01        1.260450000000000070e+00        0.000000000000000000e+00
3.800000000000000044e-01        1.260450000000000070e+00        0.000000000000000000e+00
3.900000000000000133e-01        1.260450000000000070e+00        0.000000000000000000e+00
4.000000000000000222e-01        1.260450000000000070e+00        0.000000000000000000e+00
4.099999999999999756e-01        1.260450000000000070e+00        0.000000000000000000e+00
4.199999999999999845e-01        1.260450000000000070e+00        0.000000000000000000e+00
4.299999999999999933e-01        1.260450000000000070e+00        0.000000000000000000e+00
4.400000000000000022e-01        1.260450000000000070e+00        0.000000000000000000e+00
4.500000000000000111e-01        1.260450000000000070e+00        0.000000000000000000e+00
4.600000000000000200e-01        1.260450000000000070e+00        0.000000000000000000e+00
4.699999999999999734e-01        1.260450000000000070e+00        0.000000000000000000e+00
4.799999999999999822e-01        1.260450000000000070e+00        0.000000000000000000e+00
4.899999999999999911e-01        1.260450000000000070e+00        0.000000000000000000e+00
5.000000000000000000e-01        1.260450000000000070e+00        0.000000000000000000e+00
5.100000000000000089e-01        1.260450000000000070e+00        0.000000000000000000e+00
5.200000000000000178e-01        1.260450000000000070e+00        0.000000000000000000e+00
5.300000000000000266e-01        1.260450000000000070e+00        0.000000000000000000e+00
5.400000000000000355e-01        1.260450000000000070e+00        0.000000000000000000e+00
5.500000000000000444e-01        1.260450000000000070e+00        0.000000000000000000e+00
5.600000000000000533e-01        1.260450000000000070e+00        0.000000000000000000e+00
5.699999999999999512e-01        1.260450000000000070e+00        0.000000000000000000e+00
5.799999999999999600e-01        1.260450000000000070e+00        0.000000000000000000e+00
5.899999999999999689e-01        1.260450000000000070e+00        0.000000000000000000e+00
5.999999999999999778e-01        1.260450000000000070e+00        0.000000000000000000e+00
6.099999999999999867e-01        1.260450000000000070e+00        0.000000000000000000e+00
6.199999999999999956e-01        1.260450000000000070e+00        0.000000000000000000e+00
6.300000000000000044e-01        1.260450000000000070e+00        0.000000000000000000e+00
6.400000000000000133e-01        1.260450000000000070e+00        0.000000000000000000e+00
6.500000000000000222e-01        1.260450000000000070e+00        0.000000000000000000e+00
6.600000000000000311e-01        1.260450000000000070e+00        0.000000000000000000e+00
6.700000000000000400e-01        1.260450000000000070e+00        0.000000000000000000e+00
6.800000000000000488e-01        1.260450000000000070e+00        0.000000000000000000e+00
6.899999999999999467e-01        1.260450000000000070e+00        0.000000000000000000e+00
6.999999999999999556e-01        1.260450000000000070e+00        0.000000000000000000e+00
7.099999999999999645e-01        1.260450000000000070e+00        0.000000000000000000e+00
7.199999999999999734e-01        1.260450000000000070e+00        0.000000000000000000e+00
7.299999999999999822e-01        1.260450000000000070e+00        0.000000000000000000e+00
7.399999999999999911e-01        1.260450000000000070e+00        0.000000000000000000e+00
7.500000000000000000e-01        1.260450000000000070e+00        0.000000000000000000e+00
7.600000000000000089e-01        1.260450000000000070e+00        0.000000000000000000e+00
7.700000000000000178e-01        1.260450000000000070e+00        0.000000000000000000e+00
7.800000000000000266e-01        1.260450000000000070e+00        0.000000000000000000e+00
7.900000000000000355e-01        1.260450000000000070e+00        0.000000000000000000e+00
8.000000000000000444e-01        1.260450000000000070e+00        0.000000000000000000e+00
8.100000000000000533e-01        1.260450000000000070e+00        0.000000000000000000e+00
8.199999999999999512e-01        1.260450000000000070e+00        0.000000000000000000e+00
8.299999999999999600e-01        1.260450000000000070e+00        0.000000000000000000e+00
8.399999999999999689e-01        1.260450000000000070e+00        0.000000000000000000e+00
8.499999999999999778e-01        1.260450000000000070e+00        0.000000000000000000e+00
8.599999999999999867e-01        1.260450000000000070e+00        0.000000000000000000e+00
8.699999999999999956e-01        1.260450000000000070e+00        0.000000000000000000e+00
8.800000000000000044e-01        1.260450000000000070e+00        0.000000000000000000e+00
8.900000000000000133e-01        1.260450000000000070e+00        0.000000000000000000e+00
9.000000000000000222e-01        1.260450000000000070e+00        0.000000000000000000e+00
9.100000000000000311e-01        1.260450000000000070e+00        0.000000000000000000e+00
9.200000000000000400e-01        1.260450000000000070e+00        0.000000000000000000e+00
9.300000000000000488e-01        1.260450000000000070e+00        0.000000000000000000e+00
9.399999999999999467e-01        1.260450000000000070e+00        0.000000000000000000e+00
9.499999999999999556e-01        1.260450000000000070e+00        0.000000000000000000e+00
9.599999999999999645e-01        1.260450000000000070e+00        0.000000000000000000e+00
9.699999999999999734e-01        1.260450000000000070e+00        0.000000000000000000e+00
9.799999999999999822e-01        1.260450000000000070e+00        0.000000000000000000e+00
9.899999999999999911e-01        1.260450000000000070e+00        0.000000000000000000e+00
1.000000000000000000e+00        1.260450000000000070e+00        0.000000000000000000e+00
1.010000000000000009e+00        1.260450000000000070e+00        0.000000000000000000e+00
1.020000000000000018e+00        1.260450000000000070e+00        0.000000000000000000e+00
1.030000000000000027e+00        1.260450000000000070e+00        0.000000000000000000e+00
1.040000000000000036e+00        1.260450000000000070e+00        0.000000000000000000e+00
1.050000000000000044e+00        1.260450000000000070e+00        0.000000000000000000e+00
1.060000000000000053e+00        1.260450000000000070e+00        0.000000000000000000e+00
1.070000000000000062e+00        1.260450000000000070e+00        0.000000000000000000e+00
1.080000000000000071e+00        1.260450000000000070e+00        0.000000000000000000e+00
1.090000000000000080e+00        1.260450000000000070e+00        0.000000000000000000e+00
1.100000000000000089e+00        1.260450000000000070e+00        0.000000000000000000e+00
1.110000000000000098e+00        1.260450000000000070e+00        0.000000000000000000e+00
1.120000000000000107e+00        1.260450000000000070e+00        0.000000000000000000e+00
1.129999999999999893e+00        1.260450000000000070e+00        0.000000000000000000e+00
1.139999999999999902e+00        1.260450000000000070e+00        0.000000000000000000e+00
1.149999999999999911e+00        1.260450000000000070e+00        0.000000000000000000e+00
1.159999999999999920e+00        1.260450000000000070e+00        0.000000000000000000e+00
1.169999999999999929e+00        1.260450000000000070e+00        0.000000000000000000e+00
1.179999999999999938e+00        1.260450000000000070e+00        0.000000000000000000e+00
1.189999999999999947e+00        1.260450000000000070e+00        0.000000000000000000e+00
1.199999999999999956e+00        1.260450000000000070e+00        0.000000000000000000e+00
1.209999999999999964e+00        1.260450000000000070e+00        0.000000000000000000e+00
1.219999999999999973e+00        1.260450000000000070e+00        0.000000000000000000e+00
1.229999999999999982e+00        1.260450000000000070e+00        0.000000000000000000e+00
1.239999999999999991e+00        1.260450000000000070e+00        0.000000000000000000e+00
1.250000000000000000e+00        1.260450000000000070e+00        0.000000000000000000e+00
1.260000000000000009e+00        1.260450000000000070e+00        0.000000000000000000e+00
1.270000000000000018e+00        1.260450000000000070e+00        0.000000000000000000e+00
1.280000000000000027e+00        1.260450000000000070e+00        0.000000000000000000e+00
1.290000000000000036e+00        1.260450000000000070e+00        0.000000000000000000e+00
1.300000000000000044e+00        1.260450000000000070e+00        0.000000000000000000e+00
1.310000000000000053e+00        1.260450000000000070e+00        0.000000000000000000e+00
1.320000000000000062e+00        1.260450000000000070e+00        0.000000000000000000e+00
1.330000000000000071e+00        1.260450000000000070e+00        0.000000000000000000e+00
1.340000000000000080e+00        1.260450000000000070e+00        0.000000000000000000e+00
1.350000000000000089e+00        1.260450000000000070e+00        0.000000000000000000e+00
1.360000000000000098e+00        1.260450000000000070e+00        0.000000000000000000e+00
1.370000000000000107e+00        1.260450000000000070e+00        0.000000000000000000e+00
1.379999999999999893e+00        1.260450000000000070e+00        0.000000000000000000e+00
1.389999999999999902e+00        1.260450000000000070e+00        0.000000000000000000e+00
1.399999999999999911e+00        1.260450000000000070e+00        0.000000000000000000e+00
1.409999999999999920e+00        1.260450000000000070e+00        0.000000000000000000e+00
1.419999999999999929e+00        1.260450000000000070e+00        0.000000000000000000e+00
1.429999999999999938e+00        1.260440000000000005e+00        0.000000000000000000e+00
1.439999999999999947e+00        1.260429999999999939e+00        0.000000000000000000e+00
1.449999999999999956e+00        1.260420000000000096e+00        0.000000000000000000e+00
1.459999999999999964e+00        1.260410000000000030e+00        0.000000000000000000e+00
1.469999999999999973e+00        1.260399999999999965e+00        0.000000000000000000e+00
1.479999999999999982e+00        1.260380000000000056e+00        1.272909715652831486e-06
1.489999999999999991e+00        1.260369999999999990e+00        1.289439930071507787e-07
1.500000000000000000e+00        1.260353946986456419e+00        9.546756140802660647e-06
1.510000000000000009e+00        1.260340000000000016e+00        6.699500608947715160e-06
1.520000000000000018e+00        1.260299999999999976e+00        3.248163591449595690e-05
1.530000000000000027e+00        1.260349556161576512e+00        6.429648581910981742e-05
1.540000000000000036e+00        1.260359999999999925e+00        2.368618640782655237e-05
1.550000000000000044e+00        1.260329999999999950e+00        2.515882976060316365e-06
1.560000000000000053e+00        1.260310000000000041e+00        3.903026891649679328e-07
1.570000000000000062e+00        1.260289999999999910e+00        3.379486045703424852e-07
1.580000000000000071e+00        1.260280000000000067e+00        6.907479456427918877e-07
1.590000000000000080e+00        1.260259999999999936e+00        6.967497272473625300e-07
1.600000000000000089e+00        1.260250000000000092e+00        4.440803299535834111e-07
1.610000000000000098e+00        1.260229999999999961e+00        3.060454988252259171e-07
1.620000000000000107e+00        1.260214863875670055e+00        2.741381096343493624e-06
1.629999999999999893e+00        1.260199999999999987e+00        9.043930657569693675e-06
1.639999999999999902e+00        1.260189999999999921e+00        1.323586210672614881e-05
1.649999999999999911e+00        1.260189999999999921e+00        7.247324706533705818e-06
1.659999999999999920e+00        1.260170000000000012e+00        1.251174291823290826e-06
1.669999999999999929e+00        1.260150000000000103e+00        2.277558703281163138e-07
1.679999999999999938e+00        1.260138618564957902e+00        8.969709390632991783e-07
1.689999999999999947e+00        1.260119999999999907e+00        1.037683313148888658e-06
1.699999999999999956e+00        1.260099999999999998e+00        0.000000000000000000e+00
1.709999999999999964e+00        1.260089999999999932e+00        0.000000000000000000e+00
1.719999999999999973e+00        1.260070000000000023e+00        0.000000000000000000e+00
1.729999999999999982e+00        1.260049999999999892e+00        0.000000000000000000e+00
1.739999999999999991e+00        1.260030045293444312e+00        0.000000000000000000e+00
1.750000000000000000e+00        1.260019999999999918e+00        0.000000000000000000e+00
1.760000000000000009e+00        1.260000000000000009e+00        0.000000000000000000e+00
1.770000000000000018e+00        1.259980000000000100e+00        0.000000000000000000e+00
1.780000000000000027e+00        1.259959999999999969e+00        0.000000000000000000e+00
1.790000000000000036e+00        1.259940000000000060e+00        0.000000000000000000e+00
1.800000000000000044e+00        1.259919999999999929e+00        0.000000000000000000e+00
1.810000000000000053e+00        1.259900000000000020e+00        0.000000000000000000e+00
1.820000000000000062e+00        1.259880000000000111e+00        0.000000000000000000e+00
1.830000000000000071e+00        1.259859999999999980e+00        0.000000000000000000e+00
1.840000000000000080e+00        1.259840000000000071e+00        0.000000000000000000e+00
1.850000000000000089e+00        1.259810000000000096e+00        0.000000000000000000e+00
1.860000000000000098e+00        1.259789999999999965e+00        0.000000000000000000e+00
1.870000000000000107e+00        1.259759999999999991e+00        0.000000000000000000e+00
1.879999999999999893e+00        1.259740000000000082e+00        0.000000000000000000e+00
1.889999999999999902e+00        1.259710000000000107e+00        0.000000000000000000e+00
1.899999999999999911e+00        1.259679999999999911e+00        0.000000000000000000e+00
1.909999999999999920e+00        1.259640000000000093e+00        0.000000000000000000e+00
1.919999999999999929e+00        1.259609999999999896e+00        0.000000000000000000e+00
1.929999999999999938e+00        1.259560000000000013e+00        2.538467977907451926e-06
1.939999999999999947e+00        1.259509999999999907e+00        5.715782234843510254e-06
1.949999999999999956e+00        1.259441579129641164e+00        9.987994983026855214e-06
1.959999999999999964e+00        1.259340244438043710e+00        2.289022380666135399e-05
1.969999999999999973e+00        1.259179999999999966e+00        1.248777874224436184e-04
1.979999999999999982e+00        1.259130000000000082e+00        3.363165408048553488e-04
1.989999999999999991e+00        1.259079999999999977e+00        6.796200998463095260e-04
2.000000000000000000e+00        1.259593880776765706e+00        1.026538463044046699e-03
2.009999999999999787e+00        1.260029999999999983e+00        5.439726343460155912e-04
2.020000000000000018e+00        1.259889999999999954e+00        2.616984749127495213e-04
2.029999999999999805e+00        1.259800000000000031e+00        2.018785700802929839e-04
2.040000000000000036e+00        1.259749999999999925e+00        1.202459150014782566e-04
2.049999999999999822e+00        1.259667355929453780e+00        7.382662220631176320e-05
2.060000000000000053e+00        1.259600000000000053e+00        6.474169964018540880e-05
2.069999999999999840e+00        1.259549999999999947e+00        4.532394501872031374e-05
2.080000000000000071e+00        1.259500000000000064e+00        3.553925727339780975e-05
2.089999999999999858e+00        1.259459176681844150e+00        2.006424706471210965e-05
2.100000000000000089e+00        1.259400000000000075e+00        1.480422455283599080e-05
2.109999999999999876e+00        1.259349999999999969e+00        1.157049747893699798e-05
2.120000000000000107e+00        1.259300000000000086e+00        9.743262553620230941e-06
2.129999999999999893e+00        1.259249999999999980e+00        9.577937157174649114e-06
2.140000000000000124e+00        1.259200000000000097e+00        1.019866981443073346e-05
2.149999999999999911e+00        1.259139999999999926e+00        9.258661828401483444e-06
2.160000000000000142e+00        1.259079999999999977e+00        1.134866853961678884e-05
2.169999999999999929e+00        1.259009999999999962e+00        1.268333760161898679e-05
2.180000000000000160e+00        1.258920678593811404e+00        1.639714638483760696e-05
2.189999999999999947e+00        1.258793461217546872e+00        2.979575390244461786e-05
2.200000000000000178e+00        1.258598218019644666e+00        1.238721282609193237e-04
2.209999999999999964e+00        1.258469999999999978e+00        4.215478944045093117e-04
2.220000000000000195e+00        1.258616450390290575e+00        7.448838340030033804e-04
2.229999999999999982e+00        1.258901856418389364e+00        8.533500515057075835e-04
2.240000000000000213e+00        1.259163535712065407e+00        8.057563547523941558e-04
2.250000000000000000e+00        1.259359298045206410e+00        6.086320498632733509e-04
2.259999999999999787e+00        1.259366760972794541e+00        3.243681601859576603e-04
2.270000000000000018e+00        1.259194616875490835e+00        1.589532323027458406e-04
2.279999999999999805e+00        1.259044245637343629e+00        1.396459593500317699e-04
2.290000000000000036e+00        1.258960000000000079e+00        1.647064132474731384e-04
2.299999999999999822e+00        1.258909999999999973e+00        1.810295845629924984e-04
2.310000000000000053e+00        1.258879999999999999e+00        1.797373564918737987e-04
2.319999999999999840e+00        1.258850000000000025e+00        1.721782453522253432e-04
2.330000000000000071e+00        1.258829999999999893e+00        1.480609267162870575e-04
2.339999999999999858e+00        1.258790000000000076e+00        9.847875830445164912e-05
2.350000000000000089e+00        1.258720000000000061e+00        4.655955824447835962e-05
2.359999999999999876e+00        1.258632406803896542e+00        1.740705055200169994e-05
2.370000000000000107e+00        1.258546995810600810e+00        7.963859351165751357e-06
2.379999999999999893e+00        1.258463142862628059e+00        3.270560250153263080e-06
2.390000000000000124e+00        1.258380828142389829e+00        3.568855069522730081e-06
2.399999999999999911e+00        1.258300032951003899e+00        2.719407867504527990e-06
2.410000000000000142e+00        1.258220738353424739e+00        2.392371660838553579e-06
2.419999999999999929e+00        1.258140000000000036e+00        2.563781359175176318e-06
2.430000000000000160e+00        1.258046576252759952e+00        2.172642832472962718e-07
2.439999999999999947e+00        1.257951672083360561e+00        0.000000000000000000e+00
2.450000000000000178e+00        1.257848195822291348e+00        0.000000000000000000e+00
2.459999999999999964e+00        1.257726130218115301e+00        0.000000000000000000e+00
2.470000000000000195e+00        1.257585457629998293e+00        0.000000000000000000e+00
2.479999999999999982e+00        1.257416161374898200e+00        0.000000000000000000e+00
2.490000000000000213e+00        1.257156449633172635e+00        0.000000000000000000e+00
2.500000000000000000e+00        1.256207950046260624e+00        6.694542090134214703e-04
2.509999999999999787e+00        1.256879999999999997e+00        8.436333287319722988e-04
2.520000000000000018e+00        1.256997587282172146e+00        8.999999999999999754e-04
2.529999999999999805e+00        1.257050000000000001e+00        9.297544887504367991e-04
2.540000000000000036e+00        1.257071622166371805e+00        9.583778336281200414e-04
2.549999999999999822e+00        1.257056533194351955e+00        9.617334028240745415e-04
2.560000000000000053e+00        1.257038812031819219e+00        9.711879681807586385e-04
2.569999999999999840e+00        1.257014653877041255e+00        1.056435918027465778e-03
2.580000000000000071e+00        1.256985380040012368e+00        1.044619959987588441e-03
2.589999999999999858e+00        1.256969815039461702e+00        1.090000000000000040e-03
2.600000000000000089e+00        1.256932369581850617e+00        1.080000000000000014e-03
2.609999999999999876e+00        1.256873271690917226e+00        1.136635845458582690e-03
2.620000000000000107e+00        1.256761709852497022e+00        1.159740885018666241e-03
2.629999999999999893e+00        1.256722417862161212e+00        1.183955344597161776e-03
2.640000000000000124e+00        1.256720000000000059e+00        1.180000000000000059e-03
2.649999999999999911e+00        1.256669999999999954e+00        1.193615299990850170e-03
2.660000000000000142e+00        1.256593503556689084e+00        1.226496443310846028e-03
2.669999999999999929e+00        1.256411437150813937e+00        1.265209497287160447e-03
2.680000000000000160e+00        1.256437789871372557e+00        1.321105064313715096e-03
2.689999999999999947e+00        1.256380000000000052e+00        1.251702558261494911e-03
2.700000000000000178e+00        1.256237836684924725e+00        1.282163315075185569e-03
2.709999999999999964e+00        1.256168753411507133e+00        1.285623294246426547e-03
2.720000000000000195e+00        1.256029999999999980e+00        1.264498528140962572e-03
2.729999999999999982e+00        1.255966842628801095e+00        1.266842628801132051e-03
2.740000000000000213e+00        1.255746408633042988e+00        1.221795683478517401e-03
2.750000000000000000e+00        1.255610574218839259e+00        1.290574218839414967e-03
2.759999999999999787e+00        1.255457884497034549e+00        1.287884497034549793e-03
2.770000000000000018e+00        1.255208295944866270e+00        1.295112165401038091e-03
2.779999999999999805e+00        1.254993626078761526e+00        1.312747842476997629e-03
2.790000000000000036e+00        1.254729762085761369e+00        1.290237914238632566e-03
2.799999999999999822e+00        1.254501514702310638e+00        1.364343134873793406e-03
2.810000000000000053e+00        1.254136100431883172e+00        1.434633189372306944e-03
2.819999999999999840e+00        1.253842483623170967e+00        1.478993449268364326e-03
2.830000000000000071e+00        1.253439103067542915e+00        1.625448466228561224e-03
2.839999999999999858e+00        1.253046564319046485e+00        1.714478560317897081e-03
2.850000000000000089e+00        1.252634793285456460e+00        1.830000000000000029e-03
2.859999999999999876e+00        1.252100837959381874e+00        1.879664816247227435e-03
2.870000000000000107e+00        1.251509130164490280e+00        2.002347934203915856e-03
2.879999999999999893e+00        1.250803444529992037e+00        2.088361132498006440e-03
2.890000000000000124e+00        1.249787649389598299e+00        2.119999999999999923e-03
2.899999999999999911e+00        1.248430353594419895e+00        2.200000000000000133e-03
2.910000000000000142e+00        1.246222808528540948e+00        2.308576830162101072e-03
2.919999999999999929e+00        1.242343078609543738e+00        4.067113803552653041e-03
2.930000000000000160e+00        1.239362148605551939e+00        8.842479880568064957e-03
2.939999999999999947e+00        1.240125950452202641e+00        1.296950929021199565e-02
2.950000000000000178e+00        1.234574217436261279e+00        2.043824974149788601e-02
2.959999999999999964e+00        1.244200420464395940e+00        3.785053528203974338e-02
2.970000000000000195e+00        1.264660538642259802e+00        3.560108720629698992e-02
2.979999999999999982e+00        1.272449259923767340e+00        2.350280171716649311e-02
2.990000000000000213e+00        1.270573758831429867e+00        1.289926236400168111e-02
3.000000000000000000e+00        1.265023177958214395e+00        9.100267717776003989e-03
3.009999999999999787e+00        1.260491855931591632e+00        9.666791049168385608e-03
3.020000000000000018e+00        1.260727836033438853e+00        1.363090085793901805e-02
3.029999999999999805e+00        1.262061538594061227e+00        1.206192367327589554e-02
3.040000000000000036e+00        1.261349106838540290e+00        1.148363105381989754e-02
3.049999999999999822e+00        1.260676688726784400e+00        1.176331127321548868e-02
3.060000000000000053e+00        1.260160221850514350e+00        1.248755964434166907e-02
3.069999999999999840e+00        1.259808643117703131e+00        1.356220493373239654e-02
3.080000000000000071e+00        1.260513625953670669e+00        1.713424781184912787e-02
3.089999999999999858e+00        1.264602381798190178e+00        1.528882686289826688e-02
3.100000000000000089e+00        1.261318584914673302e+00        1.581060846758317734e-02
3.109999999999999876e+00        1.264480632593814047e+00        2.176227075796250895e-02
3.120000000000000107e+00        1.272715895872025271e+00        2.173948807312848022e-02
3.129999999999999893e+00        1.277554940955867968e+00        1.609305935665220760e-02
3.140000000000000124e+00        1.278210996755677398e+00        1.027209344757705478e-02
3.149999999999999911e+00        1.276540537023483468e+00        6.129840367999503381e-03
3.160000000000000142e+00        1.274314940694414755e+00        3.906205520811100243e-03
3.169999999999999929e+00        1.272493318391521910e+00        2.817991034913119863e-03
3.180000000000000160e+00        1.271054805891818962e+00        2.315383960661460388e-03
3.189999999999999947e+00        1.270012927470915987e+00        1.998231867728990710e-03
3.200000000000000178e+00        1.269265151538213621e+00        1.765050512737882313e-03
3.209999999999999964e+00        1.268555971332083754e+00        1.486567333154829949e-03
3.220000000000000195e+00        1.268021182133655556e+00        1.368709280193334968e-03
3.229999999999999982e+00        1.267562633351494661e+00        1.219580010896859643e-03
3.240000000000000213e+00        1.267159458510585868e+00        1.019729255292919651e-03
3.250000000000000000e+00        1.266652634300288405e+00        8.921044856318362942e-04
3.259999999999999787e+00        1.266348539639090776e+00        7.842698195453794586e-04
3.270000000000000018e+00        1.266028931785898148e+00        7.651454287185372946e-04
3.279999999999999805e+00        1.265694195829700552e+00        7.200000000000000453e-04
3.290000000000000036e+00        1.265382990861556367e+00        6.590030461478300428e-04
3.299999999999999822e+00        1.265156437849336735e+00        6.300000000000000261e-04
3.310000000000000053e+00        1.264999462382616846e+00        6.105376173830123071e-04
3.319999999999999840e+00        1.264608507162847228e+00        4.776618914351989250e-04
3.330000000000000071e+00        1.264462366679803162e+00        5.500000000000000331e-04
3.339999999999999858e+00        1.264307377316443048e+00        5.082515442952854207e-04
3.350000000000000089e+00        1.264126442234891234e+00        5.164422348913310897e-04
3.359999999999999876e+00        1.263959999999999972e+00        4.743099805629811963e-04
3.370000000000000107e+00        1.263805448734197201e+00        4.572756329014042334e-04
3.379999999999999893e+00        1.263676722415440601e+00        3.933612077203150733e-04
3.390000000000000124e+00        1.263540000000000108e+00        4.099999999999999912e-04
3.399999999999999911e+00        1.263368799996216651e+00        4.087999962164687480e-04
3.410000000000000142e+00        1.263271753818884457e+00        3.800000000000000209e-04
3.419999999999999929e+00        1.263130000000000086e+00        3.400000000000000244e-04
3.430000000000000160e+00        1.262973278590228565e+00        2.700000000000000035e-04
3.439999999999999947e+00        1.262806535307375189e+00        3.400000000000000244e-04
3.450000000000000178e+00        1.262720000000000065e+00        3.691536550590544113e-04
3.459999999999999964e+00        1.262612277810468031e+00        3.699999999999999947e-04
3.470000000000000195e+00        1.262529999999999930e+00        3.899999999999999929e-04
3.479999999999999982e+00        1.262440067795250975e+00        3.300225984170011926e-04
3.490000000000000213e+00        1.262344636601677728e+00        3.699999999999999947e-04
3.500000000000000000e+00        1.262269736858041780e+00        3.600000000000000227e-04
3.509999999999999787e+00        1.262175322474583306e+00        3.253224745832897810e-04
3.520000000000000018e+00        1.262059999999999960e+00        3.713865122427873833e-04
3.529999999999999805e+00        1.261959999999999971e+00        4.000000000000000192e-04
3.540000000000000036e+00        1.261904938445296720e+00        4.000000000000000192e-04
3.549999999999999822e+00        1.261822417207939306e+00        4.175827920605919199e-04
3.560000000000000053e+00        1.261750718577741237e+00        4.099999999999999912e-04
3.569999999999999840e+00        1.261689999999999978e+00        4.299999999999999894e-04
3.580000000000000071e+00        1.261619999999999964e+00        4.376203982190129960e-04
3.589999999999999858e+00        1.261546930884711815e+00        4.499999999999999877e-04
3.600000000000000089e+00        1.261496689363238666e+00        4.600000000000000139e-04
3.609999999999999876e+00        1.261416892402802192e+00        4.600000000000000139e-04
3.620000000000000107e+00        1.261367536236373210e+00        4.800000000000000122e-04
3.629999999999999893e+00        1.261308617263490417e+00        4.899999999999999842e-04
3.640000000000000124e+00        1.261240263232998204e+00        4.899999999999999842e-04
3.649999999999999911e+00        1.261197923058544612e+00        5.199999999999999544e-04
3.660000000000000142e+00        1.261144448674179852e+00        5.244486741798546877e-04
3.669999999999999929e+00        1.261087242976352440e+00        5.299999999999999807e-04
3.680000000000000160e+00        1.261039999999999939e+00        5.500000000000000331e-04
3.689999999999999947e+00        1.260994087269985631e+00        5.599999999999999509e-04
3.700000000000000178e+00        1.260950000000000015e+00        5.699999999999999772e-04
3.709999999999999964e+00        1.260909999999999975e+00        5.699999999999999772e-04
3.720000000000000195e+00        1.260867441214618356e+00        5.800000000000000034e-04
3.729999999999999982e+00        1.260829999999999895e+00        5.900000000000000296e-04
3.740000000000000213e+00        1.260778363933768853e+00        5.900000000000000296e-04
3.750000000000000000e+00        1.260724421979821042e+00        5.900000000000000296e-04
3.759999999999999787e+00        1.260690000000000088e+00        5.999999999999999474e-04
3.770000000000000018e+00        1.260639999999999983e+00        6.099999999999999737e-04
3.779999999999999805e+00        1.260594942426481069e+00        6.099999999999999737e-04
3.790000000000000036e+00        1.260552554517447188e+00        6.199999999999999999e-04
3.799999999999999822e+00        1.260500547306201868e+00        6.199999999999999999e-04
3.810000000000000053e+00        1.260458918677000328e+00        6.410813229996444431e-04
3.819999999999999840e+00        1.260420000000000096e+00        6.499999999999999702e-04
3.830000000000000071e+00        1.260376783838026871e+00        6.599999999999999964e-04
3.839999999999999858e+00        1.260336271481686810e+00        6.737285183130781781e-04
3.850000000000000089e+00        1.260306125320166837e+00        6.800000000000000488e-04
3.859999999999999876e+00        1.260256342605240221e+00        6.899999999999999667e-04
3.870000000000000107e+00        1.260226920375291826e+00        6.999999999999999929e-04
3.879999999999999893e+00        1.260187856022660702e+00        7.100000000000000191e-04
3.890000000000000124e+00        1.260150000000000103e+00        7.299999999999999632e-04
3.899999999999999911e+00        1.260110000000000063e+00        7.392102785506672515e-04
3.910000000000000142e+00        1.260080000000000089e+00        7.500000000000000156e-04
3.919999999999999929e+00        1.260045123142178758e+00        7.600000000000000418e-04
3.930000000000000160e+00        1.260000000000000009e+00        7.699999999999999597e-04
3.939999999999999947e+00        1.259970832475425073e+00        7.799999999999999859e-04
3.950000000000000178e+00        1.259934198208804146e+00        7.900000000000000121e-04
3.959999999999999964e+00        1.259900000000000020e+00        8.099999999999999561e-04
3.970000000000000195e+00        1.259870000000000045e+00        8.199999999999999824e-04
3.979999999999999982e+00        1.259840000000000071e+00        8.300000000000000086e-04
3.990000000000000213e+00        1.259800997515904353e+00        8.400000000000000348e-04
4.000000000000000000e+00        1.259776020711146804e+00        8.499999999999999526e-04
4.009999999999999787e+00        1.259740000000000082e+00        8.700000000000000051e-04
4.019999999999999574e+00        1.259710000000000107e+00        8.800000000000000313e-04
4.030000000000000249e+00        1.259679999999999911e+00        8.899999999999999491e-04
4.040000000000000036e+00        1.259649326637761968e+00        8.999999999999999754e-04
4.049999999999999822e+00        1.259615946335599812e+00        9.100000000000000016e-04
4.059999999999999609e+00        1.259589999999999987e+00        9.300000000000000541e-04
4.070000000000000284e+00        1.259549999999999947e+00        9.399999999999999719e-04
4.080000000000000071e+00        1.259527667147433805e+00        9.499999999999999981e-04
4.089999999999999858e+00        1.259489999999999998e+00        9.700000000000000505e-04
4.099999999999999645e+00        1.259470000000000089e+00        9.799999999999999684e-04
4.110000000000000320e+00        1.259432136686333470e+00        9.978633136664897922e-04
4.120000000000000107e+00        1.259410893279682586e+00        1.010000000000000047e-03
4.129999999999999893e+00        1.259379999999999944e+00        1.030000000000000100e-03
4.139999999999999680e+00        1.259360000000000035e+00        1.039999999999999909e-03
4.150000000000000355e+00        1.259330000000000060e+00        1.049999999999999935e-03
4.160000000000000142e+00        1.259309999999999929e+00        1.069999999999999988e-03
4.169999999999999929e+00        1.259289084043312634e+00        1.059999999999999961e-03
4.179999999999999716e+00        1.259239588432439660e+00        1.070411567560155403e-03
4.190000000000000391e+00        1.259200754117057341e+00        1.069999999999999988e-03
4.200000000000000178e+00        1.259102895647343567e+00        1.117104352656486535e-03
4.209999999999999964e+00        1.259097201350249495e+00        1.247201350249340247e-03
4.219999999999999751e+00        1.259130000000000082e+00        1.291145450458926289e-03
4.230000000000000426e+00        1.259223668344371383e+00        1.306331655628622992e-03
4.240000000000000213e+00        1.259191490272014713e+00        1.294470816043800498e-03
4.250000000000000000e+00        1.259434239385375687e+00        1.256720717061494833e-03
4.259999999999999787e+00        1.258856815292994868e+00        1.027414001908990475e-03
4.269999999999999574e+00        1.259206636282507175e+00        1.470011394059766822e-03
4.280000000000000249e+00        1.259299550815998092e+00        1.119775407998948799e-03
4.290000000000000036e+00        1.258993783736085170e+00        1.175878461850979112e-03
4.299999999999999822e+00        1.259368314634792041e+00        1.336741460831711130e-03
4.309999999999999609e+00        1.259191271615259788e+00        1.088728384740228787e-03
4.320000000000000284e+00        1.259056724447520592e+00        1.028850368319556485e-03
4.330000000000000071e+00        1.259030000000000094e+00        1.080133752456159278e-03
4.339999999999999858e+00        1.258964950132393845e+00        1.080000000000000014e-03
4.349999999999999645e+00        1.258920018204558344e+00        1.090018204558245015e-03
4.360000000000000320e+00        1.258869999999999933e+00        1.119999999999999902e-03
4.370009999999999728e+00        1.258830856543983412e+00        1.139143456016430793e-03
4.380010000000000403e+00        1.258796677251129426e+00        1.139999999999999954e-03
4.390010000000000190e+00        1.258750000000000036e+00        1.177255903886362774e-03
4.400009999999999977e+00        1.258729999999999905e+00        1.199999999999999895e-03
4.410009999999999764e+00        1.258715611955456115e+00        1.214388044543870167e-03
4.420010000000000439e+00        1.258702409057547822e+00        1.209999999999999921e-03
4.430010000000000225e+00        1.258679446100359423e+00        1.219999999999999947e-03
4.440010000000000012e+00        1.258659999999999890e+00        1.229999999999999974e-03
4.450009999999999799e+00        1.258604236079115868e+00        1.195763920884060708e-03
4.460009999999999586e+00        1.258559999999999901e+00        1.229999999999999974e-03
4.470010000000000261e+00        1.258529965694735075e+00        1.250034305264818325e-03
4.480010000000000048e+00        1.258510000000000018e+00        1.280000000000000105e-03
4.490009999999999835e+00        1.258490000000000109e+00        1.289999999999999914e-03
4.500009999999999621e+00        1.258465300778727647e+00        1.299999999999999940e-03
4.510010000000000296e+00        1.258434202619594489e+00        1.305797380405465842e-03
4.520010000000000083e+00        1.258410000000000029e+00        1.316669509403943202e-03
4.530009999999999870e+00        1.258389999999999898e+00        1.330000000000000019e-03
4.540009999999999657e+00        1.258362258537239153e+00        1.340000000000000045e-03
4.550010000000000332e+00        1.258342055984838614e+00        1.350000000000000071e-03
4.560010000000000119e+00        1.258310000000000040e+00        1.357926488394749958e-03
4.570009999999999906e+00        1.258289999999999909e+00        1.369999999999999907e-03
4.580009999999999692e+00        1.258272763498896829e+00        1.369999999999999907e-03
4.590010000000000367e+00        1.258233433066599627e+00        1.379999999999999933e-03
4.600010000000000154e+00        1.258219999999999894e+00        1.389999999999999960e-03
4.610009999999999941e+00        1.258185414118064172e+00        1.389999999999999960e-03
4.620009999999999728e+00        1.258150000000000102e+00        1.403277290996018164e-03
4.630010000000000403e+00        1.258129999999999971e+00        1.420000000000000038e-03
4.640010000000000190e+00        1.258109937785156118e+00        1.420000000000000038e-03
4.650009999999999977e+00        1.258071905197305496e+00        1.430000000000000064e-03
4.660009999999999764e+00        1.258049999999999891e+00        1.445952501895630439e-03
4.670010000000000439e+00        1.258019999999999916e+00        1.453605678962711532e-03
4.680010000000000225e+00        1.258019999999999916e+00        1.468944405122340644e-03
4.690010000000000012e+00        1.257983394944320210e+00        1.449999999999999900e-03
4.700009999999999799e+00        1.257944651929579605e+00        1.459999999999999926e-03
4.710009999999999586e+00        1.257925610520883364e+00        1.462194739558286567e-03
4.720010000000000261e+00        1.257891157162760676e+00        1.468842837239216692e-03
4.730010000000000048e+00        1.257859999999999978e+00        1.479999999999999979e-03
4.740009999999999835e+00        1.257819999999999938e+00        1.490000000000000005e-03
4.750009999999999621e+00        1.257789999999999964e+00        1.497607477692476695e-03
4.760010000000000296e+00        1.257759999999999989e+00        1.510000000000000057e-03
4.770010000000000083e+00        1.257730851817582485e+00        1.510000000000000057e-03
4.780009999999999870e+00        1.257705369793205241e+00        1.520000000000000084e-03
4.790009999999999657e+00        1.257670000000000066e+00        1.520000000000000084e-03
4.800010000000000332e+00        1.257624972618034187e+00        1.529999999999999893e-03
4.810019999999999740e+00        1.257600000000000051e+00        1.549999999999999946e-03
4.820020000000000415e+00        1.257560000000000011e+00        1.559999999999999972e-03
4.830020000000000202e+00        1.257530735183740145e+00        1.569999999999999998e-03
4.840019999999999989e+00        1.257500000000000062e+00        1.580000000000000024e-03
4.850019999999999776e+00        1.257470000000000088e+00        1.590000000000000050e-03
4.860019999999999563e+00        1.257428200793467177e+00        1.600000000000000077e-03
4.870020000000000238e+00        1.257398771706806917e+00        1.610000000000000103e-03
4.880020000000000024e+00        1.257370749163205792e+00        1.619999999999999912e-03
4.890019999999999811e+00        1.257337292317874944e+00        1.629999999999999939e-03
4.900019999999999598e+00        1.257304012529189663e+00        1.639999999999999965e-03
4.910020000000000273e+00        1.257270000000000110e+00        1.660000000000000017e-03
4.920020000000000060e+00        1.257230000000000070e+00        1.662020069403399207e-03
4.930019999999999847e+00        1.257195225987617793e+00        1.674774012382161887e-03
4.940019999999999634e+00        1.257162644527950235e+00        1.687355472049805469e-03
4.950020000000000309e+00        1.257130234455779094e+00        1.690000000000000096e-03
4.960020000000000095e+00        1.257085993666649415e+00        1.699999999999999905e-03
4.970019999999999882e+00        1.257045929018506314e+00        1.719999999999999958e-03
4.980019999999999669e+00        1.257014029696305712e+00        1.729999999999999984e-03
4.990020000000000344e+00        1.256972298070760274e+00        1.740000000000000010e-03
