# wav(mic), n, k
2.999999999999999889e-01        1.242299999999999960e+00        1.061600000000000041e-12
3.099999999999999978e-01        1.242299999999999960e+00        1.061600000000000041e-12
3.200000000000000067e-01        1.242299999999999960e+00        1.061600000000000041e-12
3.300000000000000155e-01        1.242299999999999960e+00        1.061600000000000041e-12
3.400000000000000244e-01        1.242299999999999960e+00        1.061600000000000041e-12
3.499999999999999778e-01        1.242299999999999960e+00        1.061600000000000041e-12
3.599999999999999867e-01        1.242299999999999960e+00        1.061600000000000041e-12
3.699999999999999956e-01        1.242299999999999960e+00        1.061600000000000041e-12
3.800000000000000044e-01        1.242299999999999960e+00        1.061600000000000041e-12
3.900000000000000133e-01        1.242299999999999960e+00        1.061600000000000041e-12
4.000000000000000222e-01        1.242299999999999960e+00        1.061600000000000041e-12
4.099999999999999756e-01        1.242299999999999960e+00        1.061600000000000041e-12
4.199999999999999845e-01        1.242299999999999960e+00        1.061600000000000041e-12
4.299999999999999933e-01        1.242299999999999960e+00        1.061600000000000041e-12
4.400000000000000022e-01        1.242299999999999960e+00        1.061600000000000041e-12
4.500000000000000111e-01        1.242299999999999960e+00        1.061600000000000041e-12
4.600000000000000200e-01        1.242299999999999960e+00        1.061600000000000041e-12
4.699999999999999734e-01        1.242299999999999960e+00        1.061600000000000041e-12
4.799999999999999822e-01        1.242299999999999960e+00        1.061600000000000041e-12
4.899999999999999911e-01        1.242299999999999960e+00        1.061600000000000041e-12
5.000000000000000000e-01        1.242299999999999960e+00        1.061600000000000041e-12
5.100000000000000089e-01        1.242299999999999960e+00        1.061600000000000041e-12
5.200000000000000178e-01        1.242299999999999960e+00        1.061600000000000041e-12
5.300000000000000266e-01        1.242299999999999960e+00        1.061600000000000041e-12
5.400000000000000355e-01        1.242299999999999960e+00        1.061600000000000041e-12
5.500000000000000444e-01        1.242299999999999960e+00        1.061600000000000041e-12
5.600000000000000533e-01        1.242299999999999960e+00        1.061600000000000041e-12
5.699999999999999512e-01        1.242299999999999960e+00        1.061600000000000041e-12
5.799999999999999600e-01        1.242299999999999960e+00        1.061600000000000041e-12
5.899999999999999689e-01        1.242299999999999960e+00        1.061600000000000041e-12
5.999999999999999778e-01        1.242299999999999960e+00        1.061600000000000041e-12
6.099999999999999867e-01        1.242299999999999960e+00        1.061600000000000041e-12
6.199999999999999956e-01        1.242299999999999960e+00        1.061600000000000041e-12
6.300000000000000044e-01        1.242299999999999960e+00        1.061600000000000041e-12
6.400000000000000133e-01        1.242299999999999960e+00        1.061600000000000041e-12
6.500000000000000222e-01        1.242299999999999960e+00        1.061600000000000041e-12
6.600000000000000311e-01        1.242299999999999960e+00        1.061600000000000041e-12
6.700000000000000400e-01        1.242299999999999960e+00        1.061600000000000041e-12
6.800000000000000488e-01        1.242299999999999960e+00        1.061600000000000041e-12
6.899999999999999467e-01        1.242299999999999960e+00        1.061600000000000041e-12
6.999999999999999556e-01        1.242299999999999960e+00        1.061600000000000041e-12
7.099999999999999645e-01        1.242299999999999960e+00        1.061600000000000041e-12
7.199999999999999734e-01        1.242299999999999960e+00        1.061600000000000041e-12
7.299999999999999822e-01        1.242299999999999960e+00        1.061600000000000041e-12
7.399999999999999911e-01        1.242299999999999960e+00        1.061600000000000041e-12
7.500000000000000000e-01        1.242299999999999960e+00        1.061600000000000041e-12
7.600000000000000089e-01        1.242299999999999960e+00        1.061600000000000041e-12
7.700000000000000178e-01        1.242299999999999960e+00        1.061600000000000041e-12
7.800000000000000266e-01        1.242299999999999960e+00        1.061600000000000041e-12
7.900000000000000355e-01        1.242299999999999960e+00        1.061600000000000041e-12
8.000000000000000444e-01        1.242299999999999960e+00        1.061600000000000041e-12
8.100000000000000533e-01        1.242299999999999960e+00        1.061600000000000041e-12
8.199999999999999512e-01        1.242299999999999960e+00        1.061600000000000041e-12
8.299999999999999600e-01        1.242299999999999960e+00        1.061600000000000041e-12
8.399999999999999689e-01        1.242299999999999960e+00        1.061600000000000041e-12
8.499999999999999778e-01        1.242299999999999960e+00        1.061600000000000041e-12
8.599999999999999867e-01        1.242299999999999960e+00        1.061600000000000041e-12
8.699999999999999956e-01        1.242299999999999960e+00        1.061600000000000041e-12
8.800000000000000044e-01        1.242299999999999960e+00        1.061600000000000041e-12
8.900000000000000133e-01        1.242299999999999960e+00        1.061600000000000041e-12
9.000000000000000222e-01        1.242299999999999960e+00        1.061600000000000041e-12
9.100000000000000311e-01        1.242299999999999960e+00        1.061600000000000041e-12
9.200000000000000400e-01        1.242299999999999960e+00        1.061600000000000041e-12
9.300000000000000488e-01        1.242299999999999960e+00        1.061600000000000041e-12
9.399999999999999467e-01        1.242299999999999960e+00        1.061600000000000041e-12
9.499999999999999556e-01        1.242299999999999960e+00        1.061600000000000041e-12
9.599999999999999645e-01        1.242299999999999960e+00        1.061600000000000041e-12
9.699999999999999734e-01        1.242299999999999960e+00        1.061600000000000041e-12
9.799999999999999822e-01        1.242299999999999960e+00        1.061600000000000041e-12
9.899999999999999911e-01        1.242299999999999960e+00        1.061600000000000041e-12
1.000000000000000000e+00        1.242299999999999960e+00        1.061600000000000041e-12
1.010000000000000009e+00        1.242299999999999960e+00        1.061600000000000041e-12
1.020000000000000018e+00        1.242299999999999960e+00        1.061600000000000041e-12
1.030000000000000027e+00        1.242299999999999960e+00        1.061600000000000041e-12
1.040000000000000036e+00        1.242299999999999960e+00        1.061600000000000041e-12
1.050000000000000044e+00        1.242299999999999960e+00        1.061600000000000041e-12
1.060000000000000053e+00        1.242299999999999960e+00        1.061600000000000041e-12
1.070000000000000062e+00        1.242299999999999960e+00        1.061600000000000041e-12
1.080000000000000071e+00        1.242299999999999960e+00        1.061600000000000041e-12
1.090000000000000080e+00        1.242299999999999960e+00        1.061600000000000041e-12
1.100000000000000089e+00        1.242299999999999960e+00        1.061600000000000041e-12
1.110000000000000098e+00        1.242299999999999960e+00        1.061600000000000041e-12
1.120000000000000107e+00        1.242299999999999960e+00        1.061600000000000041e-12
1.129999999999999893e+00        1.242299999999999960e+00        1.061600000000000041e-12
1.139999999999999902e+00        1.242299999999999960e+00        1.061600000000000041e-12
1.149999999999999911e+00        1.242299999999999960e+00        1.061600000000000041e-12
1.159999999999999920e+00        1.242299999999999960e+00        1.061600000000000041e-12
1.169999999999999929e+00        1.242299999999999960e+00        1.061600000000000041e-12
1.179999999999999938e+00        1.242299999999999960e+00        1.061600000000000041e-12
1.189999999999999947e+00        1.242299999999999960e+00        1.061600000000000041e-12
1.199999999999999956e+00        1.242299999999999960e+00        1.061600000000000041e-12
1.209999999999999964e+00        1.242299999999999960e+00        1.061600000000000041e-12
1.219999999999999973e+00        1.242299999999999960e+00        1.061600000000000041e-12
1.229999999999999982e+00        1.242299999999999960e+00        1.061600000000000041e-12
1.239999999999999991e+00        1.242299999999999960e+00        1.061600000000000041e-12
1.250000000000000000e+00        1.242299999999999960e+00        1.061600000000000041e-12
1.260000000000000009e+00        1.242299999999999960e+00        1.061600000000000041e-12
1.270000000000000018e+00        1.242299999999999960e+00        1.061600000000000041e-12
1.280000000000000027e+00        1.242299999999999960e+00        1.061600000000000041e-12
1.290000000000000036e+00        1.242299999999999960e+00        1.061600000000000041e-12
1.300000000000000044e+00        1.242299999999999960e+00        1.061600000000000041e-12
1.310000000000000053e+00        1.242299999999999960e+00        1.061600000000000041e-12
1.320000000000000062e+00        1.242299999999999960e+00        1.061600000000000041e-12
1.330000000000000071e+00        1.242299999999999960e+00        1.061600000000000041e-12
1.340000000000000080e+00        1.242299999999999960e+00        1.061600000000000041e-12
1.350000000000000089e+00        1.242299999999999960e+00        1.061600000000000041e-12
1.360000000000000098e+00        1.242299999999999960e+00        1.061600000000000041e-12
1.370000000000000107e+00        1.242299999999999960e+00        1.061600000000000041e-12
1.379999999999999893e+00        1.242299999999999960e+00        1.061600000000000041e-12
1.389999999999999902e+00        1.242299999999999960e+00        1.061600000000000041e-12
1.399999999999999911e+00        1.242299999999999960e+00        1.061600000000000041e-12
1.409999999999999920e+00        1.242299999999999960e+00        1.061600000000000041e-12
1.419999999999999929e+00        1.242299999999999960e+00        1.061600000000000041e-12
1.429999999999999938e+00        1.242299999999999960e+00        1.061600000000000041e-12
1.439999999999999947e+00        1.242299999999999960e+00        1.061600000000000041e-12
1.449999999999999956e+00        1.242299999999999960e+00        1.061600000000000041e-12
1.459999999999999964e+00        1.242299999999999960e+00        1.061600000000000041e-12
1.469999999999999973e+00        1.242299999999999960e+00        1.061600000000000041e-12
1.479999999999999982e+00        1.242299999999999960e+00        1.061600000000000041e-12
1.489999999999999991e+00        1.242299999999999960e+00        1.061600000000000041e-12
1.500000000000000000e+00        1.242299999999999960e+00        1.061600000000000041e-12
1.510000000000000009e+00        1.242299999999999960e+00        1.061600000000000041e-12
1.520000000000000018e+00        1.242299999999999960e+00        1.061600000000000041e-12
1.530000000000000027e+00        1.242299999999999960e+00        1.061600000000000041e-12
1.540000000000000036e+00        1.242299999999999960e+00        1.061600000000000041e-12
1.550000000000000044e+00        1.242299999999999960e+00        1.061600000000000041e-12
1.560000000000000053e+00        1.242299999999999960e+00        1.061600000000000041e-12
1.570000000000000062e+00        1.242299999999999960e+00        1.061600000000000041e-12
1.580000000000000071e+00        1.242299999999999960e+00        1.061600000000000041e-12
1.590000000000000080e+00        1.242299999999999960e+00        1.061600000000000041e-12
1.600000000000000089e+00        1.242299999999999960e+00        1.061600000000000041e-12
1.610000000000000098e+00        1.242299999999999960e+00        1.061600000000000041e-12
1.620000000000000107e+00        1.242299999999999960e+00        1.061600000000000041e-12
1.629999999999999893e+00        1.242299999999999960e+00        1.061600000000000041e-12
1.639999999999999902e+00        1.242299999999999960e+00        1.061600000000000041e-12
1.649999999999999911e+00        1.242299999999999960e+00        1.061600000000000041e-12
1.659999999999999920e+00        1.242299999999999960e+00        1.061600000000000041e-12
1.669999999999999929e+00        1.242299999999999960e+00        4.139718235384179116e-06
1.679999999999999938e+00        1.242299999999999960e+00        1.687732587041858187e-05
1.689999999999999947e+00        1.242299999999999960e+00        2.961493350545298293e-05
1.699999999999999956e+00        1.242299999999999960e+00        4.235254114048738399e-05
1.709999999999999964e+00        1.242299999999999960e+00        5.509014877552179183e-05
1.719999999999999973e+00        1.242299999999999960e+00        6.782775641055619289e-05
1.729999999999999982e+00        1.242299999999999960e+00        8.056536404559060073e-05
1.739999999999999991e+00        1.242299999999999960e+00        9.330297168062499501e-05
1.750000000000000000e+00        1.242299999999999960e+00        1.060405793156594028e-04
1.760000000000000009e+00        1.242299999999999960e+00        1.187781869506938107e-04
1.770000000000000018e+00        1.242299999999999960e+00        1.315157945857282050e-04
1.780000000000000027e+00        1.242299999999999960e+00        1.442534022207626128e-04
1.790000000000000036e+00        1.242299999999999960e+00        1.569910098557970206e-04
1.800000000000000044e+00        1.242299999999999960e+00        1.697286174908314285e-04
1.810000000000000053e+00        1.242299999999999960e+00        1.824662251258658092e-04
1.820000000000000062e+00        1.242299999999999960e+00        1.952038327609002171e-04
1.830000000000000071e+00        1.242299999999999960e+00        2.079414403959346249e-04
1.840000000000000080e+00        1.242299999999999960e+00        2.206790480309690327e-04
1.850000000000000089e+00        1.242299999999999960e+00        2.334166556660034406e-04
1.860000000000000098e+00        1.242299999999999960e+00        2.461542633010378755e-04
1.870000000000000107e+00        1.242299999999999960e+00        2.588918709360722562e-04
1.879999999999999893e+00        1.242299999999999960e+00        2.716294785711063659e-04
1.889999999999999902e+00        1.242299999999999960e+00        2.843670862061408009e-04
1.899999999999999911e+00        1.242299999999999960e+00        2.971046938411751816e-04
1.909999999999999920e+00        1.242299999999999960e+00        3.098423014762096165e-04
1.919999999999999929e+00        1.242299999999999960e+00        3.225799091112439973e-04
1.929999999999999938e+00        1.242299999999999960e+00        3.353175167462783780e-04
1.939999999999999947e+00        1.242299999999999960e+00        3.480551243813128129e-04
1.949999999999999956e+00        1.242299999999999960e+00        3.607927320163471937e-04
1.959999999999999964e+00        1.242299999999999960e+00        3.735303396513816286e-04
1.969999999999999973e+00        1.242299999999999960e+00        3.862679472864160093e-04
1.979999999999999982e+00        1.242299999999999960e+00        3.990055549214503901e-04
1.989999999999999991e+00        1.242299999999999960e+00        4.117431625564848250e-04
2.000000000000000000e+00        1.242299999999999960e+00        4.244807701915192058e-04
2.009999999999999787e+00        1.242299999999999960e+00        4.372183778265533154e-04
2.020000000000000018e+00        1.242299999999999960e+00        4.499559854615880214e-04
2.029999999999999805e+00        1.242299999999999960e+00        4.626935930966221311e-04
2.040000000000000036e+00        1.242299999999999960e+00        4.754312007316568371e-04
2.049999999999999822e+00        1.242299999999999960e+00        4.881688083666909468e-04
2.060000000000000053e+00        1.242299999999999960e+00        5.009064160017256528e-04
2.069999999999999840e+00        1.242299999999999960e+00        5.136440236367597082e-04
2.080000000000000071e+00        1.242299999999999960e+00        5.263816312717944142e-04
2.089999999999999858e+00        1.242299999999999960e+00        5.391192389068285781e-04
2.100000000000000089e+00        1.242299999999999960e+00        5.518568465418632841e-04
2.109999999999999876e+00        1.242299999999999960e+00        5.645944541768973396e-04
2.120000000000000107e+00        1.242299999999999960e+00        5.773320618119320456e-04
2.129999999999999893e+00        1.242299999999999960e+00        5.900696694469662095e-04
2.140000000000000124e+00        1.242299999999999960e+00        6.028072770820008070e-04
2.149999999999999911e+00        1.242299999999999960e+00        6.155448847170349709e-04
2.160000000000000142e+00        1.242299999999999960e+00        6.282824923520696769e-04
2.169999999999999929e+00        1.242299999999999960e+00        6.410200999871037324e-04
2.180000000000000160e+00        1.242299999999999960e+00        6.537577076221384384e-04
2.189999999999999947e+00        1.242299999999999960e+00        6.664953152571726023e-04
2.200000000000000178e+00        1.242299999999999960e+00        6.792329228922073083e-04
2.209999999999999964e+00        1.242299999999999960e+00        6.919705305272413638e-04
2.220000000000000195e+00        1.242299999999999960e+00        7.047081381622760697e-04
2.229999999999999982e+00        1.242299999999999960e+00        7.174457457973102336e-04
2.240000000000000213e+00        1.242299999999999960e+00        7.301833534323449396e-04
2.250000000000000000e+00        1.242299999999999960e+00        7.429209610673789951e-04
2.259999999999999787e+00        1.242299999999999960e+00        7.556585687024131590e-04
2.270000000000000018e+00        1.242299999999999960e+00        7.683961763374478650e-04
2.279999999999999805e+00        1.242299999999999960e+00        7.811337839724819205e-04
2.290000000000000036e+00        1.242299999999999960e+00        7.938713916075166264e-04
2.299999999999999822e+00        1.242299999999999960e+00        8.066089992425507903e-04
2.310000000000000053e+00        1.242299999999999960e+00        8.193466068775853879e-04
2.319999999999999840e+00        1.242299999999999960e+00        8.320842145126195518e-04
2.330000000000000071e+00        1.242299999999999960e+00        8.448218221476542578e-04
2.339999999999999858e+00        1.242299999999999960e+00        8.575594297826883133e-04
2.350000000000000089e+00        1.242299999999999960e+00        8.702970374177230193e-04
2.359999999999999876e+00        1.242299999999999960e+00        8.830346450527571832e-04
2.370000000000000107e+00        1.242299999999999960e+00        8.957722526877918891e-04
2.379999999999999893e+00        1.242299999999999960e+00        9.085098603228259446e-04
2.390000000000000124e+00        1.242299999999999960e+00        9.212474679578606506e-04
2.399999999999999911e+00        1.242299999999999960e+00        9.339850755928948145e-04
2.410000000000000142e+00        1.242299999999999960e+00        9.467226832279294121e-04
2.419999999999999929e+00        1.242299999999999960e+00        9.594602908629635760e-04
2.430000000000000160e+00        1.242299999999999960e+00        9.721978984979982820e-04
2.439999999999999947e+00        1.242299999999999960e+00        9.849355061330323374e-04
2.450000000000000178e+00        1.242299999999999960e+00        9.976731137680671518e-04
2.459999999999999964e+00        1.242299999999999960e+00        1.010410721403101099e-03
2.470000000000000195e+00        1.242299999999999960e+00        1.023148329038135913e-03
2.479999999999999982e+00        1.242299999999999960e+00        1.035885936673170077e-03
2.490000000000000213e+00        1.242299999999999960e+00        1.048623544308204675e-03
2.500000000000000000e+00        1.242299999999999960e+00        1.061361151943238839e-03
2.509999999999999787e+00        1.241737688605714318e+00        1.006807544228571468e-03
2.520000000000000018e+00        1.240050580222856969e+00        9.258299836357123530e-04
2.529999999999999805e+00        1.238389241416000042e+00        6.498137960724139966e-04
2.540000000000000036e+00        1.236034399999999867e+00        3.881160799999983069e-04
2.549999999999999822e+00        1.233895818559999968e+00        2.784957012000018398e-04
2.560000000000000053e+00        1.231517882788571550e+00        1.192099999999999935e-07
2.569999999999999840e+00        1.228790042367999824e+00        1.080717950153170431e-06
2.580000000000000071e+00        1.226195588345714294e+00        1.192099999999999935e-07
2.589999999999999858e+00        1.223240785888000115e+00        1.192099999999999935e-07
2.600000000000000089e+00        1.220179127685714127e+00        1.192099999999999935e-07
2.609999999999999876e+00        1.216903550528000144e+00        1.192099999999999935e-07
2.620000000000000107e+00        1.213126862628571390e+00        1.192099999999999935e-07
2.629999999999999893e+00        1.209723284557142842e+00        1.192099999999999935e-07
2.640000000000000124e+00        1.205634381866666605e+00        1.192099999999999935e-07
2.649999999999999911e+00        1.201651790714285628e+00        1.192099999999999935e-07
2.660000000000000142e+00        1.196878256707142985e+00        1.192099999999999935e-07
2.669999999999999929e+00        1.192109210475000181e+00        1.192099999999999935e-07
2.680000000000000160e+00        1.186418606171428580e+00        1.192099999999999935e-07
2.689999999999999947e+00        1.180748866464000013e+00        1.192099999999999935e-07
2.700000000000000178e+00        1.173781796573333036e+00        1.192099999999999935e-07
2.709999999999999964e+00        1.168374769976000094e+00        8.219828968476489530e-04
2.720000000000000195e+00        1.161080491519999924e+00        1.448611893529576106e-04
2.729999999999999982e+00        1.152715351370666719e+00        1.533916317078671014e-03
2.740000000000000213e+00        1.143825035428571057e+00        2.661217193828634142e-03
2.750000000000000000e+00        1.133910974800000249e+00        4.428873148999946767e-03
2.759999999999999787e+00        1.123132999485714656e+00        7.347456792885525070e-03
2.770000000000000018e+00        1.111636383175000020e+00        1.127228277550000254e-02
2.779999999999999805e+00        1.099276351000000096e+00        1.621479524999988597e-02
2.790000000000000036e+00        1.086329483500000137e+00        2.234460172199996195e-02
2.799999999999999822e+00        1.072823840000000084e+00        2.996955799999999684e-02
2.810000000000000053e+00        1.058440231509333307e+00        3.903610793557342473e-02
2.819999999999999840e+00        1.042792708504000077e+00        4.989794043432000531e-02
2.830000000000000071e+00        1.026586474268570637e+00        6.342369074497210268e-02
2.839999999999999858e+00        1.010057617215999848e+00        8.044241877824025166e-02
2.850000000000000089e+00        9.938587252319995846e-01        1.015676918586673333e-01
2.859999999999999876e+00        9.790738403840003601e-01        1.266902952295992923e-01
2.870000000000000107e+00        9.669134387488000915e-01        1.562603691519997562e-01
2.879999999999999893e+00        9.593738469888000164e-01        1.897795752959996751e-01
2.890000000000000124e+00        9.570377042050000060e-01        2.263516667824998496e-01
2.899999999999999911e+00        9.602090400999998554e-01        2.624493814999989683e-01
2.910000000000000142e+00        9.695756203925002259e-01        2.981783380900010494e-01
2.919999999999999929e+00        9.834701896680000388e-01        3.326012210740000863e-01
2.930000000000000160e+00        1.001307405093333713e+00        3.630387193412005220e-01
2.939999999999999947e+00        1.021354774117333220e+00        3.904135835471998495e-01
2.950000000000000178e+00        1.043118882971428851e+00        4.150472573057144565e-01
2.959999999999999964e+00        1.065576130742856620e+00        4.376318828799996008e-01
2.970000000000000195e+00        1.088692267000000768e+00        4.581767720000007316e-01
2.979999999999999982e+00        1.111746244342857626e+00        4.776830144221432262e-01
2.990000000000000213e+00        1.136300310732001106e+00        4.974427020180010039e-01
3.000000000000000000e+00        1.163237689142857079e+00        5.176368457142856983e-01
3.009999999999999787e+00        1.193422265359999068e+00        5.362596612639993765e-01
3.020000000000000018e+00        1.228268438392857043e+00        5.536703526785714535e-01
3.029999999999999805e+00        1.265375786153571269e+00        5.681864551703570410e-01
3.040000000000000036e+00        1.307994613760000924e+00        5.775426366720000093e-01
3.049999999999999822e+00        1.351945347199999370e+00        5.806523422628572240e-01
3.060000000000000053e+00        1.396204059839999623e+00        5.773111670192001554e-01
3.069999999999999840e+00        1.438432622499998592e+00        5.680518976875004178e-01
3.080000000000000071e+00        1.478870805360000373e+00        5.526782367327998102e-01
3.089999999999999858e+00        1.515172480192000348e+00        5.334574759303998270e-01
3.100000000000000089e+00        1.548280517099999809e+00        5.108958088071430259e-01
3.109999999999999876e+00        1.578542260160000099e+00        4.863471500832000083e-01
3.120000000000000107e+00        1.604937469257142979e+00        4.605562501942856435e-01
3.129999999999999893e+00        1.628982200807142844e+00        4.321049619746429316e-01
3.140000000000000124e+00        1.648875644848000199e+00        4.024827568223997565e-01
3.149999999999999911e+00        1.666395335759999874e+00        3.714464837813336584e-01
3.160000000000000142e+00        1.680442923400000010e+00        3.394583295899994968e-01
3.169999999999999929e+00        1.690477401274285807e+00        3.071007235651422307e-01
3.180000000000000160e+00        1.697115296906666737e+00        2.744550812832003417e-01
3.189999999999999947e+00        1.700185977599999898e+00        2.425905273600007239e-01
3.200000000000000178e+00        1.699980023039999955e+00        2.112385322239992980e-01
3.209999999999999964e+00        1.696089237350000056e+00        1.806661511110004281e-01
3.220000000000000195e+00        1.689390776091428403e+00        1.522670777417133026e-01
3.229999999999999982e+00        1.679177240039285701e+00        1.254263459678570392e-01
3.240000000000000213e+00        1.666602666559999557e+00        1.013343271359995051e-01
3.250000000000000000e+00        1.651782563857143060e+00        8.090000827500026803e-02
3.259999999999999787e+00        1.635943220800000653e+00        6.342654803200048486e-02
3.270000000000000018e+00        1.619464384482142805e+00        5.009591192987856295e-02
3.279999999999999805e+00        1.603301060800000455e+00        3.941843331328019617e-02
3.290000000000000036e+00        1.587809392085714588e+00        3.147582314728583630e-02
3.299999999999999822e+00        1.573051381973333163e+00        2.612681200213331362e-02
3.310000000000000053e+00        1.559490531529999835e+00        2.457667663680002113e-02
3.319999999999999840e+00        1.551864047771428723e+00        2.678758767314277922e-02
3.330000000000000071e+00        1.550173605349999928e+00        1.935023084729977499e-02
3.339999999999999858e+00        1.538444927931429174e+00        1.139134646422882043e-02
3.350000000000000089e+00        1.528183644124999851e+00        8.493339113499982773e-03
3.359999999999999876e+00        1.519290664639999955e+00        6.853774555007985728e-03
3.370000000000000107e+00        1.511583440627999986e+00        5.606685101591978027e-03
3.379999999999999893e+00        1.504311455057143032e+00        4.296162600021485693e-03
3.390000000000000124e+00        1.497823323371428428e+00        3.420990809417085495e-03
3.399999999999999911e+00        1.491840443000000294e+00        2.817439047299979179e-03
3.410000000000000142e+00        1.486167665333333332e+00        2.029117631333325449e-03
3.419999999999999929e+00        1.480960959317333181e+00        1.531944131925313700e-03
3.430000000000000160e+00        1.475829749822857195e+00        1.235705950564281504e-03
3.439999999999999947e+00        1.471288443199999962e+00        1.099764536000005051e-03
3.450000000000000178e+00        1.467146710374999996e+00        9.227420653299984055e-04
3.459999999999999964e+00        1.463236722049999994e+00        2.726896977943021080e-04
3.470000000000000195e+00        1.459490511897142850e+00        1.836905052375692004e-04
3.479999999999999982e+00        1.455808349871428709e+00        2.770385665525655085e-04
3.490000000000000213e+00        1.452143197333333191e+00        3.258380412800505107e-05
3.500000000000000000e+00        1.449222494285714147e+00        4.827925691236998901e-05
3.509999999999999787e+00        1.445822502339285665e+00        1.192099999999999935e-07
3.520000000000000018e+00        1.442903248342857214e+00        1.256948005810307829e-04
3.529999999999999805e+00        1.440236200800000033e+00        2.840600599359939808e-04
3.540000000000000036e+00        1.437752941666666562e+00        4.301740933333318044e-04
3.549999999999999822e+00        1.435528909774999917e+00        5.579449097349982673e-04
3.560000000000000053e+00        1.433196791314285790e+00        2.017655422514292955e-04
3.569999999999999840e+00        1.430854419205714434e+00        3.278332863137140875e-04
3.580000000000000071e+00        1.428665393640000003e+00        1.192099999999999935e-07
3.589999999999999858e+00        1.426497459829333403e+00        6.679241289253348419e-05
3.600000000000000089e+00        1.424454125226666701e+00        1.691431769599996220e-04
3.609999999999999876e+00        1.422517816142857328e+00        2.642066637142865583e-04
3.620000000000000107e+00        1.420723156965714384e+00        3.522529321299987855e-04
3.629999999999999893e+00        1.418954524503571513e+00        4.358398535849988928e-04
3.640000000000000124e+00        1.417290583967999895e+00        5.131691447264016045e-04
3.649999999999999911e+00        1.415727018428571515e+00        5.847401020428557618e-04
3.660000000000000142e+00        1.414068103087999795e+00        2.123311903040362120e-04
3.669999999999999929e+00        1.412713075060000101e+00        2.223532566769981819e-04
3.680000000000000160e+00        1.411091029542857145e+00        2.892505240457146566e-04
3.689999999999999947e+00        1.409565461127999964e+00        3.497649002813319808e-04
3.700000000000000178e+00        1.408200412000000012e+00        4.060028962000004752e-04
3.709999999999999964e+00        1.406995733074666743e+00        4.557829035118655925e-04
3.720000000000000195e+00        1.405679266666666649e+00        4.066247581667632896e-06
3.729999999999999982e+00        1.403990094219999873e+00        5.823071700845049994e-05
3.740000000000000213e+00        1.402749351721428672e+00        1.028408745700000904e-04
3.750000000000000000e+00        1.401373374499999880e+00        1.484427897000010154e-04
3.759999999999999787e+00        1.400108847999999906e+00        1.911969471999989403e-04
3.770000000000000018e+00        1.398844004544000041e+00        2.319661420096015146e-04
3.779999999999999805e+00        1.397580539423999957e+00        2.716949473162658005e-04
3.790000000000000036e+00        1.396159342703999773e+00        3.108170989992018645e-04
3.799999999999999822e+00        1.395234222500000065e+00        8.589754527499993781e-04
3.810000000000000053e+00        1.394110300104285605e+00        8.936721565794293045e-04
3.819999999999999840e+00        1.393160157904000052e+00        9.244887339015995424e-04
3.830000000000000071e+00        1.392122152303999938e+00        9.546145120440009549e-04
3.839999999999999858e+00        1.391013373952000087e+00        9.846615887445324660e-04
3.850000000000000089e+00        1.389843250114285667e+00        1.014329496114287467e-03
3.859999999999999876e+00        1.388905258057142822e+00        1.567947613257142424e-03
3.870000000000000107e+00        1.388082787451428546e+00        1.592464738811429602e-03
3.879999999999999893e+00        1.387262629375999978e+00        1.617409006847999589e-03
3.890000000000000124e+00        1.386278851388000000e+00        1.641806958812001144e-03
3.899999999999999911e+00        1.385243245642857168e+00        1.666417499178571423e-03
3.910000000000000142e+00        1.384416325144000037e+00        2.223730669096000544e-03
3.919999999999999929e+00        1.383731511599999964e+00        2.244946454199999927e-03
3.930000000000000160e+00        1.382932766795714308e+00        2.266697213505000814e-03
3.939999999999999947e+00        1.382038747157142922e+00        2.288039441807142478e-03
3.950000000000000178e+00        1.380849387650000093e+00        2.718348246375073326e-03
3.959999999999999964e+00        1.380467019733333300e+00        2.870325565866666852e-03
3.970000000000000195e+00        1.379692254615999980e+00        2.889924271139999654e-03
3.979999999999999982e+00        1.378908978214285819e+00        2.909689011964285490e-03
3.990000000000000213e+00        1.377899999999999903e+00        3.477570906194666755e-03
4.000000000000000000e+00        1.377480028799999978e+00        3.495339366400000269e-03
4.009999999999999787e+00        1.376804687223571522e+00        3.514098449386427164e-03
4.019999999999999574e+00        1.375754979584000059e+00        3.657684450431903170e-03
4.030000000000000249e+00        1.375452653614666731e+00        4.104377933725333362e-03
4.040000000000000036e+00        1.374829847669333249e+00        4.122516550218667183e-03
4.049999999999999822e+00        1.374005117464285775e+00        4.140595091982142775e-03
4.059999999999999609e+00        1.373383620824000007e+00        4.718320683743999593e-03
4.070000000000000284e+00        1.372866844000000031e+00        4.736258864000000152e-03
4.080000000000000071e+00        1.372145841125714361e+00        4.754158224240000348e-03
4.089999999999999858e+00        1.371599999999999930e+00        5.337161858474999410e-03
4.099999999999999645e+00        1.371146361899999944e+00        5.355556857249999317e-03
4.110000000000000320e+00        1.370527159832857222e+00        5.373502483677143962e-03
4.120000000000000107e+00        1.369894365647999823e+00        5.961723916752001071e-03
4.129999999999999893e+00        1.369500500712000024e+00        5.980974964400001710e-03
4.139999999999999680e+00        1.368994137185714388e+00        5.999228981914285670e-03
4.150000000000000355e+00        1.368186840360714251e+00        6.016671075310714607e-03
4.160000000000000142e+00        1.367789749333333305e+00        6.612702282666667666e-03
4.169999999999999929e+00        1.367284213735999954e+00        6.631470977203999563e-03
4.179999999999999716e+00        1.366396302074666780e+00        6.669999425855908937e-03
4.190000000000000391e+00        1.366202490342857123e+00        7.250777973200001406e-03
4.200000000000000178e+00        1.365430493439999893e+00        7.269173091840000316e-03
4.209999999999999964e+00        1.365219804166666551e+00        7.876430575000000975e-03
4.219999999999999751e+00        1.364493690064000120e+00        7.895963419018665885e-03
4.230000000000000426e+00        1.364240456682142888e+00        8.508353512435715138e-03
4.240000000000000213e+00        1.363669450782857062e+00        8.529114721851428424e-03
4.250000000000000000e+00        1.363474381089285536e+00        9.145962753553572508e-03
4.259999999999999787e+00        1.362794134750000108e+00        9.202479187999955401e-03
4.269999999999999574e+00        1.362708602891428589e+00        9.791115003382857770e-03
4.280000000000000249e+00        1.362164111542857103e+00        9.813933099885714662e-03
4.290000000000000036e+00        1.362000000000000099e+00        1.044198731639999975e-02
4.299999999999999822e+00        1.361484393314285724e+00        1.055951291657145075e-02
4.309999999999999609e+00        1.361406118810714272e+00        1.109957168325000076e-02
4.320000000000000284e+00        1.360910359645714163e+00        1.112516067257142936e-02
4.330000000000000071e+00        1.360869214503571456e+00        1.176346283971428652e-02
4.339999999999999858e+00        1.360503166357333482e+00        1.179174669141333162e-02
4.349999999999999645e+00        1.360200000000000076e+00        1.243410225199999795e-02
4.360000000000000320e+00        1.359699999999999909e+00        1.264732071428572961e-02
4.370009999999999728e+00        1.359608290515230689e+00        1.311125385362923827e-02
4.380010000000000403e+00        1.359499999999999931e+00        1.376333296302240106e-02
4.390010000000000190e+00        1.359213383084163951e+00        1.441760597009968115e-02
4.400009999999999977e+00        1.359156307685901233e+00        1.445446615413444047e-02
4.410009999999999764e+00        1.359271250505200035e+00        1.511787494947999799e-02
4.420010000000000439e+00        1.359265936765131411e+00        1.578378588973354535e-02
4.430010000000000225e+00        1.359233062991439978e+00        1.582234685042799988e-02
4.440010000000000012e+00        1.359389481321953586e+00        1.649573775863442601e-02
4.450009999999999799e+00        1.359499999999999931e+00        1.677009859228388231e-02
4.460009999999999586e+00        1.359699999999999909e+00        1.721601938110767921e-02
4.470010000000000261e+00        1.360031221561157411e+00        1.789905880295045507e-02
4.480010000000000048e+00        1.360400000000000054e+00        1.794486109926062695e-02
4.490009999999999835e+00        1.360422219561000068e+00        1.813176032015995781e-02
4.500009999999999621e+00        1.361126072937324238e+00        1.868082510561269727e-02
4.510010000000000296e+00        1.361600714991790584e+00        1.872910009885070046e-02
4.520010000000000083e+00        1.362041017869966675e+00        1.877715268049500244e-02
4.530009999999999870e+00        1.362559892128351935e+00        1.882519244898463867e-02
4.540009999999999657e+00        1.363169742054415989e+00        1.887461532704060030e-02
4.550010000000000332e+00        1.363599999999999923e+00        1.827102409574350023e-02
4.560010000000000119e+00        1.364144439652468010e+00        1.831722198262339743e-02
4.570009999999999906e+00        1.364215775830771582e+00        1.770920861630799828e-02
4.580009999999999692e+00        1.364846559819777427e+00        1.745001715342510418e-02
4.590010000000000367e+00        1.364950763161501435e+00        1.714179960549759574e-02
4.600010000000000154e+00        1.365299999999999958e+00        1.652893896248177480e-02
4.610009999999999941e+00        1.365672859782016024e+00        1.591498542397823748e-02
4.620009999999999728e+00        1.365693031739181107e+00        1.529634841304093607e-02
4.630010000000000403e+00        1.365899999999999892e+00        1.482690756189040601e-02
4.640010000000000190e+00        1.365990958123821430e+00        1.471045748742928067e-02
4.650009999999999977e+00        1.366000000000000103e+00        1.396954838861891139e-02
4.660009999999999764e+00        1.365868807432571330e+00        1.345778440879142820e-02
4.670010000000000439e+00        1.365910962297638642e+00        1.283010292637012072e-02
4.680010000000000225e+00        1.365799999999999903e+00        1.219831325101284128e-02
4.690010000000000012e+00        1.365499999999999936e+00        1.156290443205028502e-02
4.700009999999999799e+00        1.365307344656911948e+00        1.092577966029263832e-02
4.710009999999999586e+00        1.364999999999999991e+00        1.028581081300134967e-02
4.720010000000000261e+00        1.364851969735666692e+00        9.644856665815331950e-03
4.730010000000000048e+00        1.364668616776234300e+00        9.455998387621620746e-03
4.740009999999999835e+00        1.364239970237375976e+00        9.017157797565823751e-03
4.750009999999999621e+00        1.363854211205960620e+00        8.367426806084082153e-03
4.760010000000000296e+00        1.363547238053967936e+00        7.716371174919579336e-03
4.770010000000000083e+00        1.363157871646756059e+00        7.729803785392384309e-03
4.780009999999999870e+00        1.362639003957117900e+00        7.072512869415110634e-03
4.790009999999999657e+00        1.362438571276196164e+00        6.674807556913112463e-03
4.800010000000000332e+00        1.361837801016302807e+00        6.423376964429400662e-03
4.810019999999999740e+00        1.361518738662335970e+00        5.761900000000000355e-03
4.820020000000000415e+00        1.361099999999999977e+00        5.769381271468282391e-03
4.830020000000000202e+00        1.360483575997211370e+00        5.099565696011154441e-03
4.840019999999999989e+00        1.360100000000000087e+00        5.105713503441387108e-03
4.850019999999999776e+00        1.359506772030357080e+00        4.431166930075893309e-03
4.860019999999999563e+00        1.358960330864007915e+00        4.432755367903887939e-03
4.870020000000000238e+00        1.358765327055418748e+00        4.204382762793963842e-03
4.880020000000000024e+00        1.358053157319728754e+00        3.757282893299321476e-03
4.890019999999999811e+00        1.357585436539301194e+00        3.758018451910480080e-03
4.900019999999999598e+00        1.357400533503221318e+00        3.083839558976034841e-03
4.910020000000000273e+00        1.356521667826185773e+00        3.072640840870207411e-03
4.920020000000000060e+00        1.356122302142583003e+00        3.071666187144502826e-03
4.930019999999999847e+00        1.355657227133578724e+00        2.384279793436890841e-03
4.940019999999999634e+00        1.354911934447099897e+00        2.374567082259400417e-03
4.950020000000000309e+00        1.354345877028410694e+00        2.368394077713080123e-03
4.960020000000000095e+00        1.353888707794354440e+00        2.364137892868948577e-03
4.970019999999999882e+00        1.353688254379038503e+00        2.364412070064617500e-03
4.980019999999999669e+00        1.352830305018799972e+00        2.143655914697041587e-03
4.990020000000000344e+00        1.352360052681983893e+00        1.652600790229759396e-03
