# wav(mic), n, k
2.999999999999999889e-01        1.229999999999999982e+00        0.000000000000000000e+00
3.099999999999999978e-01        1.229999999999999982e+00        0.000000000000000000e+00
3.200000000000000067e-01        1.229999999999999982e+00        0.000000000000000000e+00
3.300000000000000155e-01        1.229999999999999982e+00        0.000000000000000000e+00
3.400000000000000244e-01        1.229999999999999982e+00        0.000000000000000000e+00
3.499999999999999778e-01        1.229999999999999982e+00        0.000000000000000000e+00
3.599999999999999867e-01        1.229999999999999982e+00        0.000000000000000000e+00
3.699999999999999956e-01        1.229999999999999982e+00        0.000000000000000000e+00
3.800000000000000044e-01        1.229999999999999982e+00        0.000000000000000000e+00
3.900000000000000133e-01        1.229999999999999982e+00        0.000000000000000000e+00
4.000000000000000222e-01        1.229999999999999982e+00        0.000000000000000000e+00
4.099999999999999756e-01        1.229999999999999982e+00        0.000000000000000000e+00
4.199999999999999845e-01        1.229999999999999982e+00        0.000000000000000000e+00
4.299999999999999933e-01        1.229999999999999982e+00        0.000000000000000000e+00
4.400000000000000022e-01        1.229999999999999982e+00        0.000000000000000000e+00
4.500000000000000111e-01        1.229999999999999982e+00        0.000000000000000000e+00
4.600000000000000200e-01        1.229999999999999982e+00        0.000000000000000000e+00
4.699999999999999734e-01        1.229999999999999982e+00        0.000000000000000000e+00
4.799999999999999822e-01        1.229999999999999982e+00        0.000000000000000000e+00
4.899999999999999911e-01        1.229999999999999982e+00        0.000000000000000000e+00
5.000000000000000000e-01        1.229999999999999982e+00        0.000000000000000000e+00
5.100000000000000089e-01        1.229999999999999982e+00        0.000000000000000000e+00
5.200000000000000178e-01        1.229999999999999982e+00        0.000000000000000000e+00
5.300000000000000266e-01        1.229999999999999982e+00        0.000000000000000000e+00
5.400000000000000355e-01        1.229999999999999982e+00        0.000000000000000000e+00
5.500000000000000444e-01        1.229999999999999982e+00        0.000000000000000000e+00
5.600000000000000533e-01        1.229999999999999982e+00        0.000000000000000000e+00
5.699999999999999512e-01        1.229999999999999982e+00        0.000000000000000000e+00
5.799999999999999600e-01        1.229999999999999982e+00        0.000000000000000000e+00
5.899999999999999689e-01        1.229999999999999982e+00        0.000000000000000000e+00
5.999999999999999778e-01        1.229999999999999982e+00        0.000000000000000000e+00
6.099999999999999867e-01        1.229999999999999982e+00        0.000000000000000000e+00
6.199999999999999956e-01        1.229999999999999982e+00        0.000000000000000000e+00
6.300000000000000044e-01        1.229999999999999982e+00        0.000000000000000000e+00
6.400000000000000133e-01        1.229999999999999982e+00        0.000000000000000000e+00
6.500000000000000222e-01        1.229999999999999982e+00        0.000000000000000000e+00
6.600000000000000311e-01        1.229999999999999982e+00        0.000000000000000000e+00
6.700000000000000400e-01        1.229999999999999982e+00        0.000000000000000000e+00
6.800000000000000488e-01        1.229999999999999982e+00        0.000000000000000000e+00
6.899999999999999467e-01        1.229999999999999982e+00        0.000000000000000000e+00
6.999999999999999556e-01        1.229999999999999982e+00        0.000000000000000000e+00
7.099999999999999645e-01        1.229999999999999982e+00        0.000000000000000000e+00
7.199999999999999734e-01        1.229999999999999982e+00        0.000000000000000000e+00
7.299999999999999822e-01        1.229999999999999982e+00        0.000000000000000000e+00
7.399999999999999911e-01        1.229999999999999982e+00        0.000000000000000000e+00
7.500000000000000000e-01        1.229999999999999982e+00        0.000000000000000000e+00
7.600000000000000089e-01        1.229999999999999982e+00        0.000000000000000000e+00
7.700000000000000178e-01        1.229999999999999982e+00        0.000000000000000000e+00
7.800000000000000266e-01        1.229999999999999982e+00        0.000000000000000000e+00
7.900000000000000355e-01        1.229999999999999982e+00        0.000000000000000000e+00
8.000000000000000444e-01        1.229999999999999982e+00        0.000000000000000000e+00
8.100000000000000533e-01        1.229999999999999982e+00        0.000000000000000000e+00
8.199999999999999512e-01        1.229999999999999982e+00        0.000000000000000000e+00
8.299999999999999600e-01        1.229999999999999982e+00        0.000000000000000000e+00
8.399999999999999689e-01        1.229999999999999982e+00        0.000000000000000000e+00
8.499999999999999778e-01        1.229999999999999982e+00        0.000000000000000000e+00
8.599999999999999867e-01        1.229999999999999982e+00        0.000000000000000000e+00
8.699999999999999956e-01        1.229999999999999982e+00        0.000000000000000000e+00
8.800000000000000044e-01        1.229999999999999982e+00        0.000000000000000000e+00
8.900000000000000133e-01        1.229999999999999982e+00        0.000000000000000000e+00
9.000000000000000222e-01        1.229999999999999982e+00        0.000000000000000000e+00
9.100000000000000311e-01        1.229999999999999982e+00        0.000000000000000000e+00
9.200000000000000400e-01        1.229999999999999982e+00        0.000000000000000000e+00
9.300000000000000488e-01        1.229999999999999982e+00        0.000000000000000000e+00
9.399999999999999467e-01        1.229999999999999982e+00        0.000000000000000000e+00
9.499999999999999556e-01        1.229999999999999982e+00        0.000000000000000000e+00
9.599999999999999645e-01        1.229999999999999982e+00        0.000000000000000000e+00
9.699999999999999734e-01        1.229999999999999982e+00        0.000000000000000000e+00
9.799999999999999822e-01        1.229999999999999982e+00        0.000000000000000000e+00
9.899999999999999911e-01        1.229999999999999982e+00        0.000000000000000000e+00
1.000000000000000000e+00        1.229999999999999982e+00        0.000000000000000000e+00
1.010000000000000009e+00        1.229999999999999982e+00        2.996080366709756147e-06
1.020000000000000018e+00        1.229999999999999982e+00        3.207988673278960162e-07
1.030000000000000027e+00        1.229999999999999982e+00        1.947238099572736995e-06
1.040000000000000036e+00        1.229999999999999982e+00        3.826709129280143980e-06
1.050000000000000044e+00        1.229999999999999982e+00        2.791638821294821028e-06
1.060000000000000053e+00        1.229999999999999982e+00        3.017790382849802939e-06
1.070000000000000062e+00        1.229999999999999982e+00        0.000000000000000000e+00
1.080000000000000071e+00        1.229999999999999982e+00        2.598378513218461083e-06
1.090000000000000080e+00        1.229999999999999982e+00        7.036673251986727274e-07
1.100000000000000089e+00        1.229999999999999982e+00        4.009585944905122841e-06
1.110000000000000098e+00        1.229999999999999982e+00        1.655457227874019445e-06
1.120000000000000107e+00        1.229999999999999982e+00        2.588086960670252903e-06
1.129999999999999893e+00        1.229999999999999982e+00        5.408407332499871078e-06
1.139999999999999902e+00        1.229999999999999982e+00        9.154080616141726547e-06
1.149999999999999911e+00        1.229999999999999982e+00        6.173735707111743872e-06
1.159999999999999920e+00        1.229999999999999982e+00        3.532368277960609503e-05
1.169999999999999929e+00        1.229999999999999982e+00        8.412854016169778873e-06
1.179999999999999938e+00        1.229999999999999982e+00        2.015321224108067762e-06
1.189999999999999947e+00        1.229999999999999982e+00        7.675312731203682345e-06
1.199999999999999956e+00        1.229999999999999982e+00        6.242579988119951719e-06
1.209999999999999964e+00        1.229999999999999982e+00        2.412230877400888041e-06
1.219999999999999973e+00        1.229999999999999982e+00        2.372794872680097575e-06
1.229999999999999982e+00        1.229999999999999982e+00        2.301914232722486384e-06
1.239999999999999991e+00        1.229999999999999982e+00        4.619057900911773074e-06
1.250000000000000000e+00        1.229999999999999982e+00        2.952358358123059727e-06
1.260000000000000009e+00        1.229999999999999982e+00        2.480642532108548685e-06
1.270000000000000018e+00        1.229999999999999982e+00        2.296937008823527332e-06
1.280000000000000027e+00        1.229999999999999982e+00        3.311947372672629608e-06
1.290000000000000036e+00        1.229999999999999982e+00        3.174634336624559424e-06
1.300000000000000044e+00        1.229999999999999982e+00        3.889278039337960888e-06
1.310000000000000053e+00        1.229999999999999982e+00        3.238208791864568215e-06
1.320000000000000062e+00        1.229999999999999982e+00        8.401843909844837125e-06
1.330000000000000071e+00        1.229999999999999982e+00        3.519482751822992689e-05
1.340000000000000080e+00        1.229999999999999982e+00        7.563173638027354236e-06
1.350000000000000089e+00        1.229999999999999982e+00        1.215189406201115492e-05
1.360000000000000098e+00        1.229999999999999982e+00        2.398068176856995125e-05
1.370000000000000107e+00        1.229999999999999982e+00        2.828064362448342518e-05
1.379999999999999893e+00        1.229999999999999982e+00        1.836952396539533617e-05
1.389999999999999902e+00        1.229999999999999982e+00        1.398387485863003001e-05
1.399999999999999911e+00        1.229999999999999982e+00        3.972155755065033718e-05
1.409999999999999920e+00        1.229999999999999982e+00        2.693127275392703576e-05
1.419999999999999929e+00        1.229999999999999982e+00        8.891402931943828750e-07
1.429999999999999938e+00        1.229999999999999982e+00        6.535539721318959286e-07
1.439999999999999947e+00        1.229999999999999982e+00        3.809588878846666514e-07
1.449999999999999956e+00        1.229999999999999982e+00        1.758400861526841810e-06
1.459999999999999964e+00        1.229999999999999982e+00        6.915410502650780155e-07
1.469999999999999973e+00        1.229999999999999982e+00        2.609652565639873953e-07
1.479999999999999982e+00        1.229999999999999982e+00        4.630676720885345754e-06
1.489999999999999991e+00        1.229999999999999982e+00        1.691769529678117901e-07
1.500000000000000000e+00        1.229999999999999982e+00        1.060783376525000620e-07
1.510000000000000009e+00        1.229999999999999982e+00        9.563698574185140998e-08
1.520000000000000018e+00        1.229999999999999982e+00        9.673903415157335082e-08
1.530000000000000027e+00        1.229999999999999982e+00        1.046028495546490011e-07
1.540000000000000036e+00        1.229999999999999982e+00        1.188815306799376008e-07
1.550000000000000044e+00        1.229999999999999982e+00        1.408424943075000154e-07
1.560000000000000053e+00        1.229999999999999982e+00        1.732867657659334896e-07
1.570000000000000062e+00        1.229999999999999982e+00        2.217295951669336776e-07
1.580000000000000071e+00        1.229999999999999982e+00        2.987087924389503318e-07
1.590000000000000080e+00        1.229999999999999982e+00        4.370676138809996093e-07
1.600000000000000089e+00        1.229999999999999982e+00        7.313174181000053328e-07
1.610000000000000098e+00        1.229999999999999982e+00        1.464896064780007082e-06
1.620000000000000107e+00        1.229999999999999982e+00        3.497754525709276055e-06
1.629999999999999893e+00        1.229999999999999982e+00        9.433036134999963197e-06
1.639999999999999902e+00        1.229999999999999982e+00        2.708407087200006842e-05
1.649999999999999911e+00        1.229999999999999982e+00        1.018447812015618091e-04
1.659999999999999920e+00        1.229999999999999982e+00        1.166674156557264444e-04
1.669999999999999929e+00        1.229999999999999982e+00        8.630287744733137459e-05
1.679999999999999938e+00        1.229999999999999982e+00        1.127872791268572202e-05
1.689999999999999947e+00        1.229999999999999982e+00        8.689076475220129311e-06
1.699999999999999956e+00        1.229999999999999982e+00        1.720538058999981847e-05
1.709999999999999964e+00        1.229999999999999982e+00        3.237413463659906876e-05
1.719999999999999973e+00        1.229999999999999982e+00        2.889961323128626206e-04
1.729999999999999982e+00        1.229999999999999982e+00        1.424160644901678749e-05
1.739999999999999991e+00        1.229999999999999982e+00        7.377971703982885041e-06
1.750000000000000000e+00        1.229999999999999982e+00        1.180950939656221045e-05
1.760000000000000009e+00        1.229999999999999982e+00        1.627015296938663376e-05
1.770000000000000018e+00        1.229999999999999982e+00        2.891083882757503008e-05
1.780000000000000027e+00        1.229999999999999982e+00        8.495101563399954096e-05
1.790000000000000036e+00        1.229999999999999982e+00        1.270856125151895632e-04
1.800000000000000044e+00        1.229999999999999982e+00        1.814117065199973477e-05
1.810000000000000053e+00        1.229999999999999982e+00        2.656052102186085904e-06
1.820000000000000062e+00        1.229999999999999982e+00        5.278617834590514372e-07
1.830000000000000071e+00        1.229999999999999982e+00        3.184280872639998629e-07
1.840000000000000080e+00        1.229999999999999982e+00        6.937502087077558907e-07
1.850000000000000089e+00        1.229999999999999982e+00        9.968118783315360913e-06
1.860000000000000098e+00        1.229999999999999982e+00        1.665800537932248634e-06
1.870000000000000107e+00        1.229999999999999982e+00        4.112103219219976269e-07
1.879999999999999893e+00        1.229999999999999982e+00        2.380785281057970413e-07
1.889999999999999902e+00        1.229999999999999982e+00        1.956936050878190012e-07
1.899999999999999911e+00        1.229999999999999982e+00        1.980984022505206157e-07
1.909999999999999920e+00        1.229999999999999982e+00        2.419839645529059774e-07
1.919999999999999929e+00        1.229999999999999982e+00        4.054973004917518308e-07
1.929999999999999938e+00        1.229999999999999982e+00        3.276465659867730977e-06
1.939999999999999947e+00        1.229999999999999982e+00        1.296088387759997433e-06
1.949999999999999956e+00        1.229999999999999982e+00        3.137090805618226899e-06
1.959999999999999964e+00        1.229999999999999982e+00        1.466843708473491234e-06
1.969999999999999973e+00        1.229999999999999982e+00        5.737359879750039578e-07
1.979999999999999982e+00        1.229999999999999982e+00        3.421770698443950414e-07
1.989999999999999991e+00        1.229999999999999982e+00        2.653278908095139702e-07
2.000000000000000000e+00        1.229999999999999982e+00        2.418579629061225368e-07
2.009999999999999787e+00        1.229999999999999982e+00        2.447829569874282627e-07
2.020000000000000018e+00        1.229999999999999982e+00        2.658613661710038339e-07
2.029999999999999805e+00        1.229999999999999982e+00        3.033007700366743131e-07
2.040000000000000036e+00        1.229999999999999982e+00        3.585230423826090510e-07
2.049999999999999822e+00        1.229999999999999982e+00        4.353287749708573263e-07
2.060000000000000053e+00        1.229999999999999982e+00        5.401448543902506279e-07
2.069999999999999840e+00        1.229999999999999982e+00        6.833145054084000910e-07
2.080000000000000071e+00        1.229999999999999982e+00        8.814564482904084611e-07
2.089999999999999858e+00        1.229999999999999982e+00        1.162819002035302228e-06
2.100000000000000089e+00        1.229999999999999982e+00        1.576267670792501056e-06
2.109999999999999876e+00        1.229999999999999982e+00        2.209981143394677024e-06
2.120000000000000107e+00        1.229999999999999982e+00        3.226255960665760533e-06
2.129999999999999893e+00        1.229999999999999982e+00        4.928096059500000671e-06
2.140000000000000124e+00        1.229999999999999982e+00        7.885348230587472786e-06
2.149999999999999911e+00        1.229999999999999982e+00        1.317309171600000100e-05
2.160000000000000142e+00        1.229999999999999982e+00        2.282938312798353972e-05
2.169999999999999929e+00        1.229999999999999982e+00        4.067626761921909104e-05
2.180000000000000160e+00        1.229999999999999982e+00        7.393222962350008785e-05
2.189999999999999947e+00        1.229999999999999982e+00        1.511825126422594297e-04
2.200000000000000178e+00        1.229999999999999982e+00        7.791693757614396709e-04
2.209999999999999964e+00        1.229999999999999982e+00        2.312169283382820776e-04
2.220000000000000195e+00        1.229999999999999982e+00        8.277218148833207997e-05
2.229999999999999982e+00        1.229999999999999982e+00        6.903453032017959235e-05
2.240000000000000213e+00        1.229999999999999982e+00        8.559559319416088852e-05
2.250000000000000000e+00        1.229999999999999982e+00        1.253683653032823303e-04
2.259999999999999787e+00        1.229999999999999982e+00        2.170304003749976961e-04
2.270000000000000018e+00        1.229999999999999982e+00        3.923824592188618148e-04
2.279999999999999805e+00        1.229999999999999982e+00        6.569351640988213212e-04
2.290000000000000036e+00        1.229999999999999982e+00        9.213216747604257130e-04
2.299999999999999822e+00        1.229999999999999982e+00        1.308880867352472076e-03
2.310000000000000053e+00        1.229999999999999982e+00        2.645308007876586397e-03
2.319999999999999840e+00        1.229999999999999982e+00        5.516296421632045643e-03
2.330000000000000071e+00        1.229999999999999982e+00        9.272151192905957445e-04
2.339999999999999858e+00        1.229999999999999982e+00        3.029600249170789385e-04
2.350000000000000089e+00        1.229999999999999982e+00        2.140457486630937059e-04
2.359999999999999876e+00        1.229999999999999982e+00        3.634244688075715345e-04
2.370000000000000107e+00        1.229999999999999982e+00        3.968579856620229468e-03
2.379999999999999893e+00        1.229999999999999982e+00        6.194399489185129426e-04
2.390000000000000124e+00        1.229999999999999982e+00        1.025962223629490089e-04
2.399999999999999911e+00        1.229999999999999982e+00        5.013494008340017464e-05
2.410000000000000142e+00        1.229999999999999982e+00        4.589449561208763627e-05
2.419999999999999929e+00        1.229999999999999982e+00        1.480380623694999400e-04
2.430000000000000160e+00        1.229999999999999982e+00        7.806401430907362340e-05
2.439999999999999947e+00        1.229999999999999982e+00        1.830194049959957619e-05
2.450000000000000178e+00        1.229999999999999982e+00        7.401730784683295203e-06
2.459999999999999964e+00        1.229999999999999982e+00        5.916288866475000469e-06
2.470000000000000195e+00        1.229999999999999982e+00        6.320703418636524730e-06
2.479999999999999982e+00        1.229999999999999982e+00        7.424221529338369822e-06
2.490000000000000213e+00        1.229999999999999982e+00        9.207014263596106075e-06
2.500000000000000000e+00        1.229999999999999982e+00        1.195299693999998483e-05
2.509999999999999787e+00        1.229999999999999982e+00        1.615052822603737988e-05
2.520000000000000018e+00        1.229999999999999982e+00        2.253900930480000524e-05
2.529999999999999805e+00        1.229999999999999982e+00        3.222724795314783620e-05
2.540000000000000036e+00        1.229999999999999982e+00        4.680320027771427268e-05
2.549999999999999822e+00        1.229999999999999982e+00        6.676881229772431837e-05
2.560000000000000053e+00        1.229999999999999982e+00        8.078478987573356365e-05
2.569999999999999840e+00        1.229999999999999982e+00        6.968780272393334336e-05
2.580000000000000071e+00        1.229999999999999982e+00        8.192188529208519496e-05
2.589999999999999858e+00        1.229999999999999982e+00        4.033169539270474598e-04
2.600000000000000089e+00        1.229999999999999982e+00        8.702449382699444576e-05
2.609999999999999876e+00        1.229999999999999982e+00        1.405892888970820706e-05
2.620000000000000107e+00        1.229999999999999982e+00        3.277260436936831991e-06
2.629999999999999893e+00        1.229999999999999982e+00        1.576235719331433954e-06
2.640000000000000124e+00        1.229999999999999982e+00        1.352280987842285238e-06
2.649999999999999911e+00        1.229999999999999982e+00        1.383575440679997237e-06
2.660000000000000142e+00        1.229999999999999982e+00        1.474815640989501169e-06
2.669999999999999929e+00        1.229999999999999982e+00        1.597941024179998031e-06
2.680000000000000160e+00        1.229999999999999982e+00        1.753733121365001545e-06
2.689999999999999947e+00        1.229999999999999982e+00        1.948644435127834006e-06
2.700000000000000178e+00        1.229999999999999982e+00        2.192025861500002744e-06
2.709999999999999964e+00        1.229999999999999982e+00        2.495527115437494499e-06
2.720000000000000195e+00        1.229999999999999982e+00        2.873052090375003640e-06
2.729999999999999982e+00        1.229999999999999982e+00        3.342017101522390660e-06
2.740000000000000213e+00        1.229999999999999982e+00        3.924033432867364466e-06
2.750000000000000000e+00        1.229999999999999982e+00        4.644403810899988608e-06
2.759999999999999787e+00        1.229999999999999982e+00        5.534795597203962939e-06
2.770000000000000018e+00        1.229999999999999982e+00        6.633733848619979492e-06
2.779999999999999805e+00        1.229999999999999982e+00        7.988130624599926261e-06
2.790000000000000036e+00        1.229999999999999982e+00        9.654813349513485256e-06
2.799999999999999822e+00        1.229999999999999982e+00        1.170408647074997879e-05
2.810000000000000053e+00        1.229999999999999982e+00        1.421618412682194781e-05
2.819999999999999840e+00        1.229999999999999982e+00        1.729577473493324618e-05
2.830000000000000071e+00        1.229999999999999982e+00        2.106036390546666160e-05
2.839999999999999858e+00        1.229999999999999982e+00        2.566307457530241001e-05
2.850000000000000089e+00        1.229999999999999982e+00        3.127176932146870500e-05
2.859999999999999876e+00        1.229999999999999982e+00        3.810850465059982723e-05
2.870000000000000107e+00        1.229999999999999982e+00        4.641790678721339813e-05
2.879999999999999893e+00        1.229999999999999982e+00        5.649688895453991894e-05
2.890000000000000124e+00        1.229999999999999982e+00        7.032654588145782456e-05
2.899999999999999911e+00        1.229999999999999982e+00        8.379867674142846626e-05
2.910000000000000142e+00        1.229999999999999982e+00        9.972791741921065709e-05
2.919999999999999929e+00        1.229999999999999982e+00        1.157722964703325794e-04
2.930000000000000160e+00        1.229999999999999982e+00        1.311168264448818455e-04
2.939999999999999947e+00        1.229999999999999982e+00        1.468275429279995508e-04
2.950000000000000178e+00        1.229999999999999982e+00        1.606910601898167777e-04
2.959999999999999964e+00        1.229999999999999982e+00        1.788783253770005342e-04
2.970000000000000195e+00        1.229999999999999982e+00        1.938720132694858687e-04
2.979999999999999982e+00        1.229999999999999982e+00        2.093775488434666441e-04
2.990000000000000213e+00        1.229999999999999982e+00        2.258595510926330013e-04
3.000000000000000000e+00        1.229999999999999982e+00        2.434793649318365714e-04
3.009999999999999787e+00        1.229999999999999982e+00        2.623201113646765094e-04
3.020000000000000018e+00        1.229999999999999982e+00        2.880870119760005083e-04
3.029999999999999805e+00        1.229999999999999982e+00        3.184652931559889938e-04
3.040000000000000036e+00        1.229999999999999982e+00        3.532830001873330308e-04
3.049999999999999822e+00        1.229999999999999982e+00        3.914718778734282002e-04
3.060000000000000053e+00        1.229999999999999982e+00        4.294626759322366983e-04
3.069999999999999840e+00        1.229999999999999982e+00        4.707269027552002166e-04
3.080000000000000071e+00        1.229999999999999982e+00        5.010572197145146591e-04
3.089999999999999858e+00        1.229999999999999982e+00        5.275657344113436099e-04
3.100000000000000089e+00        1.229999999999999982e+00        5.510909026177502473e-04
3.109999999999999876e+00        1.229999999999999982e+00        5.743238266909795166e-04
3.120000000000000107e+00        1.229999999999999982e+00        6.057817233438670150e-04
3.129999999999999893e+00        1.229999999999999982e+00        6.481372247727756062e-04
3.140000000000000124e+00        1.229999999999999982e+00        7.070961506922684991e-04
3.149999999999999911e+00        1.229999999999999982e+00        7.928310749534682629e-04
3.160000000000000142e+00        1.229999999999999982e+00        9.204469417433532247e-04
3.169999999999999929e+00        1.229999999999999982e+00        1.097639966921427771e-03
3.180000000000000160e+00        1.229999999999999982e+00        1.370670248793506461e-03
3.189999999999999947e+00        1.229999999999999982e+00        1.770523569471753583e-03
3.200000000000000178e+00        1.229999999999999982e+00        2.348241632731430661e-03
3.209999999999999964e+00        1.229999999999999982e+00        3.142700213424068356e-03
3.220000000000000195e+00        1.229999999999999982e+00        4.329888737188340372e-03
3.229999999999999982e+00        1.229999999999999982e+00        5.998877522526048153e-03
3.240000000000000213e+00        1.229999999999999982e+00        8.072569006853918400e-03
3.250000000000000000e+00        1.229999999999999982e+00        1.049784473599999803e-02
3.259999999999999787e+00        1.229999999999999982e+00        1.333013607889998661e-02
3.270000000000000018e+00        1.229999999999999982e+00        1.689955761827985695e-02
3.279999999999999805e+00        1.229999999999999982e+00        2.257108681799978311e-02
3.290000000000000036e+00        1.229999999999999982e+00        3.458304980736071760e-02
3.299999999999999822e+00        1.229999999999999982e+00        7.262992395649825461e-02
3.310000000000000053e+00        1.229999999999999982e+00        4.305234706141130574e-01
3.319999999999999840e+00        1.229999999999999982e+00        9.332888234848096820e-02
3.330000000000000071e+00        1.229999999999999982e+00        2.971078440421215036e-02
3.339999999999999858e+00        1.229999999999999982e+00        1.414172374988596770e-02
3.350000000000000089e+00        1.229999999999999982e+00        7.314801072139930430e-03
3.359999999999999876e+00        1.229999999999999982e+00        3.890455132640065726e-03
3.370000000000000107e+00        1.229999999999999982e+00        2.302950523904005037e-03
3.379999999999999893e+00        1.229999999999999982e+00        1.404005878625999484e-03
3.390000000000000124e+00        1.229999999999999982e+00        9.813289934704001911e-04
3.399999999999999911e+00        1.229999999999999982e+00        7.827445200500026670e-04
3.410000000000000142e+00        1.229999999999999982e+00        7.227773697599997136e-04
3.419999999999999929e+00        1.229999999999999982e+00        7.494629279786131160e-04
3.430000000000000160e+00        1.229999999999999982e+00        8.259862191933225800e-04
3.439999999999999947e+00        1.229999999999999982e+00        7.474853331833336686e-04
3.450000000000000178e+00        1.229999999999999982e+00        7.050231743942811770e-04
3.459999999999999964e+00        1.229999999999999982e+00        7.252996900332503698e-04
3.470000000000000195e+00        1.229999999999999982e+00        7.798689712127505978e-04
3.479999999999999982e+00        1.229999999999999982e+00        8.537015932885699690e-04
3.490000000000000213e+00        1.229999999999999982e+00        9.479812480049187688e-04
3.500000000000000000e+00        1.229999999999999982e+00        1.107157903946880996e-03
3.509999999999999787e+00        1.229999999999999982e+00        1.405532708370191850e-03
3.520000000000000018e+00        1.229999999999999982e+00        1.966249707946659403e-03
3.529999999999999805e+00        1.229999999999999982e+00        3.039327402941640645e-03
3.540000000000000036e+00        1.229999999999999982e+00        4.423943868003924439e-03
3.549999999999999822e+00        1.229999999999999982e+00        3.727914129927491649e-03
3.560000000000000053e+00        1.229999999999999982e+00        1.864391356654998251e-03
3.569999999999999840e+00        1.229999999999999982e+00        9.457928148143118210e-04
3.580000000000000071e+00        1.229999999999999982e+00        5.304272992665920667e-04
3.589999999999999858e+00        1.229999999999999982e+00        3.260411329659755283e-04
3.600000000000000089e+00        1.229999999999999982e+00        2.174477197160002101e-04
3.609999999999999876e+00        1.229999999999999982e+00        1.519787253343454162e-04
3.620000000000000107e+00        1.229999999999999982e+00        1.107590746169492444e-04
3.629999999999999893e+00        1.229999999999999982e+00        8.262599604335028609e-05
3.640000000000000124e+00        1.229999999999999982e+00        6.550568911272001591e-05
3.649999999999999911e+00        1.229999999999999982e+00        5.774760030204687612e-05
3.660000000000000142e+00        1.229999999999999982e+00        5.483420313218668015e-05
3.669999999999999929e+00        1.229999999999999982e+00        5.600245244879505378e-05
3.680000000000000160e+00        1.229999999999999982e+00        6.123928716521161413e-05
3.689999999999999947e+00        1.229999999999999982e+00        7.299015458723610969e-05
3.700000000000000178e+00        1.229999999999999982e+00        9.029015237856244998e-05
3.709999999999999964e+00        1.229999999999999982e+00        1.115807309819995795e-04
3.720000000000000195e+00        1.229999999999999982e+00        1.382710059218294108e-04
3.729999999999999982e+00        1.229999999999999982e+00        1.683199368200628755e-04
3.740000000000000213e+00        1.229999999999999982e+00        1.973204296657505847e-04
3.750000000000000000e+00        1.229999999999999982e+00        2.259420117414067829e-04
3.759999999999999787e+00        1.229999999999999982e+00        2.452310288895996398e-04
3.770000000000000018e+00        1.229999999999999982e+00        2.573524020967347318e-04
3.779999999999999805e+00        1.229999999999999982e+00        2.730563356845300683e-04
3.790000000000000036e+00        1.229999999999999982e+00        2.999101092531659420e-04
3.799999999999999822e+00        1.229999999999999982e+00        3.602932495149977756e-04
3.810000000000000053e+00        1.229999999999999982e+00        4.638943360987965946e-04
3.819999999999999840e+00        1.229999999999999982e+00        5.969229034574161400e-04
3.830000000000000071e+00        1.229999999999999982e+00        7.217276220323195568e-04
3.839999999999999858e+00        1.229999999999999982e+00        9.785765602922597353e-04
3.850000000000000089e+00        1.229999999999999982e+00        8.035072905101689434e-04
3.859999999999999876e+00        1.229999999999999982e+00        5.102074737172107924e-04
3.870000000000000107e+00        1.229999999999999982e+00        3.344667926134702518e-04
3.879999999999999893e+00        1.229999999999999982e+00        2.302400857950028207e-04
3.890000000000000124e+00        1.229999999999999982e+00        1.655964848639999477e-04
3.899999999999999911e+00        1.229999999999999982e+00        1.121991377051436621e-04
3.910000000000000142e+00        1.229999999999999982e+00        7.494916388337718224e-05
3.919999999999999929e+00        1.229999999999999982e+00        5.028792546272027397e-05
3.930000000000000160e+00        1.229999999999999982e+00        3.393853310722545763e-05
3.939999999999999947e+00        1.229999999999999982e+00        2.306533287883985952e-05
3.950000000000000178e+00        1.229999999999999982e+00        1.582081306498721537e-05
3.959999999999999964e+00        1.229999999999999982e+00        1.098637641299992912e-05
3.970000000000000195e+00        1.229999999999999982e+00        7.748349494459547739e-06
3.979999999999999982e+00        1.229999999999999982e+00        5.583045906939319761e-06
3.990000000000000213e+00        1.229999999999999982e+00        4.130040583976671968e-06
4.000000000000000000e+00        1.229999999999999982e+00        3.153715049250019389e-06
4.009999999999999787e+00        1.229999999999999982e+00        2.496695678261201616e-06
4.019999999999999574e+00        1.229999999999999982e+00        2.054529045466668347e-06
4.030000000000000249e+00        1.229999999999999982e+00        1.757471646857178247e-06
4.040000000000000036e+00        1.229999999999999982e+00        1.557972586605987518e-06
4.049999999999999822e+00        1.229999999999999982e+00        1.424459338833474668e-06
4.059999999999999609e+00        1.229999999999999982e+00        1.335682423169001557e-06
4.070000000000000284e+00        1.229999999999999982e+00        1.277581521209749334e-06
4.080000000000000071e+00        1.229999999999999982e+00        1.240220399521960326e-06
4.089999999999999858e+00        1.229999999999999982e+00        1.217105594832188406e-06
4.099999999999999645e+00        1.229999999999999982e+00        1.203974004633334125e-06
4.110000000000000320e+00        1.229999999999999982e+00        1.197556279976999869e-06
4.120000000000000107e+00        1.229999999999999982e+00        1.196071982257916747e-06
4.129999999999999893e+00        1.229999999999999982e+00        1.197970909345918344e-06
4.139999999999999680e+00        1.229999999999999982e+00        1.202321936249999939e-06
4.150000000000000355e+00        1.229999999999999982e+00        1.208564295791875148e-06
4.160000000000000142e+00        1.229999999999999982e+00        1.216193092855333479e-06
4.169999999999999929e+00        1.229999999999999982e+00        1.224964096909332764e-06
4.179999999999999716e+00        1.229999999999999982e+00        1.234692502497333195e-06
4.190000000000000391e+00        1.229999999999999982e+00        1.245223210590626201e-06
4.200000000000000178e+00        1.229999999999999982e+00        1.256407336734694233e-06
4.209999999999999964e+00        1.229999999999999982e+00        1.268339721097500038e-06
4.219999999999999751e+00        1.229999999999999982e+00        1.280826380205387767e-06
4.230000000000000426e+00        1.229999999999999982e+00        1.293996170529771354e-06
4.240000000000000213e+00        1.229999999999999982e+00        1.307748544794000962e-06
4.250000000000000000e+00        1.229999999999999982e+00        1.322117592000000089e-06
4.259999999999999787e+00        1.229999999999999982e+00        1.337222477937499869e-06
4.269999999999999574e+00        1.229999999999999982e+00        1.352886336460873998e-06
4.280000000000000249e+00        1.229999999999999982e+00        1.369187400850166319e-06
4.290000000000000036e+00        1.229999999999999982e+00        1.386251514572408615e-06
4.299999999999999822e+00        1.229999999999999982e+00        1.404028600266667158e-06
4.309999999999999609e+00        1.229999999999999982e+00        1.422513367931249445e-06
4.320000000000000284e+00        1.229999999999999982e+00        1.441714901916735554e-06
4.330000000000000071e+00        1.229999999999999982e+00        1.461767119777562664e-06
4.339999999999999858e+00        1.229999999999999982e+00        1.482643864027500282e-06
4.349999999999999645e+00        1.229999999999999982e+00        1.504289232666666015e-06
4.360000000000000320e+00        1.229999999999999982e+00        1.526858770475000076e-06
4.370009999999999728e+00        1.229999999999999982e+00        1.550330280985555176e-06
4.380010000000000403e+00        1.229999999999999982e+00        1.574694540126376289e-06
4.390010000000000190e+00        1.229999999999999982e+00        1.600054188150757659e-06
4.400009999999999977e+00        1.229999999999999982e+00        1.626344302213345343e-06
4.410009999999999764e+00        1.229999999999999982e+00        1.653723900876647999e-06
4.420010000000000439e+00        1.229999999999999982e+00        1.682134308894076838e-06
4.430010000000000225e+00        1.229999999999999982e+00        1.711652868290214854e-06
4.440010000000000012e+00        1.229999999999999982e+00        1.742304970502130296e-06
4.450009999999999799e+00        1.229999999999999982e+00        1.774215302677815371e-06
4.460009999999999586e+00        1.229999999999999982e+00        1.807167429376005065e-06
4.470010000000000261e+00        1.229999999999999982e+00        1.841506263492383667e-06
4.480010000000000048e+00        1.229999999999999982e+00        1.877063263556087326e-06
4.490009999999999835e+00        1.229999999999999982e+00        1.914025822971197051e-06
4.500009999999999621e+00        1.229999999999999982e+00        1.952300543679807351e-06
4.510010000000000296e+00        1.229999999999999982e+00        1.992050083937243052e-06
4.520010000000000083e+00        1.229999999999999982e+00        2.033286520596719352e-06
4.530009999999999870e+00        1.229999999999999982e+00        2.076006496835359100e-06
4.540009999999999657e+00        1.229999999999999982e+00        2.120278004581313302e-06
4.550010000000000332e+00        1.229999999999999982e+00        2.166177518324265476e-06
4.560010000000000119e+00        1.229999999999999982e+00        2.213773802314030190e-06
4.570009999999999906e+00        1.229999999999999982e+00        2.263041394321438199e-06
4.580009999999999692e+00        1.229999999999999982e+00        2.314126821373337599e-06
4.590010000000000367e+00        1.229999999999999982e+00        2.367008749818633447e-06
4.600010000000000154e+00        1.229999999999999982e+00        2.421857424328129323e-06
4.610009999999999941e+00        1.229999999999999982e+00        2.478583396791172171e-06
4.620009999999999728e+00        1.229999999999999982e+00        2.537319719781065067e-06
4.630010000000000403e+00        1.229999999999999982e+00        2.598099069556351637e-06
4.640010000000000190e+00        1.229999999999999982e+00        2.661072699042421940e-06
4.650009999999999977e+00        1.229999999999999982e+00        2.726193853816332538e-06
4.660009999999999764e+00        1.229999999999999982e+00        2.793577717704626997e-06
4.670010000000000439e+00        1.229999999999999982e+00        2.863231950698030564e-06
4.680010000000000225e+00        1.229999999999999982e+00        2.935293568067767765e-06
4.690010000000000012e+00        1.229999999999999982e+00        3.009897289232003157e-06
4.700009999999999799e+00        1.229999999999999982e+00        3.087011648288905735e-06
4.710009999999999586e+00        1.229999999999999982e+00        3.166622837046841382e-06
4.720010000000000261e+00        1.229999999999999982e+00        3.249094953469159856e-06
4.730010000000000048e+00        1.229999999999999982e+00        3.334197773505593602e-06
4.740009999999999835e+00        1.229999999999999982e+00        3.422173388042288602e-06
4.750009999999999621e+00        1.229999999999999982e+00        3.513100984599890810e-06
4.760010000000000296e+00        1.229999999999999982e+00        3.607032373516071716e-06
4.770010000000000083e+00        1.229999999999999982e+00        3.704062099630760958e-06
4.780009999999999870e+00        1.229999999999999982e+00        3.804230232224615681e-06
4.790009999999999657e+00        1.229999999999999982e+00        3.907722107028372766e-06
4.800010000000000332e+00        1.229999999999999982e+00        4.014516841755334702e-06
4.810019999999999740e+00        1.229999999999999982e+00        4.124868654700431130e-06
4.820020000000000415e+00        1.229999999999999982e+00        4.238713323580869691e-06
4.830020000000000202e+00        1.229999999999999982e+00        4.356194553357180180e-06
4.840019999999999989e+00        1.229999999999999982e+00        4.477368849345229113e-06
4.850019999999999776e+00        1.229999999999999982e+00        4.602641566926133115e-06
4.860019999999999563e+00        1.229999999999999982e+00        4.731799196187266492e-06
4.870020000000000238e+00        1.229999999999999982e+00        4.864856743649527838e-06
4.880020000000000024e+00        1.229999999999999982e+00        5.002168342402161799e-06
4.890019999999999811e+00        1.229999999999999982e+00        5.143658565796293052e-06
4.900019999999999598e+00        1.229999999999999982e+00        5.289563060708080979e-06
4.910020000000000273e+00        1.229999999999999982e+00        5.440146104249930804e-06
4.920020000000000060e+00        1.229999999999999982e+00        5.595329728114859232e-06
4.930019999999999847e+00        1.229999999999999982e+00        5.755350750196276437e-06
4.940019999999999634e+00        1.229999999999999982e+00        5.920061266478605134e-06
4.950020000000000309e+00        1.229999999999999982e+00        6.089785484338496370e-06
4.960020000000000095e+00        1.229999999999999982e+00        6.264552991420413329e-06
4.970019999999999882e+00        1.229999999999999982e+00        6.444822283597951208e-06
4.980019999999999669e+00        1.229999999999999982e+00        6.630633089595908594e-06
4.990020000000000344e+00        1.229999999999999982e+00        6.821678559350503177e-06
