# wav(mic), n, k
2.999999999999999889e-01        1.656913183279742796e+00        1.469131832797427872e-01
3.099999999999999978e-01        1.650482315112540066e+00        1.404823151125401959e-01
3.200000000000000067e-01        1.644051446945337558e+00        1.340514469453376045e-01
3.300000000000000155e-01        1.638673835125447953e+00        1.273476702508960501e-01
3.400000000000000244e-01        1.635089605734766804e+00        1.201792114695340308e-01
3.499999999999999778e-01        1.631505376344085878e+00        1.130107526881720670e-01
3.599999999999999867e-01        1.635240963855421503e+00        1.066807228915662847e-01
3.699999999999999956e-01        1.644277108433734869e+00        1.009578313253012144e-01
3.800000000000000044e-01        1.653313253012048012e+00        9.523493975903615794e-02
3.900000000000000133e-01        1.663011583011583028e+00        8.949420849420849922e-02
4.000000000000000222e-01        1.674594594594594588e+00        8.370270270270269153e-02
4.099999999999999756e-01        1.686177606177606147e+00        7.791119691119692547e-02
4.199999999999999845e-01        1.696813559322033926e+00        7.236610169491526634e-02
4.299999999999999933e-01        1.706983050847457495e+00        6.694237288135594655e-02
4.400000000000000022e-01        1.717152542372881285e+00        6.151864406779661981e-02
4.500000000000000111e-01        1.718806959403479606e+00        5.779287489643745307e-02
4.600000000000000200e-01        1.717149958574979207e+00        5.472742336371168304e-02
4.699999999999999734e-01        1.715492957746478808e+00        5.166197183098592688e-02
4.799999999999999822e-01        1.713835956917978409e+00        4.859652029826015684e-02
4.899999999999999911e-01        1.712178956089478010e+00        4.553106876553438681e-02
5.000000000000000000e-01        1.710521955260977611e+00        4.246561723280861678e-02
5.100000000000000089e-01        1.708864954432477212e+00        3.940016570008285368e-02
5.200000000000000178e-01        1.707207953603976813e+00        3.633471416735707671e-02
5.300000000000000266e-01        1.705550952775476414e+00        3.326926263463131361e-02
5.400000000000000355e-01        1.703893951946976015e+00        3.020381110190554011e-02
5.500000000000000444e-01        1.702236951118475616e+00        2.713835956917977354e-02
5.600000000000000533e-01        1.700579950289974995e+00        2.407290803645400351e-02
5.699999999999999512e-01        1.698962490023942395e+00        2.226336791699920839e-02
5.799999999999999600e-01        1.697366320830008046e+00        2.113008778930567169e-02
5.899999999999999689e-01        1.695770151636073475e+00        1.999680766161213499e-02
5.999999999999999778e-01        1.694173982442138904e+00        1.886352753391859483e-02
6.099999999999999867e-01        1.692577813248204333e+00        1.773024740622505813e-02
6.199999999999999956e-01        1.690981644054269761e+00        1.659696727853152143e-02
6.300000000000000044e-01        1.689385474860335190e+00        1.546368715083798646e-02
6.400000000000000133e-01        1.687789305666400619e+00        1.433040702314444977e-02
6.500000000000000222e-01        1.686193136472466048e+00        1.319712689545091307e-02
6.600000000000000311e-01        1.684596967278531476e+00        1.206384676775737637e-02
6.700000000000000400e-01        1.683000798084596905e+00        1.093056664006383967e-02
6.800000000000000488e-01        1.681404628890662334e+00        9.797286512370302972e-03
6.899999999999999467e-01        1.679869777536624920e+00        8.758328811720023782e-03
6.999999999999999556e-01        1.678784590341833916e+00        8.411068909386870338e-03
7.099999999999999645e-01        1.677699403147042911e+00        8.063809007053716893e-03
7.199999999999999734e-01        1.676614215952251685e+00        7.716549104720564316e-03
7.299999999999999822e-01        1.675529028757460681e+00        7.369289202387411739e-03
7.399999999999999911e-01        1.674443841562669455e+00        7.022029300054259161e-03
7.500000000000000000e-01        1.673358654367878451e+00        6.674769397721106584e-03
7.600000000000000089e-01        1.672273467173087225e+00        6.327509495387953140e-03
7.700000000000000178e-01        1.671188279978296221e+00        5.980249593054800562e-03
7.800000000000000266e-01        1.670103092783504994e+00        5.632989690721647985e-03
7.900000000000000355e-01        1.669017905588713990e+00        5.285729788388494541e-03
8.000000000000000444e-01        1.667932718393922764e+00        4.938469886055342831e-03
8.100000000000000533e-01        1.666847531199131760e+00        4.591209983722189386e-03
8.199999999999999512e-01        1.665762344004340756e+00        4.243950081389040278e-03
8.299999999999999600e-01        1.664677156809549530e+00        3.896690179055887701e-03
8.399999999999999689e-01        1.663591969614758526e+00        3.549430276722735124e-03
8.499999999999999778e-01        1.662506782419967299e+00        3.202170374389582547e-03
8.599999999999999867e-01        1.661421595225176295e+00        2.854910472056429969e-03
8.699999999999999956e-01        1.660336408030385069e+00        2.507650569723276525e-03
8.800000000000000044e-01        1.659517144856542892e+00        2.332400279916024919e-03
8.900000000000000133e-01        1.658817354793561849e+00        2.234429671098670141e-03
9.000000000000000222e-01        1.658117564730580806e+00        2.136459062281314929e-03
9.100000000000000311e-01        1.657417774667599542e+00        2.038488453463960150e-03
9.200000000000000400e-01        1.656717984604618499e+00        1.940517844646605372e-03
9.300000000000000488e-01        1.656018194541637456e+00        1.842547235829250594e-03
9.399999999999999467e-01        1.655318404478656413e+00        1.744576627011896683e-03
9.499999999999999556e-01        1.654618614415675149e+00        1.646606018194541905e-03
9.599999999999999645e-01        1.653918824352694106e+00        1.548635409377187126e-03
9.699999999999999734e-01        1.653219034289713063e+00        1.450664800559832348e-03
9.799999999999999822e-01        1.652519244226731798e+00        1.352694191742477353e-03
9.899999999999999911e-01        1.651819454163750756e+00        1.254723582925122575e-03
1.000000000000000000e+00        1.651119664100769713e+00        1.156752974107767796e-03
1.010000000000000009e+00        1.650419874037788670e+00        1.058782365290412801e-03
1.020000000000000018e+00        1.649999999999999911e+00        9.890909090909090831e-04
1.030000000000000027e+00        1.649999999999999911e+00        9.618181818181817389e-04
1.040000000000000036e+00        1.649999999999999911e+00        9.345454545454545030e-04
1.050000000000000044e+00        1.649999999999999911e+00        9.072727272727271587e-04
1.060000000000000053e+00        1.649999999999999911e+00        8.799999999999998145e-04
1.070000000000000062e+00        1.649999999999999911e+00        8.527272727272725786e-04
1.080000000000000071e+00        1.649999999999999911e+00        8.254545454545452344e-04
1.090000000000000080e+00        1.649999999999999911e+00        7.981818181818178901e-04
1.100000000000000089e+00        1.649999999999999911e+00        7.709090909090905459e-04
1.110000000000000098e+00        1.649999999999999911e+00        7.436363636363632016e-04
1.120000000000000107e+00        1.649999999999999911e+00        7.163636363636358573e-04
1.129999999999999893e+00        1.649999999999999911e+00        6.890909090909091636e-04
1.139999999999999902e+00        1.649999999999999911e+00        6.618181818181819278e-04
1.149999999999999911e+00        1.649999999999999911e+00        6.345454545454545835e-04
1.159999999999999920e+00        1.649999999999999911e+00        6.072727272727273477e-04
1.169999999999999929e+00        1.649999999999999911e+00        5.800000000000000034e-04
1.179999999999999938e+00        1.649999999999999911e+00        5.527272727272726591e-04
1.189999999999999947e+00        1.649999999999999911e+00        5.254545454545454233e-04
1.199999999999999956e+00        1.649515151515151379e+00        5.151515151515151294e-04
1.209999999999999964e+00        1.648909090909090880e+00        5.090909090909090167e-04
1.219999999999999973e+00        1.648303030303030159e+00        5.030303030303030125e-04
1.229999999999999982e+00        1.647696969696969660e+00        4.969696969696968999e-04
1.239999999999999991e+00        1.647090909090908939e+00        4.909090909090908957e-04
1.250000000000000000e+00        1.646484848484848440e+00        4.848484848484847830e-04
1.260000000000000009e+00        1.645878787878787719e+00        4.787878787878787246e-04
1.270000000000000018e+00        1.645272727272727220e+00        4.727272727272726661e-04
1.280000000000000027e+00        1.644666666666666499e+00        4.666666666666666077e-04
1.290000000000000036e+00        1.644060606060606000e+00        4.606060606060605493e-04
1.300000000000000044e+00        1.643454545454545279e+00        4.545454545454544909e-04
1.310000000000000053e+00        1.642848484848484780e+00        4.484848484848484324e-04
1.320000000000000062e+00        1.642242424242424059e+00        4.424242424242423740e-04
1.330000000000000071e+00        1.641636363636363560e+00        4.363636363636363156e-04
1.340000000000000080e+00        1.641030303030302839e+00        4.303030303030302571e-04
1.350000000000000089e+00        1.640424242424242340e+00        4.242424242424241987e-04
1.360000000000000098e+00        1.639999999999999902e+00        4.201287553648068635e-04
1.370000000000000107e+00        1.639999999999999902e+00        4.205579399141631076e-04
1.379999999999999893e+00        1.639999999999999902e+00        4.209871244635193517e-04
1.389999999999999902e+00        1.639999999999999902e+00        4.214163090128755416e-04
1.399999999999999911e+00        1.639999999999999902e+00        4.218454935622317856e-04
1.409999999999999920e+00        1.639999999999999902e+00        4.222746781115879755e-04
1.419999999999999929e+00        1.639999999999999902e+00        4.227038626609442196e-04
1.429999999999999938e+00        1.639999999999999902e+00        4.231330472103004637e-04
1.439999999999999947e+00        1.639999999999999902e+00        4.235622317596566535e-04
1.449999999999999956e+00        1.639999999999999902e+00        4.239914163090128976e-04
1.459999999999999964e+00        1.639999999999999902e+00        4.244206008583691417e-04
1.469999999999999973e+00        1.639999999999999902e+00        4.248497854077253316e-04
1.479999999999999982e+00        1.639999999999999902e+00        4.252789699570815756e-04
1.489999999999999991e+00        1.639999999999999902e+00        4.257081545064377655e-04
1.500000000000000000e+00        1.639999999999999902e+00        4.261373390557940096e-04
1.510000000000000009e+00        1.639999999999999902e+00        4.265665236051502537e-04
1.520000000000000018e+00        1.639999999999999902e+00        4.269957081545064435e-04
1.530000000000000027e+00        1.639999999999999902e+00        4.274248927038626876e-04
1.540000000000000036e+00        1.639999999999999902e+00        4.278540772532188775e-04
1.550000000000000044e+00        1.639999999999999902e+00        4.282832618025751215e-04
1.560000000000000053e+00        1.639999999999999902e+00        4.287124463519313656e-04
1.570000000000000062e+00        1.639999999999999902e+00        4.291416309012875555e-04
1.580000000000000071e+00        1.639999999999999902e+00        4.295708154506437996e-04
1.590000000000000080e+00        1.639999999999999902e+00        4.300000000000000436e-04
1.600000000000000089e+00        1.639999999999999902e+00        4.304291845493562335e-04
1.610000000000000098e+00        1.639999999999999902e+00        4.308583690987124776e-04
1.620000000000000107e+00        1.639999999999999902e+00        4.312875536480686675e-04
1.629999999999999893e+00        1.639999999999999902e+00        4.317167381974249115e-04
1.639999999999999902e+00        1.639999999999999902e+00        4.321459227467811014e-04
1.649999999999999911e+00        1.639999999999999902e+00        4.325751072961373455e-04
1.659999999999999920e+00        1.639999999999999902e+00        4.330042918454935896e-04
1.669999999999999929e+00        1.639999999999999902e+00        4.334334763948497794e-04
1.679999999999999938e+00        1.639999999999999902e+00        4.338626609442060235e-04
1.689999999999999947e+00        1.639999999999999902e+00        4.342918454935622676e-04
1.699999999999999956e+00        1.639999999999999902e+00        4.347210300429184575e-04
1.709999999999999964e+00        1.639999999999999902e+00        4.351502145922747015e-04
1.719999999999999973e+00        1.639999999999999902e+00        4.355793991416309456e-04
1.729999999999999982e+00        1.639999999999999902e+00        4.360085836909871355e-04
1.739999999999999991e+00        1.639999999999999902e+00        4.364377682403433796e-04
1.750000000000000000e+00        1.639999999999999902e+00        4.368669527896995694e-04
1.760000000000000009e+00        1.639999999999999902e+00        4.372961373390558135e-04
1.770000000000000018e+00        1.639999999999999902e+00        4.377253218884120576e-04
1.780000000000000027e+00        1.639999999999999902e+00        4.381545064377682474e-04
1.790000000000000036e+00        1.639999999999999902e+00        4.385836909871244915e-04
1.800000000000000044e+00        1.639999999999999902e+00        4.390128755364806814e-04
1.810000000000000053e+00        1.639999999999999902e+00        4.394420600858369255e-04
1.820000000000000062e+00        1.639999999999999902e+00        4.398712446351931695e-04
1.830000000000000071e+00        1.638599999999999834e+00        4.512000000000001795e-04
1.840000000000000080e+00        1.636599999999999833e+00        4.672000000000001889e-04
1.850000000000000089e+00        1.634599999999999831e+00        4.832000000000001442e-04
1.860000000000000098e+00        1.632599999999999829e+00        4.992000000000000994e-04
1.870000000000000107e+00        1.630599999999999827e+00        5.152000000000001630e-04
1.879999999999999893e+00        1.629999999999999893e+00        5.295890410958902688e-04
1.889999999999999902e+00        1.629999999999999893e+00        5.432876712328765095e-04
1.899999999999999911e+00        1.629999999999999893e+00        5.569863013698628587e-04
1.909999999999999920e+00        1.629999999999999893e+00        5.706849315068490995e-04
1.919999999999999929e+00        1.629999999999999893e+00        5.843835616438354487e-04
1.929999999999999938e+00        1.629999999999999893e+00        5.980821917808217978e-04
1.939999999999999947e+00        1.629999999999999893e+00        6.117808219178080386e-04
1.949999999999999956e+00        1.629999999999999893e+00        6.254794520547943878e-04
1.959999999999999964e+00        1.629999999999999893e+00        6.391780821917806285e-04
1.969999999999999973e+00        1.629999999999999893e+00        6.528767123287669777e-04
1.979999999999999982e+00        1.629999999999999893e+00        6.665753424657533269e-04
1.989999999999999991e+00        1.629999999999999893e+00        6.802739726027395677e-04
2.000000000000000000e+00        1.629999999999999893e+00        6.939726027397259168e-04
2.009999999999999787e+00        1.629999999999999893e+00        7.076712328767119408e-04
2.020000000000000018e+00        1.629999999999999893e+00        7.208717948717947854e-04
2.029999999999999805e+00        1.629999999999999893e+00        7.295897435897433789e-04
2.040000000000000036e+00        1.629999999999999893e+00        7.383076923076922976e-04
2.049999999999999822e+00        1.629999999999999893e+00        7.470256410256407827e-04
2.060000000000000053e+00        1.629999999999999893e+00        7.557435897435897014e-04
2.069999999999999840e+00        1.629999999999999893e+00        7.644615384615382949e-04
2.080000000000000071e+00        1.629999999999999893e+00        7.731794871794872136e-04
2.089999999999999858e+00        1.629999999999999893e+00        7.818974358974356987e-04
2.100000000000000089e+00        1.629999999999999893e+00        7.906153846153846174e-04
2.109999999999999876e+00        1.629999999999999893e+00        7.993333333333332109e-04
2.120000000000000107e+00        1.629999999999999893e+00        8.080512820512821296e-04
2.129999999999999893e+00        1.629999999999999893e+00        8.167692307692306147e-04
2.140000000000000124e+00        1.629999999999999893e+00        8.254871794871795334e-04
2.149999999999999911e+00        1.629999999999999893e+00        8.342051282051281269e-04
2.160000000000000142e+00        1.629999999999999893e+00        8.429230769230770456e-04
2.169999999999999929e+00        1.629999999999999893e+00        8.516410256410255307e-04
2.180000000000000160e+00        1.629999999999999893e+00        8.603589743589744494e-04
2.189999999999999947e+00        1.629999999999999893e+00        8.690769230769230429e-04
2.200000000000000178e+00        1.629999999999999893e+00        8.777948717948719616e-04
2.209999999999999964e+00        1.629999999999999893e+00        8.865128205128204467e-04
2.220000000000000195e+00        1.629664804469273642e+00        8.869832402234635593e-04
2.229999999999999982e+00        1.629106145251396631e+00        8.819553072625697931e-04
2.240000000000000213e+00        1.628547486033519398e+00        8.769273743016758101e-04
2.250000000000000000e+00        1.627988826815642387e+00        8.718994413407820439e-04
2.259999999999999787e+00        1.627430167597765376e+00        8.668715083798882778e-04
2.270000000000000018e+00        1.626871508379888143e+00        8.618435754189942948e-04
2.279999999999999805e+00        1.626312849162011132e+00        8.568156424581006370e-04
2.290000000000000036e+00        1.625754189944134120e+00        8.517877094972066540e-04
2.299999999999999822e+00        1.625195530726256887e+00        8.467597765363128878e-04
2.310000000000000053e+00        1.624636871508379876e+00        8.417318435754189048e-04
2.319999999999999840e+00        1.624078212290502865e+00        8.367039106145251386e-04
2.330000000000000071e+00        1.623519553072625632e+00        8.316759776536311556e-04
2.339999999999999858e+00        1.622960893854748621e+00        8.266480446927373894e-04
2.350000000000000089e+00        1.622402234636871610e+00        8.216201117318435148e-04
2.359999999999999876e+00        1.621843575418994376e+00        8.165921787709497486e-04
2.370000000000000107e+00        1.621284916201117365e+00        8.115642458100557656e-04
2.379999999999999893e+00        1.620726256983240354e+00        8.065363128491619994e-04
2.390000000000000124e+00        1.620167597765363121e+00        8.015083798882680164e-04
2.399999999999999911e+00        1.620000000000000107e+00        8.349999999999998049e-04
2.410000000000000142e+00        1.620000000000000107e+00        9.789473684210538412e-04
2.419999999999999929e+00        1.620000000000000107e+00        1.163157894736838172e-03
2.430000000000000160e+00        1.619413919413919434e+00        1.284981684981685015e-03
2.439999999999999947e+00        1.618681318681318704e+00        1.391208791208789139e-03
2.450000000000000178e+00        1.617948717948717974e+00        1.497435897435898033e-03
2.459999999999999964e+00        1.617216117216117244e+00        1.603663003663002157e-03
2.470000000000000195e+00        1.616483516483516514e+00        1.709890109890110834e-03
2.479999999999999982e+00        1.615750915750915784e+00        1.816117216117215175e-03
2.490000000000000213e+00        1.615018315018315054e+00        1.922344322344323852e-03
2.500000000000000000e+00        1.614285714285714324e+00        2.028571428571428192e-03
2.509999999999999787e+00        1.613553113553113594e+00        2.134798534798532099e-03
2.520000000000000018e+00        1.612820512820512864e+00        2.241025641025641210e-03
2.529999999999999805e+00        1.612087912087912134e+00        2.347252747252745117e-03
2.540000000000000036e+00        1.611355311355311404e+00        2.453479853479853794e-03
2.549999999999999822e+00        1.610622710622710674e+00        2.559706959706958135e-03
2.560000000000000053e+00        1.609890109890109944e+00        2.665934065934066812e-03
2.569999999999999840e+00        1.609157509157509214e+00        2.772161172161171153e-03
2.580000000000000071e+00        1.608424908424908484e+00        2.878388278388279396e-03
2.589999999999999858e+00        1.607692307692307754e+00        2.984615384615383737e-03
2.600000000000000089e+00        1.606959706959707024e+00        3.090842490842492414e-03
2.609999999999999876e+00        1.606227106227106294e+00        3.197069597069596321e-03
2.620000000000000107e+00        1.605494505494505564e+00        3.303296703296705432e-03
2.629999999999999893e+00        1.604761904761904834e+00        3.409523809523809339e-03
2.640000000000000124e+00        1.604029304029304104e+00        3.515750915750918450e-03
2.649999999999999911e+00        1.603296703296703374e+00        3.621978021978022357e-03
2.660000000000000142e+00        1.602564102564102644e+00        3.728205128205131468e-03
2.669999999999999929e+00        1.601831501831501914e+00        3.834432234432235374e-03
2.680000000000000160e+00        1.601098901098901184e+00        3.940659340659344485e-03
2.689999999999999947e+00        1.600366300366300454e+00        4.046886446886448392e-03
2.700000000000000178e+00        1.598958333333333259e+00        4.818750000000047821e-03
2.709999999999999964e+00        1.596875000000000044e+00        6.256250000000016138e-03
2.720000000000000195e+00        1.594791666666666607e+00        7.693750000000047773e-03
2.729999999999999982e+00        1.592708333333333393e+00        9.131250000000014355e-03
2.740000000000000213e+00        1.590624999999999956e+00        1.056875000000004686e-02
2.750000000000000000e+00        1.589066666666666627e+00        1.221333333333335033e-02
2.759999999999999787e+00        1.587733333333333441e+00        1.394666666666664195e-02
2.770000000000000018e+00        1.586400000000000032e+00        1.568000000000001337e-02
2.779999999999999805e+00        1.585066666666666846e+00        1.741333333333330499e-02
2.790000000000000036e+00        1.583733333333333437e+00        1.914666666666667294e-02
2.799999999999999822e+00        1.582400000000000029e+00        2.087999999999996803e-02
2.810000000000000053e+00        1.581066666666666842e+00        2.261333333333333598e-02
2.819999999999999840e+00        1.580166666666666719e+00        2.459999999999993442e-02
2.830000000000000071e+00        1.580999999999999961e+00        2.759999999999999953e-02
2.839999999999999858e+00        1.581833333333333425e+00        3.059999999999993281e-02
2.850000000000000089e+00        1.582666666666666666e+00        3.359999999999999792e-02
2.859999999999999876e+00        1.583500000000000130e+00        3.659999999999993120e-02
2.870000000000000107e+00        1.584333333333333371e+00        3.959999999999999631e-02
2.879999999999999893e+00        1.585166666666666835e+00        4.259999999999992959e-02
2.890000000000000124e+00        1.586000000000000076e+00        4.560000000000000164e-02
2.899999999999999911e+00        1.586833333333333318e+00        4.859999999999993492e-02
2.910000000000000142e+00        1.587666666666666782e+00        5.160000000000000003e-02
2.919999999999999929e+00        1.588500000000000023e+00        5.459999999999993331e-02
2.930000000000000160e+00        1.589333333333333487e+00        5.759999999999999842e-02
2.939999999999999947e+00        1.590563380281690087e+00        6.042253521126755844e-02
2.950000000000000178e+00        1.593380281690141009e+00        6.253521126760563931e-02
2.959999999999999964e+00        1.596197183098591710e+00        6.464788732394363691e-02
2.970000000000000195e+00        1.599014084507042410e+00        6.676056338028171777e-02
2.979999999999999982e+00        1.601830985915493111e+00        6.887323943661971537e-02
2.990000000000000213e+00        1.604647887323943811e+00        7.098591549295779624e-02
3.000000000000000000e+00        1.607464788732394512e+00        7.309859154929579383e-02
3.009999999999999787e+00        1.610168776371308175e+00        7.491983122362869119e-02
3.020000000000000018e+00        1.611856540084388278e+00        7.411814345991560304e-02
3.029999999999999805e+00        1.613544303797468382e+00        7.331645569620254266e-02
3.040000000000000036e+00        1.615232067510548708e+00        7.251476793248944064e-02
3.049999999999999822e+00        1.616919831223628812e+00        7.171308016877638025e-02
3.060000000000000053e+00        1.618607594936708916e+00        7.091139240506327823e-02
3.069999999999999840e+00        1.620295358649789019e+00        7.010970464135021785e-02
3.080000000000000071e+00        1.621983122362869345e+00        6.930801687763711583e-02
3.089999999999999858e+00        1.623670886075949449e+00        6.850632911392405544e-02
3.100000000000000089e+00        1.625358649789029553e+00        6.770464135021095342e-02
3.109999999999999876e+00        1.627046413502109656e+00        6.690295358649789303e-02
3.120000000000000107e+00        1.628734177215189982e+00        6.610126582278479102e-02
3.129999999999999893e+00        1.630421940928270086e+00        6.529957805907173063e-02
3.140000000000000124e+00        1.632109704641350190e+00        6.449789029535862861e-02
3.149999999999999911e+00        1.633797468354430293e+00        6.369620253164556822e-02
3.160000000000000142e+00        1.635485232067510619e+00        6.289451476793248008e-02
3.169999999999999929e+00        1.637172995780590723e+00        6.209282700421941276e-02
3.180000000000000160e+00        1.638860759493670827e+00        6.129113924050631768e-02
3.189999999999999947e+00        1.640548523206750930e+00        6.048945147679325035e-02
3.200000000000000178e+00        1.642236286919831256e+00        5.968776371308015527e-02
3.209999999999999964e+00        1.643924050632911360e+00        5.888607594936709488e-02
3.220000000000000195e+00        1.645611814345991464e+00        5.808438818565399286e-02
3.229999999999999982e+00        1.647299578059071568e+00        5.728270042194093248e-02
3.240000000000000213e+00        1.648987341772151893e+00        5.648101265822783046e-02
3.250000000000000000e+00        1.649999999999999911e+00        5.561290322580645512e-02
3.259999999999999787e+00        1.649999999999999911e+00        5.464516129032260389e-02
3.270000000000000018e+00        1.649999999999999911e+00        5.367741935483871102e-02
3.279999999999999805e+00        1.649999999999999911e+00        5.270967741935485978e-02
3.290000000000000036e+00        1.649999999999999911e+00        5.174193548387096692e-02
3.299999999999999822e+00        1.649999999999999911e+00        5.077419354838711568e-02
3.310000000000000053e+00        1.649999999999999911e+00        4.980645161290322281e-02
3.319999999999999840e+00        1.649999999999999911e+00        4.883870967741937158e-02
3.330000000000000071e+00        1.649999999999999911e+00        4.787096774193548565e-02
3.339999999999999858e+00        1.649999999999999911e+00        4.690322580645163442e-02
3.350000000000000089e+00        1.649999999999999911e+00        4.593548387096774155e-02
3.359999999999999876e+00        1.649999999999999911e+00        4.496774193548389031e-02
3.370000000000000107e+00        1.649999999999999911e+00        4.399999999999999745e-02
3.379999999999999893e+00        1.649999999999999911e+00        4.303225806451614621e-02
3.390000000000000124e+00        1.649999999999999911e+00        4.206451612903225334e-02
3.399999999999999911e+00        1.649999999999999911e+00        4.109677419354840211e-02
3.410000000000000142e+00        1.649999999999999911e+00        4.012903225806450924e-02
3.419999999999999929e+00        1.649999999999999911e+00        3.916129032258065801e-02
3.430000000000000160e+00        1.649999999999999911e+00        3.819354838709676514e-02
3.439999999999999947e+00        1.649999999999999911e+00        3.722580645161291391e-02
3.450000000000000178e+00        1.649999999999999911e+00        3.625806451612902104e-02
3.459999999999999964e+00        1.649999999999999911e+00        3.529032258064517674e-02
3.470000000000000195e+00        1.649999999999999911e+00        3.452195121951218831e-02
3.479999999999999982e+00        1.649999999999999911e+00        3.383902439024391584e-02
3.490000000000000213e+00        1.649999999999999911e+00        3.315609756097560173e-02
3.500000000000000000e+00        1.649999999999999911e+00        3.247317073170732926e-02
3.509999999999999787e+00        1.649999999999999911e+00        3.179024390243904985e-02
3.520000000000000018e+00        1.649999999999999911e+00        3.110731707317073921e-02
3.529999999999999805e+00        1.649999999999999911e+00        3.042439024390246327e-02
3.540000000000000036e+00        1.649999999999999911e+00        2.974146341463415263e-02
3.549999999999999822e+00        1.649999999999999911e+00        2.905853658536587669e-02
3.560000000000000053e+00        1.649999999999999911e+00        2.837560975609756606e-02
3.569999999999999840e+00        1.649999999999999911e+00        2.769268292682929011e-02
3.580000000000000071e+00        1.649999999999999911e+00        2.700975609756098295e-02
3.589999999999999858e+00        1.649999999999999911e+00        2.632682926829270353e-02
3.600000000000000089e+00        1.649999999999999911e+00        2.564390243902439637e-02
3.609999999999999876e+00        1.649999999999999911e+00        2.496097560975611696e-02
3.620000000000000107e+00        1.649999999999999911e+00        2.427804878048780979e-02
3.629999999999999893e+00        1.649999999999999911e+00        2.359512195121953038e-02
3.640000000000000124e+00        1.649999999999999911e+00        2.291219512195122321e-02
3.649999999999999911e+00        1.649999999999999911e+00        2.222926829268294380e-02
3.660000000000000142e+00        1.649999999999999911e+00        2.154634146341463663e-02
3.669999999999999929e+00        1.649928571428571411e+00        2.094285714285715194e-02
3.680000000000000160e+00        1.649571428571428466e+00        2.065714285714285656e-02
3.689999999999999947e+00        1.649214285714285522e+00        2.037142857142857852e-02
3.700000000000000178e+00        1.648857142857142799e+00        2.008571428571428660e-02
3.709999999999999964e+00        1.648499999999999854e+00        1.980000000000000510e-02
3.720000000000000195e+00        1.648142857142857132e+00        1.951428571428571318e-02
3.729999999999999982e+00        1.647785714285714187e+00        1.922857142857143167e-02
3.740000000000000213e+00        1.647428571428571242e+00        1.894285714285713976e-02
3.750000000000000000e+00        1.647071428571428520e+00        1.865714285714286172e-02
3.759999999999999787e+00        1.646714285714285575e+00        1.837142857142858021e-02
3.770000000000000018e+00        1.646357142857142852e+00        1.808571428571428830e-02
3.779999999999999805e+00        1.645999999999999908e+00        1.780000000000000679e-02
3.790000000000000036e+00        1.645642857142856963e+00        1.751428571428571487e-02
3.799999999999999822e+00        1.645285714285714240e+00        1.722857142857143684e-02
3.810000000000000053e+00        1.644928571428571296e+00        1.694285714285714145e-02
3.819999999999999840e+00        1.644571428571428573e+00        1.665714285714286341e-02
3.830000000000000071e+00        1.644214285714285628e+00        1.637142857142857150e-02
3.839999999999999858e+00        1.643857142857142684e+00        1.608571428571428999e-02
3.850000000000000089e+00        1.643499999999999961e+00        1.579999999999999807e-02
3.859999999999999876e+00        1.643142857142857016e+00        1.551428571428571830e-02
3.870000000000000107e+00        1.642785714285714294e+00        1.522857142857142465e-02
3.879999999999999893e+00        1.642428571428571349e+00        1.494285714285714661e-02
3.890000000000000124e+00        1.642071428571428404e+00        1.465714285714285296e-02
3.899999999999999911e+00        1.641714285714285682e+00        1.437142857142857319e-02
3.910000000000000142e+00        1.641357142857142737e+00        1.408571428571428127e-02
3.919999999999999929e+00        1.641000000000000014e+00        1.379999999999999977e-02
3.930000000000000160e+00        1.640642857142857070e+00        1.351428571428570785e-02
3.939999999999999947e+00        1.640285714285714125e+00        1.322857142857142808e-02
3.950000000000000178e+00        1.639925650557620740e+00        1.297769516728624305e-02
3.959999999999999964e+00        1.639553903345724706e+00        1.286617100371747167e-02
3.970000000000000195e+00        1.639182156133828894e+00        1.275464684014869510e-02
3.979999999999999982e+00        1.638810408921933082e+00        1.264312267657992372e-02
3.990000000000000213e+00        1.638438661710037048e+00        1.253159851301114888e-02
4.000000000000000000e+00        1.638066914498141236e+00        1.242007434944237751e-02
4.009999999999999787e+00        1.637695167286245201e+00        1.230855018587360614e-02
4.019999999999999574e+00        1.637323420074349389e+00        1.219702602230483476e-02
4.030000000000000249e+00        1.636951672862453355e+00        1.208550185873605472e-02
4.040000000000000036e+00        1.636579925650557543e+00        1.197397769516728334e-02
4.049999999999999822e+00        1.636208178438661509e+00        1.186245353159851371e-02
4.059999999999999609e+00        1.635836431226765697e+00        1.175092936802974233e-02
4.070000000000000284e+00        1.635464684014869663e+00        1.163940520446096055e-02
4.080000000000000071e+00        1.635092936802973851e+00        1.152788104089218918e-02
4.089999999999999858e+00        1.634721189591078039e+00        1.141635687732341954e-02
4.099999999999999645e+00        1.634349442379182005e+00        1.130483271375464817e-02
4.110000000000000320e+00        1.633977695167286193e+00        1.119330855018586812e-02
4.120000000000000107e+00        1.633605947955390159e+00        1.108178438661709675e-02
4.129999999999999893e+00        1.633234200743494346e+00        1.097026022304832538e-02
4.139999999999999680e+00        1.632862453531598312e+00        1.085873605947955400e-02
4.150000000000000355e+00        1.632490706319702500e+00        1.074721189591077396e-02
4.160000000000000142e+00        1.632118959107806466e+00        1.063568773234200258e-02
4.169999999999999929e+00        1.631747211895910654e+00        1.052416356877323121e-02
4.179999999999999716e+00        1.631375464684014842e+00        1.041263940520446157e-02
4.190000000000000391e+00        1.631003717472118808e+00        1.030111524163567979e-02
4.200000000000000178e+00        1.630631970260222996e+00        1.018959107806690842e-02
4.209999999999999964e+00        1.630260223048326962e+00        1.007806691449813705e-02
4.219999999999999751e+00        1.629715639810426442e+00        1.001421800947867313e-02
4.230000000000000426e+00        1.628767772511848122e+00        1.006161137440758635e-02
4.240000000000000213e+00        1.627819905213270024e+00        1.010900473933649610e-02
4.250000000000000000e+00        1.626872037914691926e+00        1.015639810426540411e-02
4.259999999999999787e+00        1.625924170616113607e+00        1.020379146919431386e-02
4.269999999999999574e+00        1.624976303317535509e+00        1.025118483412322187e-02
4.280000000000000249e+00        1.624028436018957189e+00        1.029857819905213509e-02
4.290000000000000036e+00        1.623080568720379091e+00        1.034597156398104484e-02
4.299999999999999822e+00        1.622132701421800993e+00        1.039336492890995285e-02
4.309999999999999609e+00        1.621184834123222673e+00        1.044075829383886087e-02
4.320000000000000284e+00        1.620236966824644576e+00        1.048815165876777408e-02
4.330000000000000071e+00        1.619289099526066256e+00        1.053554502369668383e-02
4.339999999999999858e+00        1.618341232227488158e+00        1.058293838862559184e-02
4.349999999999999645e+00        1.617393364928910060e+00        1.063033175355450159e-02
4.360000000000000320e+00        1.616445497630331740e+00        1.067772511848341481e-02
4.370009999999999728e+00        1.615496682464454992e+00        1.072516587677724981e-02
4.380010000000000403e+00        1.614548815165876672e+00        1.077255924170616302e-02
4.390010000000000190e+00        1.613600947867298574e+00        1.081995260663507277e-02
4.400009999999999977e+00        1.612653080568720476e+00        1.086734597156398079e-02
4.410009999999999764e+00        1.611705213270142378e+00        1.091473933649288880e-02
4.420010000000000439e+00        1.610757345971564058e+00        1.096213270142180202e-02
4.430010000000000225e+00        1.610000000000000098e+00        1.109421875000001292e-02
4.440010000000000012e+00        1.610000000000000098e+00        1.156296875000000293e-02
4.450009999999999799e+00        1.610000000000000098e+00        1.203171874999999294e-02
4.460009999999999586e+00        1.610000000000000098e+00        1.250046874999998295e-02
4.470010000000000261e+00        1.610000000000000098e+00        1.296921875000001285e-02
4.480010000000000048e+00        1.610000000000000098e+00        1.343796875000000286e-02
4.490009999999999835e+00        1.610000000000000098e+00        1.390671874999999287e-02
4.500009999999999621e+00        1.610000000000000098e+00        1.512139999999995155e-02
4.510010000000000296e+00        1.610000000000000098e+00        1.652140000000005063e-02
4.520010000000000083e+00        1.610000000000000098e+00        1.792140000000002828e-02
4.530009999999999870e+00        1.610000000000000098e+00        1.932140000000000246e-02
4.540009999999999657e+00        1.610000000000000098e+00        2.072139999999997664e-02
4.550010000000000332e+00        1.610000000000000098e+00        2.212140000000007573e-02
4.560010000000000119e+00        1.610000000000000098e+00        2.352140000000005338e-02
4.570009999999999906e+00        1.610000000000000098e+00        2.492140000000002756e-02
4.580009999999999692e+00        1.610000000000000098e+00        2.632140000000000174e-02
4.590010000000000367e+00        1.610000000000000098e+00        2.772140000000010429e-02
4.600010000000000154e+00        1.612355882352941361e+00        2.776441176470587080e-02
4.610009999999999941e+00        1.615297058823529586e+00        2.747029411764706150e-02
4.620009999999999728e+00        1.618238235294117588e+00        2.717617647058824873e-02
4.630010000000000403e+00        1.619842745098039272e+00        2.673266666666666153e-02
4.640010000000000190e+00        1.619450588235294308e+00        2.606600000000000930e-02
4.650009999999999977e+00        1.619058431372549123e+00        2.539933333333335708e-02
4.660009999999999764e+00        1.618666274509804159e+00        2.473266666666670485e-02
4.670010000000000439e+00        1.618274117647058974e+00        2.406599999999999018e-02
4.680010000000000225e+00        1.617881960784313788e+00        2.339933333333333795e-02
4.690010000000000012e+00        1.617489803921568825e+00        2.273266666666668573e-02
4.700009999999999799e+00        1.617097647058823640e+00        2.206600000000003350e-02
4.710009999999999586e+00        1.616705490196078454e+00        2.139933333333338128e-02
4.720010000000000261e+00        1.616313333333333491e+00        2.073266666666667007e-02
4.730010000000000048e+00        1.615921176470588305e+00        2.006600000000001438e-02
4.740009999999999835e+00        1.615529019607843342e+00        1.939933333333336216e-02
4.750009999999999621e+00        1.615136862745098156e+00        1.873266666666670993e-02
4.760010000000000296e+00        1.614744705882352971e+00        1.806599999999999873e-02
4.770010000000000083e+00        1.614352549019608007e+00        1.739933333333334650e-02
4.780009999999999870e+00        1.613960392156862822e+00        1.673266666666669428e-02
4.790009999999999657e+00        1.613568235294117859e+00        1.606600000000003858e-02
4.800010000000000332e+00        1.613176078431372673e+00        1.539933333333332911e-02
4.810019999999999740e+00        1.612783529411764727e+00        1.473200000000003500e-02
4.820020000000000415e+00        1.612391372549019763e+00        1.406533333333332206e-02
4.830020000000000202e+00        1.611999215686274578e+00        1.339866666666666983e-02
4.840019999999999989e+00        1.611607058823529615e+00        1.273200000000001761e-02
4.850019999999999776e+00        1.611214901960784429e+00        1.206533333333336365e-02
4.860019999999999563e+00        1.610822745098039244e+00        1.139866666666671143e-02
4.870020000000000238e+00        1.610430588235294280e+00        1.073199999999999849e-02
4.880020000000000024e+00        1.610038431372549095e+00        1.006533333333334626e-02
4.890019999999999811e+00        1.609050526315789709e+00        9.924042105263162009e-03
4.900019999999999598e+00        1.607997894736842293e+00        9.839831578947374688e-03
4.910020000000000273e+00        1.606945263157894876e+00        9.755621052631578694e-03
4.920020000000000060e+00        1.605892631578947460e+00        9.671410526315791373e-03
4.930019999999999847e+00        1.604840000000000044e+00        9.587200000000004052e-03
4.940019999999999634e+00        1.603787368421052850e+00        9.502989473684216731e-03
4.950020000000000309e+00        1.602734736842105434e+00        9.418778947368420737e-03
4.960020000000000095e+00        1.601682105263158018e+00        9.334568421052633416e-03
4.970019999999999882e+00        1.600629473684210602e+00        9.250357894736846096e-03
4.980019999999999669e+00        1.599576842105263408e+00        9.166147368421057040e-03
4.990020000000000344e+00        1.598524210526315770e+00        9.081936842105262780e-03
