# wav(mic), n, k
2.999999999999999889e-01        1.756000000000000005e+00        5.410999999999999838e-02
3.099999999999999978e-01        1.748162277580071144e+00        4.643195729537367283e-02
3.200000000000000067e-01        1.740617793594306129e+00        3.962341637010676626e-02
3.300000000000000155e-01        1.733503916161059033e+00        3.377239713182568492e-02
3.400000000000000244e-01        1.726829895201323684e+00        2.891249641478210730e-02
3.499999999999999778e-01        1.720449903907751432e+00        2.466617552850736833e-02
3.599999999999999867e-01        1.714299999999999935e+00        2.089999999999999844e-02
3.699999999999999956e-01        1.708800000000000097e+00        1.776700000000000154e-02
3.800000000000000044e-01        1.703600000000000003e+00        1.573000000000000093e-02
3.900000000000000133e-01        1.699000000000000066e+00        1.473600000000000083e-02
4.000000000000000222e-01        1.694900000000000073e+00        1.273400000000000053e-02
4.099999999999999756e-01        1.691282818387339848e+00        1.134364581763376741e-02
4.199999999999999845e-01        1.687799999999999967e+00        1.005900000000000023e-02
4.299999999999999933e-01        1.684749999999999970e+00        8.959350000000001341e-03
4.400000000000000022e-01        1.681699999999999973e+00        7.859700000000000714e-03
4.500000000000000111e-01        1.678930970366066200e+00        6.971276060429983275e-03
4.600000000000000200e-01        1.676199999999999912e+00        6.114099999999999917e-03
4.699999999999999734e-01        1.673766765578635018e+00        5.429411572700298949e-03
4.799999999999999822e-01        1.671399999999999997e+00        4.791000000000000120e-03
4.899999999999999911e-01        1.669300000000000006e+00        4.445549999999999502e-03
5.000000000000000000e-01        1.667200000000000015e+00        4.100099999999999752e-03
5.100000000000000089e-01        1.665330277442701901e+00        3.912584921592280121e-03
5.200000000000000178e-01        1.663539344262294994e+00        3.734357675111773557e-03
5.300000000000000266e-01        1.661899999999999933e+00        3.573999999999999920e-03
5.400000000000000355e-01        1.660499999999999865e+00        3.426999999999999925e-03
5.500000000000000444e-01        1.659100000000000019e+00        3.279999999999999930e-03
5.600000000000000533e-01        1.657845387453874553e+00        3.164575645756456754e-03
5.699999999999999512e-01        1.656600000000000072e+00        3.058400000000000181e-03
5.799999999999999600e-01        1.655550000000000077e+00        2.973850000000000104e-03
5.899999999999999689e-01        1.654500000000000082e+00        2.889300000000000028e-03
5.999999999999999778e-01        1.653599999999999959e+00        2.818699999999999938e-03
6.099999999999999867e-01        1.652700000000000058e+00        2.766400000000000022e-03
6.199999999999999956e-01        1.651799999999999935e+00        2.724900000000000152e-03
6.300000000000000044e-01        1.651000000000000023e+00        2.686700000000000199e-03
6.400000000000000133e-01        1.650199999999999889e+00        2.649900000000000172e-03
6.500000000000000222e-01        1.649499999999999966e+00        2.613799999999999891e-03
6.600000000000000311e-01        1.648800000000000043e+00        2.578899999999999856e-03
6.700000000000000400e-01        1.648099999999999898e+00        2.546099999999999926e-03
6.800000000000000488e-01        1.647499999999999964e+00        2.515400000000000101e-03
6.899999999999999467e-01        1.646900000000000031e+00        2.486700000000000108e-03
6.999999999999999556e-01        1.646400000000000086e+00        2.459999999999999947e-03
7.099999999999999645e-01        1.645900000000000141e+00        2.436699999999999977e-03
7.199999999999999734e-01        1.645399999999999974e+00        2.413400000000000007e-03
7.299999999999999822e-01        1.644950000000000134e+00        2.394000000000000294e-03
7.399999999999999911e-01        1.644500000000000073e+00        2.374600000000000148e-03
7.500000000000000000e-01        1.644099999999999895e+00        2.357499999999999787e-03
7.600000000000000089e-01        1.643699999999999939e+00        2.344449999999999659e-03
7.700000000000000178e-01        1.643299999999999983e+00        2.331399999999999965e-03
7.800000000000000266e-01        1.642930687830687964e+00        2.322534920634920525e-03
7.900000000000000355e-01        1.642600000000000060e+00        2.314399999999999877e-03
8.000000000000000444e-01        1.642200000000000104e+00        2.295900000000000024e-03
8.100000000000000533e-01        1.641899999999999915e+00        2.246449999999999662e-03
8.199999999999999512e-01        1.641599999999999948e+00        2.197000000000000168e-03
8.299999999999999600e-01        1.641350000000000087e+00        2.132250000000000031e-03
8.399999999999999689e-01        1.641100000000000003e+00        2.067499999999999893e-03
8.499999999999999778e-01        1.640800000000000036e+00        2.040949999999999709e-03
8.599999999999999867e-01        1.640500000000000069e+00        2.014399999999999958e-03
8.699999999999999956e-01        1.640249999999999986e+00        1.974800000000000080e-03
8.800000000000000044e-01        1.639999999999999902e+00        1.935199999999999984e-03
8.900000000000000133e-01        1.639807900207900238e+00        1.890522245322245106e-03
9.000000000000000222e-01        1.639599999999999946e+00        1.845199999999999965e-03
9.100000000000000311e-01        1.639380000000000059e+00        1.808499999999999778e-03
9.200000000000000400e-01        1.639159999999999950e+00        1.771799999999999807e-03
9.300000000000000488e-01        1.638940000000000063e+00        1.735099999999999620e-03
9.399999999999999467e-01        1.638719999999999954e+00        1.698400000000000083e-03
9.499999999999999556e-01        1.638500000000000068e+00        1.661699999999999896e-03
9.599999999999999645e-01        1.638319999999999999e+00        1.635819999999999852e-03
9.699999999999999734e-01        1.638139999999999930e+00        1.609939999999999809e-03
9.799999999999999822e-01        1.637960000000000083e+00        1.584059999999999982e-03
9.899999999999999911e-01        1.637780000000000014e+00        1.558179999999999938e-03
1.000000000000000000e+00        1.637599999999999945e+00        1.532299999999999895e-03
1.010000000000000009e+00        1.637419277108433713e+00        1.507601204819276897e-03
1.020000000000000018e+00        1.637238554216867481e+00        1.482902409638554115e-03
1.030000000000000027e+00        1.637057831325301249e+00        1.458203614457831117e-03
1.040000000000000036e+00        1.636908383233532938e+00        1.434796407185628432e-03
1.050000000000000044e+00        1.636773652694610837e+00        1.411997005988023784e-03
1.060000000000000053e+00        1.636638922155688736e+00        1.389197604790418919e-03
1.070000000000000062e+00        1.636504191616766635e+00        1.366398203592814270e-03
1.080000000000000071e+00        1.636369461077844312e+00        1.343598802395209405e-03
1.090000000000000080e+00        1.636234730538922211e+00        1.320799401197604757e-03
1.100000000000000089e+00        1.636100000000000110e+00        1.297999999999999892e-03
1.110000000000000098e+00        1.635990000000000055e+00        1.280429999999999936e-03
1.120000000000000107e+00        1.635880000000000001e+00        1.262859999999999764e-03
1.129999999999999893e+00        1.635770000000000168e+00        1.245290000000000242e-03
1.139999999999999902e+00        1.635660000000000114e+00        1.227720000000000070e-03
1.149999999999999911e+00        1.635550000000000059e+00        1.210150000000000114e-03
1.159999999999999920e+00        1.635440000000000005e+00        1.192579999999999942e-03
1.169999999999999929e+00        1.635329999999999950e+00        1.175009999999999987e-03
1.179999999999999938e+00        1.635220000000000118e+00        1.157440000000000031e-03
1.189999999999999947e+00        1.635110000000000063e+00        1.139869999999999859e-03
1.199999999999999956e+00        1.635000000000000009e+00        1.122299999999999904e-03
1.209999999999999964e+00        1.634899497487437126e+00        1.104862814070351786e-03
1.219999999999999973e+00        1.634798994974874464e+00        1.087425628140703451e-03
1.229999999999999982e+00        1.634698492462311581e+00        1.069988442211055333e-03
1.239999999999999991e+00        1.634598338870431933e+00        1.052554651162790822e-03
1.250000000000000000e+00        1.634515282392026592e+00        1.035287209302325658e-03
1.260000000000000009e+00        1.634432225913621251e+00        1.018019767441860493e-03
1.270000000000000018e+00        1.634349169435216131e+00        1.000752325581395329e-03
1.280000000000000027e+00        1.634266112956810790e+00        9.834848837209303821e-04
1.290000000000000036e+00        1.634183056478405449e+00        9.662174418604652180e-04
1.300000000000000044e+00        1.634100000000000108e+00        9.489500000000000539e-04
1.310000000000000053e+00        1.634020000000000028e+00        9.348050000000000326e-04
1.320000000000000062e+00        1.633940000000000170e+00        9.206600000000000113e-04
1.330000000000000071e+00        1.633860000000000090e+00        9.065149999999998816e-04
1.340000000000000080e+00        1.633780000000000010e+00        8.923699999999998604e-04
1.350000000000000089e+00        1.633699999999999930e+00        8.782249999999998391e-04
1.360000000000000098e+00        1.633620000000000072e+00        8.640799999999998178e-04
1.370000000000000107e+00        1.633539999999999992e+00        8.499349999999997966e-04
1.379999999999999893e+00        1.633459999999999912e+00        8.357899999999999921e-04
1.389999999999999902e+00        1.633380000000000054e+00        8.216449999999999709e-04
1.399999999999999911e+00        1.633299999999999974e+00        8.074999999999999496e-04
1.409999999999999920e+00        1.633229999999999960e+00        7.938939999999999582e-04
1.419999999999999929e+00        1.633159999999999945e+00        7.802879999999999669e-04
1.429999999999999938e+00        1.633089999999999931e+00        7.666819999999999755e-04
1.439999999999999947e+00        1.633019999999999916e+00        7.530759999999999841e-04
1.449999999999999956e+00        1.632950000000000124e+00        7.394699999999999928e-04
1.459999999999999964e+00        1.632880000000000109e+00        7.258640000000000014e-04
1.469999999999999973e+00        1.632810000000000095e+00        7.122580000000000100e-04
1.479999999999999982e+00        1.632740000000000080e+00        6.986520000000000187e-04
1.489999999999999991e+00        1.632670000000000066e+00        6.850460000000000273e-04
1.500000000000000000e+00        1.632600000000000051e+00        6.714400000000000359e-04
1.510000000000000009e+00        1.632539759036144567e+00        6.612893975903614760e-04
1.520000000000000018e+00        1.632479518072289304e+00        6.511387951807229161e-04
1.530000000000000027e+00        1.632419277108433819e+00        6.409881927710843561e-04
1.540000000000000036e+00        1.632359036144578335e+00        6.308375903614457962e-04
1.550000000000000044e+00        1.632298804780876633e+00        6.207171314741036445e-04
1.560000000000000053e+00        1.632239043824701197e+00        6.120737051792828932e-04
1.570000000000000062e+00        1.632179282868525982e+00        6.034302788844621420e-04
1.580000000000000071e+00        1.632119521912350546e+00        5.947868525896414993e-04
1.590000000000000080e+00        1.632059760956175332e+00        5.861434262948207480e-04
1.600000000000000089e+00        1.631999999999999895e+00        5.774999999999999968e-04
1.610000000000000098e+00        1.631939999999999946e+00        5.704479999999999837e-04
1.620000000000000107e+00        1.631879999999999997e+00        5.633959999999999706e-04
1.629999999999999893e+00        1.631819999999999826e+00        5.563440000000000659e-04
1.639999999999999902e+00        1.631759999999999877e+00        5.492920000000000528e-04
1.649999999999999911e+00        1.631699999999999928e+00        5.422400000000000397e-04
1.659999999999999920e+00        1.631639999999999979e+00        5.351880000000000265e-04
1.669999999999999929e+00        1.631580000000000030e+00        5.281360000000000134e-04
1.679999999999999938e+00        1.631519999999999859e+00        5.210840000000000003e-04
1.689999999999999947e+00        1.631459999999999910e+00        5.140319999999999872e-04
1.699999999999999956e+00        1.631399999999999961e+00        5.069799999999999741e-04
1.709999999999999964e+00        1.631329999999999947e+00        5.033919999999999671e-04
1.719999999999999973e+00        1.631259999999999932e+00        4.998039999999999601e-04
1.729999999999999982e+00        1.631189999999999918e+00        4.962159999999999531e-04
1.739999999999999991e+00        1.631119999999999903e+00        4.926279999999999461e-04
1.750000000000000000e+00        1.631050000000000111e+00        4.890400000000000476e-04
1.760000000000000009e+00        1.630980000000000096e+00        4.854519999999999864e-04
1.770000000000000018e+00        1.630910000000000082e+00        4.818639999999999794e-04
1.780000000000000027e+00        1.630840000000000067e+00        4.782760000000000266e-04
1.790000000000000036e+00        1.630770000000000053e+00        4.746880000000000197e-04
1.800000000000000044e+00        1.630700000000000038e+00        4.711000000000000127e-04
1.810000000000000053e+00        1.630649999999999933e+00        4.641210000000000105e-04
1.820000000000000062e+00        1.630600000000000049e+00        4.571419999999999542e-04
1.830000000000000071e+00        1.630549999999999944e+00        4.501629999999999521e-04
1.840000000000000080e+00        1.630500000000000060e+00        4.431839999999999499e-04
1.850000000000000089e+00        1.630449999999999955e+00        4.362049999999999478e-04
1.860000000000000098e+00        1.630400000000000071e+00        4.292259999999998915e-04
1.870000000000000107e+00        1.630349999999999966e+00        4.222469999999998893e-04
1.879999999999999893e+00        1.630300000000000082e+00        4.152679999999999956e-04
1.889999999999999902e+00        1.630250000000000199e+00        4.082889999999999935e-04
1.899999999999999911e+00        1.630200000000000093e+00        4.013099999999999914e-04
1.909999999999999920e+00        1.630149999999999988e+00        3.898840000000000096e-04
1.919999999999999929e+00        1.630100000000000104e+00        3.784579999999999737e-04
1.929999999999999938e+00        1.630049999999999999e+00        3.670319999999999919e-04
1.939999999999999947e+00        1.630000000000000115e+00        3.556060000000000102e-04
1.949999999999999956e+00        1.629950000000000010e+00        3.441800000000000284e-04
1.959999999999999964e+00        1.629899999999999904e+00        3.327539999999999925e-04
1.969999999999999973e+00        1.629850000000000021e+00        3.213280000000000108e-04
1.979999999999999982e+00        1.629799999999999915e+00        3.099020000000000290e-04
1.989999999999999991e+00        1.629750000000000032e+00        2.984759999999999931e-04
2.000000000000000000e+00        1.629699999999999926e+00        2.870500000000000113e-04
2.009999999999999787e+00        1.629730165912518736e+00        2.841585972850679343e-04
2.020000000000000018e+00        1.629760331825037545e+00        2.812671945701357488e-04
2.029999999999999805e+00        1.629790497737556576e+00        2.783757918552036718e-04
2.040000000000000036e+00        1.629820663650075385e+00        2.754843891402714864e-04
2.049999999999999822e+00        1.629850829562594194e+00        2.725929864253394635e-04
2.060000000000000053e+00        1.629880995475113004e+00        2.697015837104072239e-04
2.069999999999999840e+00        1.629954896142433052e+00        2.661760237388724882e-04
2.080000000000000071e+00        1.630103264094955540e+00        2.615706824925815785e-04
2.089999999999999858e+00        1.630251632047477806e+00        2.569653412462908856e-04
2.100000000000000089e+00        1.630400000000000071e+00        2.523599999999999758e-04
2.109999999999999876e+00        1.630281215469613354e+00        2.380709944751382002e-04
2.120000000000000107e+00        1.630143093922651998e+00        2.230488950276240598e-04
2.129999999999999893e+00        1.630004972375690642e+00        2.080267955801105698e-04
2.140000000000000124e+00        1.629880799999999796e+00        1.920947999999996706e-04
2.149999999999999911e+00        1.629800799999999938e+00        1.732814666666667998e-04
2.160000000000000142e+00        1.629720799999999858e+00        1.544681333333330615e-04
2.169999999999999929e+00        1.629640800000000000e+00        1.356548000000001636e-04
2.180000000000000160e+00        1.629560642570281104e+00        1.196654016064255786e-04
2.189999999999999947e+00        1.629480321285140532e+00        1.066152008032130821e-04
2.200000000000000178e+00        1.629399999999999959e+00        9.356500000000000288e-05
2.209999999999999964e+00        1.629328057553956821e+00        9.263622302158275399e-05
2.220000000000000195e+00        1.629269727047146343e+00        9.266800248138957953e-05
2.229999999999999982e+00        1.629220099255583198e+00        9.331390818858560719e-05
2.240000000000000213e+00        1.629170471464019831e+00        9.395981389578164839e-05
2.250000000000000000e+00        1.629120843672456465e+00        9.460571960297767605e-05
2.259999999999999787e+00        1.629058273381295052e+00        9.500982973621103817e-05
2.270000000000000018e+00        1.628986330935251914e+00        9.523884652278177528e-05
2.279999999999999805e+00        1.628914388489208553e+00        9.546786330935251239e-05
2.290000000000000036e+00        1.628842446043165415e+00        9.569688009592326305e-05
2.299999999999999822e+00        1.628800000000000026e+00        9.581000000000000595e-05
2.310000000000000053e+00        1.628748979591836843e+00        9.571280612244897944e-05
2.319999999999999840e+00        1.628697959183673438e+00        9.561561224489796649e-05
2.330000000000000071e+00        1.628646938775510256e+00        9.551841836734693998e-05
2.339999999999999858e+00        1.628594666666666635e+00        9.541033333333333029e-05
2.350000000000000089e+00        1.628527999999999976e+00        9.517700000000000032e-05
2.359999999999999876e+00        1.628461333333333316e+00        9.494366666666667035e-05
2.370000000000000107e+00        1.628394666666666657e+00        9.471033333333332682e-05
2.379999999999999893e+00        1.628327999999999998e+00        9.447699999999999685e-05
2.390000000000000124e+00        1.628263291139240510e+00        9.342383544303794096e-05
2.399999999999999911e+00        1.628200000000000092e+00        9.177699999999999899e-05
2.410000000000000142e+00        1.628135483870967848e+00        8.384538709677404923e-05
2.419999999999999929e+00        1.628070967741935382e+00        7.591377419354843829e-05
2.430000000000000160e+00        1.628006451612903138e+00        6.798216129032248853e-05
2.439999999999999947e+00        1.627925925925925776e+00        5.727622222222232507e-05
2.450000000000000178e+00        1.627843621399176932e+00        4.626202469135787070e-05
2.459999999999999964e+00        1.627761316872427866e+00        3.524782716049390421e-05
2.470000000000000195e+00        1.627679012345679022e+00        2.423362962962944984e-05
2.479999999999999982e+00        1.627593935565382122e+00        1.363507289955780355e-05
2.490000000000000213e+00        1.627442324699936771e+00        1.301189538850283146e-05
2.500000000000000000e+00        1.627290713834491420e+00        1.238871787744788648e-05
2.509999999999999787e+00        1.627139102969046069e+00        1.176554036639294149e-05
2.520000000000000018e+00        1.626987492103600719e+00        1.114236285533796771e-05
2.529999999999999805e+00        1.626835881238155368e+00        1.051918534428302272e-05
2.540000000000000036e+00        1.626684270372710017e+00        9.896007833228048935e-06
2.549999999999999822e+00        1.626532659507264666e+00        9.272830322173103949e-06
2.560000000000000053e+00        1.626381048641819316e+00        8.649652811118131859e-06
2.569999999999999840e+00        1.626229437776373965e+00        8.026475300063186873e-06
2.580000000000000071e+00        1.626077826910928614e+00        7.403297789008213089e-06
2.589999999999999858e+00        1.625926216045483264e+00        6.780120277953268103e-06
2.600000000000000089e+00        1.625774605180037913e+00        6.156942766898295165e-06
2.609999999999999876e+00        1.625622994314592562e+00        5.533765255843349333e-06
2.620000000000000107e+00        1.625471383449147211e+00        4.910587744788377242e-06
2.629999999999999893e+00        1.625319772583701861e+00        4.287410233733432257e-06
2.640000000000000124e+00        1.625144736842105253e+00        6.847532894736807890e-06
2.649999999999999911e+00        1.624830188679245335e+00        5.009652830188484002e-05
2.660000000000000142e+00        1.624452830188679364e+00        1.284399245283021629e-04
2.669999999999999929e+00        1.624072631578947545e+00        2.078383157894727619e-04
2.680000000000000160e+00        1.623686666666666722e+00        2.893786666666683417e-04
2.689999999999999947e+00        1.623300701754385900e+00        3.709190175438602894e-04
2.700000000000000178e+00        1.622908000000000017e+00        4.600080000000017662e-04
2.709999999999999964e+00        1.622464594594594578e+00        7.495099729729685608e-04
2.720000000000000195e+00        1.622005135135135223e+00        1.110112675675680241e-03
2.729999999999999982e+00        1.621545675675675646e+00        1.470715378378376200e-03
2.740000000000000213e+00        1.621088311688311689e+00        1.845715584415600274e-03
2.750000000000000000e+00        1.620698701298701305e+00        2.686235064935058557e-03
2.759999999999999787e+00        1.620435242290748867e+00        3.560540969162967820e-03
2.770000000000000018e+00        1.620303083700440627e+00        4.470012334801757269e-03
2.779999999999999805e+00        1.620228132992327374e+00        5.387437851662381372e-03
2.790000000000000036e+00        1.620356010230179056e+00        6.333064450127878775e-03
2.799999999999999822e+00        1.620483887468030737e+00        7.278691048593334545e-03
2.810000000000000053e+00        1.620611764705882418e+00        8.224317647058831948e-03
2.819999999999999840e+00        1.620845939086294374e+00        9.124058883248728491e-03
2.830000000000000071e+00        1.621480456852791852e+00        9.897358375634530622e-03
2.839999999999999858e+00        1.622114974619289329e+00        1.067065786802029979e-02
2.850000000000000089e+00        1.622749492385786807e+00        1.144395736040610193e-02
2.859999999999999876e+00        1.623432442748091509e+00        1.217707251908396217e-02
2.870000000000000107e+00        1.624233969465648908e+00        1.281180534351145268e-02
2.879999999999999893e+00        1.625035496183206085e+00        1.344653816793891371e-02
2.890000000000000124e+00        1.625913071895424888e+00        1.395552941176470517e-02
2.899999999999999911e+00        1.626838028169014017e+00        1.432524413145540125e-02
2.910000000000000142e+00        1.627823943661971917e+00        1.421984507042253418e-02
2.919999999999999929e+00        1.628809859154929596e+00        1.411444600938967231e-02
2.930000000000000160e+00        1.629795774647887274e+00        1.400904694835680524e-02
2.939999999999999947e+00        1.630781690140845175e+00        1.390364788732394337e-02
2.950000000000000178e+00        1.631640186915887858e+00        1.348389719626168042e-02
2.959999999999999964e+00        1.632287951807228854e+00        1.290756024096386713e-02
2.970000000000000195e+00        1.632890361445783034e+00        1.230454819277108057e-02
2.979999999999999982e+00        1.633492771084337214e+00        1.170153614457832003e-02
2.990000000000000213e+00        1.633989432989690682e+00        1.104689561855668953e-02
3.000000000000000000e+00        1.634376030927835011e+00        1.033851932989690581e-02
3.009999999999999787e+00        1.634762628865979339e+00        9.630143041237122087e-03
3.020000000000000018e+00        1.635149226804123668e+00        8.921766752577307141e-03
3.029999999999999805e+00        1.635395312500000031e+00        8.273876562500011300e-03
3.040000000000000036e+00        1.635462446351931387e+00        7.878528111587982871e-03
3.049999999999999822e+00        1.635526824034334803e+00        7.489794206008594003e-03
3.060000000000000053e+00        1.635591201716738219e+00        7.101060300429187788e-03
3.069999999999999840e+00        1.635655579399141635e+00        6.712326394849798053e-03
3.080000000000000071e+00        1.635699999999999932e+00        6.337794690265489625e-03
3.089999999999999858e+00        1.635699999999999932e+00        5.994874336283192127e-03
3.100000000000000089e+00        1.635698039215686128e+00        5.651966666666660699e-03
3.109999999999999876e+00        1.635658823529411610e+00        5.309300000000002906e-03
3.120000000000000107e+00        1.635619607843137091e+00        4.966633333333328633e-03
3.129999999999999893e+00        1.635559677419354818e+00        4.621681048387099762e-03
3.140000000000000124e+00        1.635479032258064569e+00        4.274443145161284201e-03
3.149999999999999911e+00        1.635398387096774098e+00        3.927205241935484252e-03
3.160000000000000142e+00        1.635317741935483848e+00        3.579967338709669558e-03
3.169999999999999929e+00        1.635237096774193599e+00        3.232729435483869609e-03
3.180000000000000160e+00        1.635185042735042726e+00        2.939410683760677358e-03
3.189999999999999947e+00        1.635035470085470122e+00        2.744517521367519607e-03
3.200000000000000178e+00        1.634885897435897517e+00        2.549624358974353616e-03
3.209999999999999964e+00        1.634736324786324912e+00        2.354731196581196298e-03
3.220000000000000195e+00        1.634586752136752086e+00        2.159838034188029873e-03
3.229999999999999982e+00        1.634442934782608825e+00        1.978641304347826188e-03
3.240000000000000213e+00        1.634307065217391219e+00        1.816358695652170322e-03
3.250000000000000000e+00        1.634171195652173836e+00        1.654076086956521394e-03
3.259999999999999787e+00        1.634035326086956452e+00        1.491793478260872250e-03
3.270000000000000018e+00        1.633908074534161425e+00        1.354089440993789173e-03
3.279999999999999805e+00        1.633783333333333365e+00        1.232312380952383518e-03
3.290000000000000036e+00        1.633655128205128149e+00        1.159330695970696521e-03
3.299999999999999822e+00        1.633526923076922932e+00        1.086349010989012777e-03
3.310000000000000053e+00        1.633398717948717938e+00        1.013367326007325779e-03
3.319999999999999840e+00        1.633270512820512721e+00        9.403856410256421433e-04
3.330000000000000071e+00        1.633142307692307726e+00        8.674039560439551462e-04
3.339999999999999858e+00        1.633023428571428681e+00        8.026261142857148666e-04
3.350000000000000089e+00        1.632909142857142948e+00        7.418889714285708398e-04
3.359999999999999876e+00        1.632805641025641075e+00        6.886781025641033373e-04
3.370000000000000107e+00        1.632703076923077035e+00        6.361216923076920939e-04
3.379999999999999893e+00        1.632600512820512773e+00        5.835652820512832357e-04
3.390000000000000124e+00        1.632498151571164513e+00        5.312330868761553455e-04
3.399999999999999911e+00        1.632405730129389942e+00        4.898874306839196740e-04
3.410000000000000142e+00        1.632313308687615594e+00        4.485417744916821593e-04
3.419999999999999929e+00        1.632220887245841023e+00        4.071961182994464877e-04
3.430000000000000160e+00        1.632128465804066453e+00        3.658504621072089730e-04
3.439999999999999947e+00        1.632036044362291882e+00        3.245048059149733015e-04
3.450000000000000178e+00        1.631985950413223030e+00        2.918754380165288430e-04
3.459999999999999964e+00        1.631903305785123770e+00        2.736721322314051652e-04
3.470000000000000195e+00        1.631820661157024732e+00        2.554688264462807285e-04
3.479999999999999982e+00        1.631738016528925472e+00        2.372655206611571049e-04
3.490000000000000213e+00        1.631655371900826434e+00        2.190622148760326411e-04
3.500000000000000000e+00        1.631572727272727175e+00        2.008589090909089904e-04
3.509999999999999787e+00        1.631489253731343236e+00        1.836034626865672929e-04
3.520000000000000018e+00        1.631399701492537213e+00        1.732989850746268021e-04
3.529999999999999805e+00        1.631310149253731412e+00        1.629945074626867451e-04
3.540000000000000036e+00        1.631220597014925389e+00        1.526900298507462544e-04
3.549999999999999822e+00        1.631147079037800651e+00        1.432365292096222052e-04
3.560000000000000053e+00        1.631078350515464015e+00        1.340372164948453978e-04
3.569999999999999840e+00        1.631009621993127157e+00        1.248379037800689969e-04
3.580000000000000071e+00        1.630960307692307598e+00        1.163220307692308067e-04
3.589999999999999858e+00        1.630914153846153791e+00        1.079174153846155967e-04
3.600000000000000089e+00        1.630867999999999984e+00        9.951280000000000715e-05
3.609999999999999876e+00        1.630821846153846177e+00        9.110818461538481064e-05
3.620000000000000107e+00        1.630775692307692371e+00        8.270356923076920756e-05
3.629999999999999893e+00        1.630729538461538564e+00        7.429895384615401105e-05
3.640000000000000124e+00        1.630664356435643558e+00        6.654542574257421832e-05
3.649999999999999911e+00        1.630581643356643351e+00        6.056808741258749021e-05
3.660000000000000142e+00        1.630529195804195863e+00        5.573976573426569131e-05
3.669999999999999929e+00        1.630476748251748376e+00        5.091144405594410924e-05
3.680000000000000160e+00        1.630424300699300666e+00        4.608312237762231711e-05
3.689999999999999947e+00        1.630371853146853178e+00        4.125480069930073505e-05
3.700000000000000178e+00        1.630319405594405691e+00        3.642647902097893614e-05
3.709999999999999964e+00        1.630276360225140886e+00        3.416176735459662669e-05
3.720000000000000195e+00        1.630238836772983202e+00        3.340266791744838954e-05
3.729999999999999982e+00        1.630201313320825518e+00        3.264356848030019304e-05
3.740000000000000213e+00        1.630163789868668056e+00        3.188446904315195589e-05
3.750000000000000000e+00        1.630126266416510372e+00        3.112536960600375939e-05
3.759999999999999787e+00        1.630081927710843370e+00        3.018610843373498162e-05
3.770000000000000018e+00        1.630021686746987886e+00        2.882646987951807812e-05
3.779999999999999805e+00        1.629973517241379177e+00        2.645435834482765878e-05
3.790000000000000036e+00        1.629932137931034308e+00        2.351273075862068306e-05
3.799999999999999822e+00        1.629890758620689661e+00        2.057110317241383948e-05
3.810000000000000053e+00        1.629849379310344792e+00        1.762947558620686715e-05
3.819999999999999840e+00        1.629807999999999923e+00        1.468784800000002695e-05
3.830000000000000071e+00        1.629766620689655054e+00        1.174622041379305462e-05
3.839999999999999858e+00        1.629725241379310186e+00        8.804592827586211042e-06
3.850000000000000089e+00        1.629686219081271981e+00        6.477925795052975060e-06
3.859999999999999876e+00        1.629650883392226079e+00        5.113120141342767463e-06
3.870000000000000107e+00        1.629615547703180178e+00        3.748314487632498457e-06
3.879999999999999893e+00        1.629576495278069137e+00        3.326744386148997461e-06
3.890000000000000124e+00        1.629534522560335708e+00        3.646287932843652847e-06
3.899999999999999911e+00        1.629492549842602278e+00        3.965831479538294257e-06
3.910000000000000142e+00        1.629450577124868849e+00        4.285375026232948796e-06
3.919999999999999929e+00        1.629408604407135419e+00        4.604918572927589783e-06
3.930000000000000160e+00        1.629366631689401768e+00        4.924462119622245169e-06
3.939999999999999947e+00        1.629324658971668338e+00        5.244005666316887003e-06
3.950000000000000178e+00        1.629282686253934909e+00        5.563549213011541542e-06
3.959999999999999964e+00        1.629240713536201479e+00        5.883092759706182528e-06
3.970000000000000195e+00        1.629198740818468050e+00        6.202636306400838761e-06
3.979999999999999982e+00        1.629156768100734620e+00        6.522179853095479748e-06
3.990000000000000213e+00        1.629114795383000969e+00        6.841723399790134287e-06
4.000000000000000000e+00        1.629072822665267539e+00        7.161266946484775274e-06
4.009999999999999787e+00        1.629030849947534110e+00        7.480810493179416260e-06
4.019999999999999574e+00        1.628988877229800680e+00        7.800354039874057247e-06
4.030000000000000249e+00        1.628946904512067251e+00        8.119897586568727033e-06
4.040000000000000036e+00        1.628904931794333599e+00        8.439441133263368019e-06
4.049999999999999822e+00        1.628862959076600170e+00        8.758984679958009006e-06
4.059999999999999609e+00        1.628820986358866740e+00        9.078528226652649992e-06
4.070000000000000284e+00        1.628769879518072283e+00        1.092375180722892898e-05
4.080000000000000071e+00        1.628709638554216799e+00        1.429465542168679176e-05
4.089999999999999858e+00        1.628676203966005653e+00        1.673958640226626333e-05
4.099999999999999645e+00        1.628647875354107599e+00        1.900814164305939452e-05
4.110000000000000320e+00        1.628619546742209767e+00        2.127669688385272560e-05
4.120000000000000107e+00        1.628580379746835449e+00        2.578778481012654290e-05
4.129999999999999893e+00        1.628517088607595031e+00        3.529031645569620431e-05
4.139999999999999680e+00        1.628500000000000059e+00        4.567253030302996264e-05
4.150000000000000355e+00        1.628500000000000059e+00        5.659422115384651132e-05
4.160000000000000142e+00        1.628500000000000059e+00        6.782402884615424516e-05
4.169999999999999929e+00        1.628500000000000059e+00        8.189387050359749260e-05
4.179999999999999716e+00        1.628500000000000059e+00        1.017298417266179864e-04
4.190000000000000391e+00        1.628466548042704742e+00        2.597561565836335219e-04
4.200000000000000178e+00        1.628430960854092557e+00        4.266031316725966082e-04
4.209999999999999964e+00        1.628400000000000070e+00        5.920327155172356703e-04
4.219999999999999751e+00        1.628400000000000070e+00        7.479766810344729792e-04
4.230000000000000426e+00        1.628400000000000070e+00        9.039206465517240574e-04
4.240000000000000213e+00        1.628400000000000070e+00        8.287207692307705731e-04
4.250000000000000000e+00        1.628400000000000070e+00        6.993019658119679904e-04
4.259999999999999787e+00        1.628400000000000070e+00        6.763777165354312821e-04
4.269999999999999574e+00        1.628400000000000070e+00        7.469600000000008308e-04
4.280000000000000249e+00        1.628400000000000070e+00        7.070899999999991949e-04
4.290000000000000036e+00        1.628400000000000070e+00        6.584607272727284032e-04
4.299999999999999822e+00        1.628400000000000070e+00        5.842322702702730259e-04
4.309999999999999609e+00        1.628400000000000070e+00        4.959025405405428780e-04
4.320000000000000284e+00        1.628400000000000070e+00        4.182392857142819232e-04
4.330000000000000071e+00        1.628400000000000070e+00        3.459127659574452339e-04
4.339999999999999858e+00        1.628400000000000070e+00        2.945404255319160553e-04
4.349999999999999645e+00        1.628387134502924161e+00        2.479085964912298621e-04
4.360000000000000320e+00        1.628328654970760292e+00        2.180840350877177056e-04
4.370009999999999728e+00        1.628300000000000081e+00        2.051896260869564659e-04
4.380010000000000403e+00        1.628300000000000081e+00        2.122266159169551439e-04
4.390010000000000190e+00        1.628300000000000081e+00        2.257629480968855709e-04
4.400009999999999977e+00        1.628300000000000081e+00        2.392992802768160250e-04
4.410009999999999764e+00        1.628300000000000081e+00        2.535977279411757534e-04
4.420010000000000439e+00        1.628300000000000081e+00        2.673734000000001394e-04
4.430010000000000225e+00        1.628300000000000081e+00        2.717857551020409269e-04
4.440010000000000012e+00        1.628300000000000081e+00        2.825247288135591256e-04
4.450009999999999799e+00        1.628276527196652834e+00        2.893341673640166122e-04
4.460009999999999586e+00        1.628234686192468805e+00        2.953843765690373352e-04
4.470010000000000261e+00        1.628200000000000092e+00        3.044270500000001976e-04
4.480010000000000048e+00        1.628189779614325206e+00        3.256921294765838444e-04
4.490009999999999835e+00        1.628162231404958860e+00        3.430833140495863527e-04
4.500009999999999621e+00        1.628134683195592292e+00        3.604744986225888069e-04
4.510010000000000296e+00        1.628107134986225946e+00        3.778656831955928873e-04
4.520010000000000083e+00        1.628054817073170790e+00        3.899019939024391435e-04
4.530009999999999870e+00        1.627999999999999892e+00        4.001932363636363137e-04
4.540009999999999657e+00        1.627999999999999892e+00        4.116114181818180447e-04
4.550010000000000332e+00        1.627999999999999892e+00        4.176257999999999750e-04
4.560010000000000119e+00        1.627999999999999892e+00        4.170621636363636814e-04
4.570009999999999906e+00        1.627952321428571381e+00        4.216511071428569700e-04
4.580009999999999692e+00        1.627899999999999903e+00        4.267533412698413099e-04
4.590010000000000367e+00        1.627899999999999903e+00        4.262850873015872804e-04
4.600010000000000154e+00        1.627899999999999903e+00        4.287964324324324786e-04
4.610009999999999941e+00        1.627899999999999903e+00        4.319856216216214919e-04
4.620009999999999728e+00        1.627810186915887858e+00        4.262541869158881377e-04
4.630010000000000403e+00        1.627799999999999914e+00        4.185202897196259732e-04
4.640010000000000190e+00        1.627799999999999914e+00        4.139133350515463686e-04
4.650009999999999977e+00        1.627799999999999914e+00        4.100318917525774256e-04
4.660009999999999764e+00        1.627799999999999914e+00        4.030010691244243371e-04
4.670010000000000439e+00        1.627799999999999914e+00        3.955448479262671838e-04
4.680010000000000225e+00        1.627759371428571411e+00        3.924230400000000367e-04
4.690010000000000012e+00        1.627702228571428433e+00        3.910630400000000362e-04
4.700009999999999799e+00        1.627699999999999925e+00        3.904664836065574267e-04
4.710009999999999586e+00        1.627699999999999925e+00        3.899009098360656364e-04
4.720010000000000261e+00        1.627699999999999925e+00        3.885082072072072040e-04
4.730010000000000048e+00        1.627688583333333217e+00        3.852786166666667526e-04
4.740009999999999835e+00        1.627660805555555479e+00        3.805063944444445740e-04
4.750009999999999621e+00        1.627633027777777741e+00        3.757341722222223954e-04
4.760010000000000296e+00        1.627605250000000003e+00        3.709619499999997831e-04
4.770010000000000083e+00        1.627599999999999936e+00        3.672038008658008962e-04
4.780009999999999870e+00        1.627599999999999936e+00        3.643812900432901055e-04
4.790009999999999657e+00        1.627599999999999936e+00        3.615587792207792606e-04
4.800010000000000332e+00        1.627575763688760668e+00        3.600799567723342309e-04
4.810019999999999740e+00        1.627546916426512835e+00        3.588539481268011519e-04
4.820020000000000415e+00        1.627518097982708856e+00        3.576291642651296433e-04
4.830020000000000202e+00        1.627499999999999947e+00        3.555728343558280970e-04
4.840019999999999989e+00        1.627499999999999947e+00        3.521127116564417496e-04
4.850019999999999776e+00        1.627479039548022532e+00        3.469817966101696512e-04
4.860019999999999563e+00        1.627450790960451865e+00        3.412699322033901114e-04
4.870020000000000238e+00        1.627422542372881420e+00        3.355580677966100837e-04
4.880020000000000024e+00        1.627399999999999958e+00        3.301793750000000171e-04
4.890019999999999811e+00        1.627389916666666547e+00        3.267430500000000158e-04
4.900019999999999598e+00        1.627348250000000052e+00        3.252680500000000477e-04
4.910020000000000273e+00        1.627306583333333334e+00        3.237930499999999712e-04
4.920020000000000060e+00        1.627299999999999969e+00        3.169715670103092405e-04
4.930019999999999847e+00        1.627299999999999969e+00        3.091468247422682379e-04
4.940019999999999634e+00        1.627259000000000011e+00        3.064079000000001127e-04
4.950020000000000309e+00        1.627213545454545329e+00        3.042215363636363665e-04
4.960020000000000095e+00        1.627199999999999980e+00        2.902222389937107001e-04
4.970019999999999882e+00        1.627199999999999980e+00        2.845178364779876517e-04
4.980019999999999669e+00        1.627134400000000092e+00        2.768574400000002296e-04
4.990020000000000344e+00        1.627099999999999991e+00        2.703505092024539500e-04
