# wav(mic), n, k, y=0.4
2.999999999999999889e-01        2.231500000000000039e+00        1.659620499999999943e+00
3.099999999999999978e-01        2.283866666666666490e+00        1.590048699999999871e+00
3.200000000000000067e-01        2.336233333333333384e+00        1.520476900000000020e+00
3.300000000000000155e-01        2.388599999999999834e+00        1.450905099999999948e+00
3.400000000000000244e-01        2.404057142857142892e+00        1.414543157142857055e+00
3.499999999999999778e-01        2.419514285714285506e+00        1.378181214285714384e+00
3.599999999999999867e-01        2.434971428571428564e+00        1.341819271428571492e+00
3.699999999999999956e-01        2.450428571428571178e+00        1.314734085714285738e+00
3.800000000000000044e-01        2.465885714285714236e+00        1.296925657142857125e+00
3.900000000000000133e-01        2.481342857142856850e+00        1.279117228571428511e+00
4.000000000000000222e-01        2.496799999999999908e+00        1.261308799999999897e+00
4.099999999999999756e-01        2.510682352941176365e+00        1.245343417647058804e+00
4.199999999999999845e-01        2.524564705882352822e+00        1.229378035294117710e+00
4.299999999999999933e-01        2.538447058823529279e+00        1.213412652941176395e+00
4.400000000000000022e-01        2.550199999999999800e+00        1.199325100000000033e+00
4.500000000000000111e-01        2.551154446854663860e+00        1.190956162906724458e+00
4.600000000000000200e-01        2.552108893709327475e+00        1.182587225813449106e+00
4.699999999999999734e-01        2.553063340563991535e+00        1.174218288720173531e+00
4.799999999999999822e-01        2.554017787418655150e+00        1.165849351626897956e+00
4.899999999999999911e-01        2.557566197183098744e+00        1.158818676525821489e+00
5.000000000000000000e-01        2.565171830985915502e+00        1.153881180438184550e+00
5.100000000000000089e-01        2.572777464788732704e+00        1.148943684350547834e+00
5.200000000000000178e-01        2.580383098591549462e+00        1.144006188262910895e+00
5.300000000000000266e-01        2.587988732394366220e+00        1.139068692175273956e+00
5.400000000000000355e-01        2.595594366197183422e+00        1.134131196087637017e+00
5.500000000000000444e-01        2.603200000000000180e+00        1.129193700000000078e+00
5.600000000000000533e-01        2.607522033898305391e+00        1.131288144444444477e+00
5.699999999999999512e-01        2.611844067796610158e+00        1.133382588888888876e+00
5.799999999999999600e-01        2.616166101694915369e+00        1.135477033333333496e+00
5.899999999999999689e-01        2.620488135593220136e+00        1.137571477777777895e+00
5.999999999999999778e-01        2.624810169491525347e+00        1.139665922222222294e+00
6.099999999999999867e-01        2.629132203389830558e+00        1.141760366666666693e+00
6.199999999999999956e-01        2.633454237288135324e+00        1.143854811111111092e+00
6.300000000000000044e-01        2.637776271186440535e+00        1.145949255555555713e+00
6.400000000000000133e-01        2.642098305084745746e+00        1.148043700000000111e+00
6.500000000000000222e-01        2.646420338983050513e+00        1.150138144444444510e+00
6.600000000000000311e-01        2.650843835616438326e+00        1.153062718264840303e+00
6.700000000000000400e-01        2.655432876712328749e+00        1.157341713698630148e+00
6.800000000000000488e-01        2.660021917808219172e+00        1.161620709132420215e+00
6.899999999999999467e-01        2.664610958904109594e+00        1.165899704566210060e+00
6.999999999999999556e-01        2.669200000000000017e+00        1.170178699999999905e+00
7.099999999999999645e-01        2.675699999999999967e+00        1.175496309999999989e+00
7.199999999999999734e-01        2.682199999999999918e+00        1.180813919999999850e+00
7.299999999999999822e-01        2.688699999999999868e+00        1.186131529999999934e+00
7.399999999999999911e-01        2.695199999999999818e+00        1.191449140000000018e+00
7.500000000000000000e-01        2.701699999999999768e+00        1.196766750000000101e+00
7.600000000000000089e-01        2.708200000000000163e+00        1.202084359999999963e+00
7.700000000000000178e-01        2.714700000000000113e+00        1.207401970000000047e+00
7.800000000000000266e-01        2.721200000000000063e+00        1.212719580000000130e+00
7.900000000000000355e-01        2.727700000000000014e+00        1.218037189999999992e+00
8.000000000000000444e-01        2.734199999999999964e+00        1.223354800000000075e+00
8.100000000000000533e-01        2.740619999999999834e+00        1.228256809999999977e+00
8.199999999999999512e-01        2.747039999999999704e+00        1.233158820000000100e+00
8.299999999999999600e-01        2.753460000000000019e+00        1.238060830000000001e+00
8.399999999999999689e-01        2.759879999999999889e+00        1.242962839999999902e+00
8.499999999999999778e-01        2.766299999999999759e+00        1.247864850000000025e+00
8.599999999999999867e-01        2.772720000000000073e+00        1.252766859999999927e+00
8.699999999999999956e-01        2.779139999999999944e+00        1.257668870000000050e+00
8.800000000000000044e-01        2.785559999999999814e+00        1.262570879999999951e+00
8.900000000000000133e-01        2.791980000000000128e+00        1.267472890000000074e+00
9.000000000000000222e-01        2.798399999999999999e+00        1.272374899999999975e+00
9.100000000000000311e-01        2.804819999999999869e+00        1.276213150000000018e+00
9.200000000000000400e-01        2.811240000000000183e+00        1.280051400000000061e+00
9.300000000000000488e-01        2.817660000000000053e+00        1.283889649999999882e+00
9.399999999999999467e-01        2.824079999999999924e+00        1.287727899999999925e+00
9.499999999999999556e-01        2.830499999999999794e+00        1.291566149999999968e+00
9.599999999999999645e-01        2.836920000000000108e+00        1.295404400000000011e+00
9.699999999999999734e-01        2.843339999999999979e+00        1.299242650000000054e+00
9.799999999999999822e-01        2.849759999999999849e+00        1.303080899999999875e+00
9.899999999999999911e-01        2.856180000000000163e+00        1.306919149999999918e+00
1.000000000000000000e+00        2.862600000000000033e+00        1.310757399999999961e+00
1.010000000000000009e+00        2.869260000000000144e+00        1.315389600000000048e+00
1.020000000000000018e+00        2.875919999999999810e+00        1.320021799999999912e+00
1.030000000000000027e+00        2.882579999999999920e+00        1.324653999999999998e+00
1.040000000000000036e+00        2.889240000000000030e+00        1.329286199999999862e+00
1.050000000000000044e+00        2.895900000000000141e+00        1.333918399999999949e+00
1.060000000000000053e+00        2.902559999999999807e+00        1.338550600000000035e+00
1.070000000000000062e+00        2.909219999999999917e+00        1.343182799999999899e+00
1.080000000000000071e+00        2.915880000000000027e+00        1.347814999999999985e+00
1.090000000000000080e+00        2.922539999999999694e+00        1.352447199999999849e+00
1.100000000000000089e+00        2.929199999999999804e+00        1.357079399999999936e+00
1.110000000000000098e+00        2.934926666666666684e+00        1.360484573333333280e+00
1.120000000000000107e+00        2.940653333333333119e+00        1.363889746666666625e+00
1.129999999999999893e+00        2.946379999999999555e+00        1.367294919999999969e+00
1.139999999999999902e+00        2.952106666666666435e+00        1.370700093333333314e+00
1.149999999999999911e+00        2.957833333333332870e+00        1.374105266666666658e+00
1.159999999999999920e+00        2.963559999999999750e+00        1.377510440000000003e+00
1.169999999999999929e+00        2.969286666666666630e+00        1.380915613333333347e+00
1.179999999999999938e+00        2.975013333333333065e+00        1.384320786666666692e+00
1.189999999999999947e+00        2.980739999999999945e+00        1.387725960000000036e+00
1.199999999999999956e+00        2.986466666666666381e+00        1.391131133333333381e+00
1.209999999999999964e+00        2.992193333333333261e+00        1.394536306666666725e+00
1.219999999999999973e+00        2.997919999999999696e+00        1.397941480000000070e+00
1.229999999999999982e+00        3.003646666666666576e+00        1.401346653333333414e+00
1.239999999999999991e+00        3.009373333333333012e+00        1.404751826666666759e+00
1.250000000000000000e+00        3.015099999999999891e+00        1.408157000000000103e+00
1.260000000000000009e+00        3.020340000000000025e+00        1.411688066666666685e+00
1.270000000000000018e+00        3.025579999999999714e+00        1.415219133333333490e+00
1.280000000000000027e+00        3.030819999999999848e+00        1.418750200000000072e+00
1.290000000000000036e+00        3.036059999999999981e+00        1.422281266666666655e+00
1.300000000000000044e+00        3.041300000000000114e+00        1.425812333333333459e+00
1.310000000000000053e+00        3.046540000000000248e+00        1.429343400000000042e+00
1.320000000000000062e+00        3.051779999999999937e+00        1.432874466666666624e+00
1.330000000000000071e+00        3.057020000000000071e+00        1.436405533333333429e+00
1.340000000000000080e+00        3.062260000000000204e+00        1.439936600000000011e+00
1.350000000000000089e+00        3.067499999999999893e+00        1.443467666666666815e+00
1.360000000000000098e+00        3.072740000000000027e+00        1.446998733333333398e+00
1.370000000000000107e+00        3.077980000000000160e+00        1.450529799999999980e+00
1.379999999999999893e+00        3.083219999999999850e+00        1.454060866666666563e+00
1.389999999999999902e+00        3.088459999999999983e+00        1.457591933333333367e+00
1.399999999999999911e+00        3.093700000000000117e+00        1.461122999999999950e+00
1.409999999999999920e+00        3.098400000000000265e+00        1.464541549999999859e+00
1.419999999999999929e+00        3.103099999999999969e+00        1.467960099999999990e+00
1.429999999999999938e+00        3.107800000000000118e+00        1.471378649999999899e+00
1.439999999999999947e+00        3.112499999999999822e+00        1.474797200000000030e+00
1.449999999999999956e+00        3.117199999999999971e+00        1.478215749999999939e+00
1.459999999999999964e+00        3.121900000000000119e+00        1.481634299999999849e+00
1.469999999999999973e+00        3.126599999999999824e+00        1.485052849999999980e+00
1.479999999999999982e+00        3.131299999999999972e+00        1.488471399999999889e+00
1.489999999999999991e+00        3.135999999999999677e+00        1.491889950000000020e+00
1.500000000000000000e+00        3.140699999999999825e+00        1.495308499999999929e+00
1.510000000000000009e+00        3.144926666666666648e+00        1.498611366666666500e+00
1.520000000000000018e+00        3.149153333333333027e+00        1.501914233333333293e+00
1.530000000000000027e+00        3.153379999999999850e+00        1.505217099999999864e+00
1.540000000000000036e+00        3.157606666666666673e+00        1.508519966666666656e+00
1.550000000000000044e+00        3.161833333333333051e+00        1.511822833333333227e+00
1.560000000000000053e+00        3.166059999999999874e+00        1.515125700000000020e+00
1.570000000000000062e+00        3.170286666666666697e+00        1.518428566666666590e+00
1.580000000000000071e+00        3.174513333333333076e+00        1.521731433333333383e+00
1.590000000000000080e+00        3.178739999999999899e+00        1.525034299999999954e+00
1.600000000000000089e+00        3.182966666666666722e+00        1.528337166666666747e+00
1.610000000000000098e+00        3.187193333333333101e+00        1.531640033333333317e+00
1.620000000000000107e+00        3.191419999999999924e+00        1.534942900000000110e+00
1.629999999999999893e+00        3.195646666666666746e+00        1.538245766666666681e+00
1.639999999999999902e+00        3.199873333333333125e+00        1.541548633333333473e+00
1.649999999999999911e+00        3.204099999999999948e+00        1.544851500000000044e+00
1.659999999999999920e+00        3.208479999999999777e+00        1.548488426666666751e+00
1.669999999999999929e+00        3.212860000000000049e+00        1.552125353333333457e+00
1.679999999999999938e+00        3.217239999999999878e+00        1.555762279999999942e+00
1.689999999999999947e+00        3.221620000000000150e+00        1.559399206666666649e+00
1.699999999999999956e+00        3.225999999999999979e+00        1.563036133333333355e+00
1.709999999999999964e+00        3.230379999999999807e+00        1.566673060000000062e+00
1.719999999999999973e+00        3.234760000000000080e+00        1.570309986666666768e+00
1.729999999999999982e+00        3.239139999999999908e+00        1.573946913333333253e+00
1.739999999999999991e+00        3.243520000000000181e+00        1.577583839999999960e+00
1.750000000000000000e+00        3.247900000000000009e+00        1.581220766666666666e+00
1.760000000000000009e+00        3.252279999999999838e+00        1.584857693333333373e+00
1.770000000000000018e+00        3.256660000000000110e+00        1.588494620000000079e+00
1.780000000000000027e+00        3.261039999999999939e+00        1.592131546666666564e+00
1.790000000000000036e+00        3.265420000000000211e+00        1.595768473333333271e+00
1.800000000000000044e+00        3.269800000000000040e+00        1.599405399999999977e+00
1.810000000000000053e+00        3.273565000000000058e+00        1.602540075000000064e+00
1.820000000000000062e+00        3.277330000000000076e+00        1.605674749999999928e+00
1.830000000000000071e+00        3.281095000000000095e+00        1.608809425000000015e+00
1.840000000000000080e+00        3.284860000000000113e+00        1.611944099999999880e+00
1.850000000000000089e+00        3.288625000000000131e+00        1.615078774999999967e+00
1.860000000000000098e+00        3.292390000000000150e+00        1.618213450000000053e+00
1.870000000000000107e+00        3.296155000000000168e+00        1.621348124999999918e+00
1.879999999999999893e+00        3.299919999999999742e+00        1.624482800000000005e+00
1.889999999999999902e+00        3.303684999999999761e+00        1.627617474999999869e+00
1.899999999999999911e+00        3.307449999999999779e+00        1.630752149999999956e+00
1.909999999999999920e+00        3.311214999999999797e+00        1.633886824999999821e+00
1.919999999999999929e+00        3.314979999999999816e+00        1.637021499999999907e+00
1.929999999999999938e+00        3.318744999999999834e+00        1.640156174999999994e+00
1.939999999999999947e+00        3.322509999999999852e+00        1.643290849999999859e+00
1.949999999999999956e+00        3.326274999999999871e+00        1.646425524999999945e+00
1.959999999999999964e+00        3.330039999999999889e+00        1.649560200000000032e+00
1.969999999999999973e+00        3.333804999999999907e+00        1.652694874999999897e+00
1.979999999999999982e+00        3.337569999999999926e+00        1.655829549999999983e+00
1.989999999999999991e+00        3.341334999999999944e+00        1.658964224999999848e+00
2.000000000000000000e+00        3.345099999999999962e+00        1.662098899999999935e+00
2.009999999999999787e+00        3.348770000000000024e+00        1.665540344999999922e+00
2.020000000000000018e+00        3.352440000000000087e+00        1.668981789999999910e+00
2.029999999999999805e+00        3.356109999999999705e+00        1.672423234999999897e+00
2.040000000000000036e+00        3.359779999999999767e+00        1.675864679999999884e+00
2.049999999999999822e+00        3.363449999999999829e+00        1.679306124999999872e+00
2.060000000000000053e+00        3.367119999999999891e+00        1.682747569999999859e+00
2.069999999999999840e+00        3.370789999999999953e+00        1.686189014999999847e+00
2.080000000000000071e+00        3.374460000000000015e+00        1.689630459999999834e+00
2.089999999999999858e+00        3.378129999999999633e+00        1.693071904999999822e+00
2.100000000000000089e+00        3.381800000000000139e+00        1.696513350000000031e+00
2.109999999999999876e+00        3.385469999999999757e+00        1.699954794999999796e+00
2.120000000000000107e+00        3.389139999999999819e+00        1.703396240000000006e+00
2.129999999999999893e+00        3.392809999999999881e+00        1.706837684999999771e+00
2.140000000000000124e+00        3.396479999999999944e+00        1.710279129999999981e+00
2.149999999999999911e+00        3.400150000000000006e+00        1.713720574999999746e+00
2.160000000000000142e+00        3.403820000000000068e+00        1.717162019999999956e+00
2.169999999999999929e+00        3.407489999999999686e+00        1.720603464999999943e+00
2.180000000000000160e+00        3.411159999999999748e+00        1.724044909999999931e+00
2.189999999999999947e+00        3.414829999999999810e+00        1.727486354999999918e+00
2.200000000000000178e+00        3.418499999999999872e+00        1.730927799999999905e+00
2.209999999999999964e+00        3.421734999999999971e+00        1.734095299999999895e+00
2.220000000000000195e+00        3.424970000000000070e+00        1.737262799999999885e+00
2.229999999999999982e+00        3.428204999999999725e+00        1.740430299999999875e+00
2.240000000000000213e+00        3.431439999999999824e+00        1.743597799999999864e+00
2.250000000000000000e+00        3.434674999999999923e+00        1.746765299999999854e+00
2.259999999999999787e+00        3.437910000000000021e+00        1.749932799999999844e+00
2.270000000000000018e+00        3.441145000000000120e+00        1.753100299999999834e+00
2.279999999999999805e+00        3.444379999999999775e+00        1.756267799999999824e+00
2.290000000000000036e+00        3.447614999999999874e+00        1.759435299999999813e+00
2.299999999999999822e+00        3.450849999999999973e+00        1.762602799999999803e+00
2.310000000000000053e+00        3.454085000000000072e+00        1.765770300000000015e+00
2.319999999999999840e+00        3.457319999999999727e+00        1.768937799999999783e+00
2.330000000000000071e+00        3.460554999999999826e+00        1.772105299999999994e+00
2.339999999999999858e+00        3.463789999999999925e+00        1.775272799999999984e+00
2.350000000000000089e+00        3.467025000000000023e+00        1.778440299999999974e+00
2.359999999999999876e+00        3.470260000000000122e+00        1.781607799999999964e+00
2.370000000000000107e+00        3.473495000000000221e+00        1.784775299999999953e+00
2.379999999999999893e+00        3.476729999999999876e+00        1.787942799999999943e+00
2.390000000000000124e+00        3.479964999999999975e+00        1.791110299999999933e+00
2.399999999999999911e+00        3.483200000000000074e+00        1.794277799999999923e+00
2.410000000000000142e+00        3.486499999999999932e+00        1.797626815000000100e+00
2.419999999999999929e+00        3.489800000000000235e+00        1.800975829999999833e+00
2.430000000000000160e+00        3.493100000000000094e+00        1.804324845000000010e+00
2.439999999999999947e+00        3.496399999999999952e+00        1.807673859999999966e+00
2.450000000000000178e+00        3.499700000000000255e+00        1.811022874999999921e+00
2.459999999999999964e+00        3.503000000000000114e+00        1.814371889999999876e+00
2.470000000000000195e+00        3.506299999999999972e+00        1.817720905000000053e+00
2.479999999999999982e+00        3.509599999999999831e+00        1.821069920000000009e+00
2.490000000000000213e+00        3.512900000000000134e+00        1.824418934999999964e+00
2.500000000000000000e+00        3.516199999999999992e+00        1.827767949999999919e+00
2.509999999999999787e+00        3.519499999999999851e+00        1.831116964999999874e+00
2.520000000000000018e+00        3.522800000000000153e+00        1.834465979999999830e+00
2.529999999999999805e+00        3.526100000000000012e+00        1.837814994999999785e+00
2.540000000000000036e+00        3.529399999999999871e+00        1.841164009999999962e+00
2.549999999999999822e+00        3.532699999999999729e+00        1.844513024999999917e+00
2.560000000000000053e+00        3.536000000000000032e+00        1.847862039999999872e+00
2.569999999999999840e+00        3.539299999999999891e+00        1.851211054999999828e+00
2.580000000000000071e+00        3.542599999999999749e+00        1.854560070000000005e+00
2.589999999999999858e+00        3.545900000000000052e+00        1.857909084999999738e+00
2.600000000000000089e+00        3.549199999999999910e+00        1.861258099999999915e+00
2.609999999999999876e+00        3.552024999999999988e+00        1.864415614999999748e+00
2.620000000000000107e+00        3.554850000000000065e+00        1.867573130000000026e+00
2.629999999999999893e+00        3.557674999999999699e+00        1.870730644999999859e+00
2.640000000000000124e+00        3.560499999999999776e+00        1.873888159999999914e+00
2.649999999999999911e+00        3.563324999999999854e+00        1.877045674999999969e+00
2.660000000000000142e+00        3.566149999999999931e+00        1.880203190000000024e+00
2.669999999999999929e+00        3.568975000000000009e+00        1.883360704999999857e+00
2.680000000000000160e+00        3.571800000000000086e+00        1.886518219999999912e+00
2.689999999999999947e+00        3.574625000000000163e+00        1.889675734999999968e+00
2.700000000000000178e+00        3.577450000000000241e+00        1.892833250000000023e+00
2.709999999999999964e+00        3.580274999999999874e+00        1.895990764999999856e+00
2.720000000000000195e+00        3.583099999999999952e+00        1.899148279999999911e+00
2.729999999999999982e+00        3.585925000000000029e+00        1.902305794999999966e+00
2.740000000000000213e+00        3.588750000000000107e+00        1.905463310000000021e+00
2.750000000000000000e+00        3.591575000000000184e+00        1.908620824999999854e+00
2.759999999999999787e+00        3.594400000000000261e+00        1.911778339999999909e+00
2.770000000000000018e+00        3.597225000000000339e+00        1.914935854999999965e+00
2.779999999999999805e+00        3.600049999999999972e+00        1.918093369999999798e+00
2.790000000000000036e+00        3.602875000000000050e+00        1.921250885000000075e+00
2.799999999999999822e+00        3.605700000000000127e+00        1.924408399999999908e+00
2.810000000000000053e+00        3.608910000000000284e+00        1.927560815000000094e+00
2.819999999999999840e+00        3.612119999999999997e+00        1.930713229999999836e+00
2.830000000000000071e+00        3.615330000000000155e+00        1.933865645000000022e+00
2.839999999999999858e+00        3.618540000000000312e+00        1.937018059999999986e+00
2.850000000000000089e+00        3.621750000000000025e+00        1.940170474999999950e+00
2.859999999999999876e+00        3.624960000000000182e+00        1.943322889999999914e+00
2.870000000000000107e+00        3.628170000000000339e+00        1.946475305000000100e+00
2.879999999999999893e+00        3.631380000000000052e+00        1.949627720000000064e+00
2.890000000000000124e+00        3.634590000000000209e+00        1.952780135000000028e+00
2.899999999999999911e+00        3.637800000000000367e+00        1.955932549999999992e+00
2.910000000000000142e+00        3.641010000000000080e+00        1.959084965000000178e+00
2.919999999999999929e+00        3.644220000000000237e+00        1.962237379999999920e+00
2.930000000000000160e+00        3.647430000000000394e+00        1.965389795000000106e+00
2.939999999999999947e+00        3.650640000000000107e+00        1.968542210000000070e+00
2.950000000000000178e+00        3.653850000000000264e+00        1.971694625000000034e+00
2.959999999999999964e+00        3.657059999999999977e+00        1.974847039999999998e+00
2.970000000000000195e+00        3.660270000000000135e+00        1.977999455000000184e+00
2.979999999999999982e+00        3.663480000000000292e+00        1.981151870000000148e+00
2.990000000000000213e+00        3.666690000000000449e+00        1.984304285000000112e+00
3.000000000000000000e+00        3.669900000000000162e+00        1.987456700000000076e+00
3.009999999999999787e+00        3.672499999999999876e+00        1.990206799999999943e+00
3.020000000000000018e+00        3.675100000000000033e+00        1.992956900000000031e+00
3.029999999999999805e+00        3.677700000000000191e+00        1.995707000000000120e+00
3.040000000000000036e+00        3.680299999999999905e+00        1.998457099999999986e+00
3.049999999999999822e+00        3.682900000000000063e+00        2.001207200000000075e+00
3.060000000000000053e+00        3.685500000000000220e+00        2.003957300000000163e+00
3.069999999999999840e+00        3.688099999999999934e+00        2.006707399999999808e+00
3.080000000000000071e+00        3.690700000000000092e+00        2.009457499999999897e+00
3.089999999999999858e+00        3.693299999999999805e+00        2.012207599999999985e+00
3.100000000000000089e+00        3.695899999999999963e+00        2.014957700000000074e+00
3.109999999999999876e+00        3.698739999999999917e+00        2.018181639999999888e+00
3.120000000000000107e+00        3.701579999999999870e+00        2.021405580000000146e+00
3.129999999999999893e+00        3.704419999999999824e+00        2.024629519999999960e+00
3.140000000000000124e+00        3.707259999999999778e+00        2.027853460000000219e+00
3.149999999999999911e+00        3.710099999999999731e+00        2.031077400000000033e+00
3.160000000000000142e+00        3.712940000000000129e+00        2.034301339999999847e+00
3.169999999999999929e+00        3.715780000000000083e+00        2.037525280000000105e+00
3.180000000000000160e+00        3.718620000000000037e+00        2.040749219999999919e+00
3.189999999999999947e+00        3.721459999999999990e+00        2.043973159999999734e+00
3.200000000000000178e+00        3.724299999999999944e+00        2.047197099999999992e+00
3.209999999999999964e+00        3.726979999999999738e+00        2.050106809999999946e+00
3.220000000000000195e+00        3.729659999999999975e+00        2.053016519999999900e+00
3.229999999999999982e+00        3.732339999999999769e+00        2.055926229999999855e+00
3.240000000000000213e+00        3.735020000000000007e+00        2.058835939999999809e+00
3.250000000000000000e+00        3.737699999999999800e+00        2.061745649999999763e+00
3.259999999999999787e+00        3.740380000000000038e+00        2.064655359999999718e+00
3.270000000000000018e+00        3.743059999999999832e+00        2.067565070000000116e+00
3.279999999999999805e+00        3.745739999999999625e+00        2.070474780000000070e+00
3.290000000000000036e+00        3.748419999999999863e+00        2.073384490000000024e+00
3.299999999999999822e+00        3.751099999999999657e+00        2.076294199999999979e+00
3.310000000000000053e+00        3.753779999999999895e+00        2.079203909999999933e+00
3.319999999999999840e+00        3.756459999999999688e+00        2.082113619999999887e+00
3.330000000000000071e+00        3.759139999999999926e+00        2.085023329999999842e+00
3.339999999999999858e+00        3.761819999999999720e+00        2.087933039999999796e+00
3.350000000000000089e+00        3.764499999999999957e+00        2.090842750000000194e+00
3.359999999999999876e+00        3.767179999999999751e+00        2.093752460000000148e+00
3.370000000000000107e+00        3.769859999999999989e+00        2.096662170000000103e+00
3.379999999999999893e+00        3.772539999999999782e+00        2.099571880000000057e+00
3.390000000000000124e+00        3.775220000000000020e+00        2.102481590000000011e+00
3.399999999999999911e+00        3.777899999999999814e+00        2.105391299999999966e+00
3.410000000000000142e+00        3.780529999999999724e+00        2.108233054999999911e+00
3.419999999999999929e+00        3.783159999999999634e+00        2.111074809999999857e+00
3.430000000000000160e+00        3.785789999999999988e+00        2.113916565000000247e+00
3.439999999999999947e+00        3.788419999999999899e+00        2.116758320000000193e+00
3.450000000000000178e+00        3.791049999999999809e+00        2.119600075000000139e+00
3.459999999999999964e+00        3.793679999999999719e+00        2.122441830000000085e+00
3.470000000000000195e+00        3.796310000000000073e+00        2.125283585000000031e+00
3.479999999999999982e+00        3.798939999999999984e+00        2.128125339999999976e+00
3.490000000000000213e+00        3.801569999999999894e+00        2.130967094999999922e+00
3.500000000000000000e+00        3.804199999999999804e+00        2.133808849999999868e+00
3.509999999999999787e+00        3.806829999999999714e+00        2.136650604999999814e+00
3.520000000000000018e+00        3.809459999999999624e+00        2.139492360000000204e+00
3.529999999999999805e+00        3.812089999999999534e+00        2.142334115000000150e+00
3.540000000000000036e+00        3.814719999999999889e+00        2.145175870000000096e+00
3.549999999999999822e+00        3.817349999999999799e+00        2.148017625000000042e+00
3.560000000000000053e+00        3.819979999999999709e+00        2.150859379999999987e+00
3.569999999999999840e+00        3.822609999999999619e+00        2.153701134999999933e+00
3.580000000000000071e+00        3.825239999999999974e+00        2.156542890000000323e+00
3.589999999999999858e+00        3.827869999999999884e+00        2.159384645000000269e+00
3.600000000000000089e+00        3.830499999999999794e+00        2.162226400000000215e+00
3.609999999999999876e+00        3.832929999999999726e+00        2.164764950000000354e+00
3.620000000000000107e+00        3.835359999999999658e+00        2.167303500000000049e+00
3.629999999999999893e+00        3.837790000000000035e+00        2.169842050000000189e+00
3.640000000000000124e+00        3.840219999999999967e+00        2.172380600000000328e+00
3.649999999999999911e+00        3.842649999999999899e+00        2.174919150000000023e+00
3.660000000000000142e+00        3.845079999999999831e+00        2.177457700000000163e+00
3.669999999999999929e+00        3.847509999999999764e+00        2.179996250000000302e+00
3.680000000000000160e+00        3.849940000000000140e+00        2.182534799999999997e+00
3.689999999999999947e+00        3.852370000000000072e+00        2.185073350000000136e+00
3.700000000000000178e+00        3.854800000000000004e+00        2.187611900000000276e+00
3.709999999999999964e+00        3.857229999999999936e+00        2.190150449999999971e+00
3.720000000000000195e+00        3.859660000000000313e+00        2.192689000000000110e+00
3.729999999999999982e+00        3.862090000000000245e+00        2.195227549999999805e+00
3.740000000000000213e+00        3.864520000000000177e+00        2.197766099999999945e+00
3.750000000000000000e+00        3.866950000000000109e+00        2.200304650000000084e+00
3.759999999999999787e+00        3.869380000000000042e+00        2.202843199999999779e+00
3.770000000000000018e+00        3.871809999999999974e+00        2.205381749999999919e+00
3.779999999999999805e+00        3.874240000000000350e+00        2.207920300000000058e+00
3.790000000000000036e+00        3.876670000000000282e+00        2.210458849999999753e+00
3.799999999999999822e+00        3.879100000000000215e+00        2.212997399999999892e+00
3.810000000000000053e+00        3.881460000000000132e+00        2.215876474999999957e+00
3.819999999999999840e+00        3.883820000000000050e+00        2.218755550000000021e+00
3.830000000000000071e+00        3.886180000000000412e+00        2.221634625000000085e+00
3.839999999999999858e+00        3.888540000000000330e+00        2.224513699999999705e+00
3.850000000000000089e+00        3.890900000000000247e+00        2.227392774999999769e+00
3.859999999999999876e+00        3.893260000000000165e+00        2.230271849999999834e+00
3.870000000000000107e+00        3.895620000000000083e+00        2.233150924999999898e+00
3.879999999999999893e+00        3.897980000000000000e+00        2.236029999999999962e+00
3.890000000000000124e+00        3.900339999999999918e+00        2.238909075000000026e+00
3.899999999999999911e+00        3.902700000000000280e+00        2.241788149999999646e+00
3.910000000000000142e+00        3.905060000000000198e+00        2.244667224999999711e+00
3.919999999999999929e+00        3.907420000000000115e+00        2.247546299999999775e+00
3.930000000000000160e+00        3.909780000000000033e+00        2.250425374999999839e+00
3.939999999999999947e+00        3.912139999999999951e+00        2.253304449999999903e+00
3.950000000000000178e+00        3.914499999999999869e+00        2.256183524999999968e+00
3.959999999999999964e+00        3.916859999999999786e+00        2.259062600000000032e+00
3.970000000000000195e+00        3.919220000000000148e+00        2.261941675000000096e+00
3.979999999999999982e+00        3.921580000000000066e+00        2.264820749999999716e+00
3.990000000000000213e+00        3.923939999999999984e+00        2.267699824999999780e+00
4.000000000000000000e+00        3.926299999999999901e+00        2.270578899999999845e+00
4.009999999999999787e+00        3.928491999999999873e+00        2.273344535999999749e+00
4.019999999999999574e+00        3.930683999999999845e+00        2.276110171999999654e+00
4.030000000000000249e+00        3.932875999999999816e+00        2.278875808000000003e+00
4.040000000000000036e+00        3.935067999999999788e+00        2.281641443999999908e+00
4.049999999999999822e+00        3.937259999999999760e+00        2.284407079999999812e+00
4.059999999999999609e+00        3.939451999999999732e+00        2.287172715999999717e+00
4.070000000000000284e+00        3.941644000000000148e+00        2.289938352000000066e+00
4.080000000000000071e+00        3.943836000000000119e+00        2.292703987999999971e+00
4.089999999999999858e+00        3.946027999999999647e+00        2.295469623999999875e+00
4.099999999999999645e+00        3.948219999999999619e+00        2.298235259999999780e+00
4.110000000000000320e+00        3.950412000000000035e+00        2.301000896000000129e+00
4.120000000000000107e+00        3.952604000000000006e+00        2.303766532000000034e+00
4.129999999999999893e+00        3.954795999999999978e+00        2.306532167999999938e+00
4.139999999999999680e+00        3.956987999999999950e+00        2.309297803999999843e+00
4.150000000000000355e+00        3.959179999999999922e+00        2.312063440000000192e+00
4.160000000000000142e+00        3.961371999999999893e+00        2.314829076000000097e+00
4.169999999999999929e+00        3.963563999999999865e+00        2.317594712000000001e+00
4.179999999999999716e+00        3.965755999999999837e+00        2.320360347999999906e+00
4.190000000000000391e+00        3.967947999999999809e+00        2.323125983999999811e+00
4.200000000000000178e+00        3.970139999999999780e+00        2.325891620000000160e+00
4.209999999999999964e+00        3.972331999999999752e+00        2.328657256000000064e+00
4.219999999999999751e+00        3.974523999999999724e+00        2.331422891999999969e+00
4.230000000000000426e+00        3.976716000000000140e+00        2.334188527999999874e+00
4.240000000000000213e+00        3.978908000000000111e+00        2.336954163999999778e+00
4.250000000000000000e+00        3.981099999999999639e+00        2.339719800000000127e+00
4.259999999999999787e+00        3.983291999999999611e+00        2.342485436000000032e+00
4.269999999999999574e+00        3.985483999999999583e+00        2.345251071999999937e+00
4.280000000000000249e+00        3.987675999999999998e+00        2.348016707999999841e+00
4.290000000000000036e+00        3.989867999999999970e+00        2.350782343999999746e+00
4.299999999999999822e+00        3.992059999999999942e+00        2.353547980000000095e+00
4.309999999999999609e+00        3.994251999999999914e+00        2.356313616000000000e+00
4.320000000000000284e+00        3.996443999999999885e+00        2.359079251999999904e+00
4.330000000000000071e+00        3.998635999999999857e+00        2.361844887999999809e+00
4.339999999999999858e+00        4.000827999999999385e+00        2.364610523999999714e+00
4.349999999999999645e+00        4.003019999999999357e+00        2.367376159999999619e+00
4.360000000000000320e+00        4.005212000000000216e+00        2.370141795999999967e+00
4.370009999999999728e+00        4.007406191999999479e+00        2.372910197636000085e+00
4.380010000000000403e+00        4.009598192000000338e+00        2.375675833635999989e+00
4.390010000000000190e+00        4.011790192000000310e+00        2.378441469635999894e+00
4.400009999999999977e+00        4.013982192000000282e+00        2.381207105635999799e+00
4.410009999999999764e+00        4.016174191999999366e+00        2.383972741635999704e+00
4.420010000000000439e+00        4.018366192000000225e+00        2.386738377636000052e+00
4.430010000000000225e+00        4.020558192000000197e+00        2.389504013635999957e+00
4.440010000000000012e+00        4.022750192000000169e+00        2.392269649635999862e+00
4.450009999999999799e+00        4.024942192000000141e+00        2.395035285635999767e+00
4.460009999999999586e+00        4.027134192000000112e+00        2.397800921635999671e+00
4.470010000000000261e+00        4.029326192000000084e+00        2.400566557636000020e+00
4.480010000000000048e+00        4.031518192000000056e+00        2.403332193635999925e+00
4.490009999999999835e+00        4.033710192000000028e+00        2.406097829635999830e+00
4.500009999999999621e+00        4.035901914000000090e+00        2.408863374449999650e+00
4.510010000000000296e+00        4.037815914000000284e+00        2.411537824449999867e+00
4.520010000000000083e+00        4.039729913999999589e+00        2.414212274450000084e+00
4.530009999999999870e+00        4.041643913999999782e+00        2.416886724449999857e+00
4.540009999999999657e+00        4.043557913999999975e+00        2.419561174450000074e+00
4.550010000000000332e+00        4.045471914000000169e+00        2.422235624450000291e+00
4.560010000000000119e+00        4.047385913999999474e+00        2.424910074450000064e+00
4.570009999999999906e+00        4.049299913999999667e+00        2.427584524449999837e+00
4.580009999999999692e+00        4.051213913999999860e+00        2.430258974450000053e+00
4.590010000000000367e+00        4.053127914000000054e+00        2.432933424450000270e+00
4.600010000000000154e+00        4.055041914000000247e+00        2.435607874450000043e+00
4.610009999999999941e+00        4.056955913999999552e+00        2.438282324449999816e+00
4.620009999999999728e+00        4.058869913999999746e+00        2.440956774450000033e+00
4.630010000000000403e+00        4.060783913999999939e+00        2.443631224450000250e+00
4.640010000000000190e+00        4.062697914000000132e+00        2.446305674450000023e+00
4.650009999999999977e+00        4.064611913999999437e+00        2.448980124450000240e+00
4.660009999999999764e+00        4.066525913999999631e+00        2.451654574450000013e+00
4.670010000000000439e+00        4.068439913999999824e+00        2.454329024450000230e+00
4.680010000000000225e+00        4.070353914000000017e+00        2.457003474450000002e+00
4.690010000000000012e+00        4.072267914000000211e+00        2.459677924450000219e+00
4.700009999999999799e+00        4.074181913999999516e+00        2.462352374449999992e+00
4.710009999999999586e+00        4.076095913999999709e+00        2.465026824449999765e+00
4.720010000000000261e+00        4.078009913999999903e+00        2.467701274449999982e+00
4.730010000000000048e+00        4.079923914000000096e+00        2.470375724450000199e+00
4.740009999999999835e+00        4.081837913999999401e+00        2.473050174449999972e+00
4.750009999999999621e+00        4.083751913999999594e+00        2.475724624449999745e+00
4.760010000000000296e+00        4.085665913999999788e+00        2.478399074449999961e+00
4.770010000000000083e+00        4.087579913999999981e+00        2.481073524450000178e+00
4.780009999999999870e+00        4.089493914000000174e+00        2.483747974449999951e+00
4.790009999999999657e+00        4.091407913999999479e+00        2.486422424450000168e+00
4.800010000000000332e+00        4.093321913999999673e+00        2.489096874450000385e+00
4.810019999999999740e+00        4.095237828000000135e+00        2.491773998899999842e+00
4.820020000000000415e+00        4.097151827999999441e+00        2.494448448900000059e+00
4.830020000000000202e+00        4.099065827999999634e+00        2.497122898900000276e+00
4.840019999999999989e+00        4.100979827999999827e+00        2.499797348900000049e+00
4.850019999999999776e+00        4.102893828000000020e+00        2.502471798900000266e+00
4.860019999999999563e+00        4.104807827999999326e+00        2.505146248900000039e+00
4.870020000000000238e+00        4.106721827999999519e+00        2.507820698900000256e+00
4.880020000000000024e+00        4.108635827999999712e+00        2.510495148900000029e+00
4.890019999999999811e+00        4.110549827999999906e+00        2.513169598900000246e+00
4.900019999999999598e+00        4.112463827999999211e+00        2.515844048900000018e+00
4.910020000000000273e+00        4.114377827999999404e+00        2.518518498900000235e+00
4.920020000000000060e+00        4.116291827999999597e+00        2.521192948900000008e+00
4.930019999999999847e+00        4.118205827999999791e+00        2.523867398900000225e+00
4.940019999999999634e+00        4.120119827999999984e+00        2.526541848899999998e+00
4.950020000000000309e+00        4.122033828000000177e+00        2.529216298900000215e+00
4.960020000000000095e+00        4.123947827999999483e+00        2.531890748899999988e+00
4.970019999999999882e+00        4.125861827999999676e+00        2.534565198900000205e+00
4.980019999999999669e+00        4.127775827999999869e+00        2.537239648899999978e+00
4.990020000000000344e+00        4.129689828000000063e+00        2.539914098900000194e+00
