# wav(mic), n, k, y=0.4
2.999999999999999889e-01        1.675666666666666860e+00        6.728999999999999426e-01
3.099999999999999978e-01        1.697333333333333361e+00        6.864000000000000101e-01
3.200000000000000067e-01        1.719000000000000083e+00        6.998999999999999666e-01
3.300000000000000155e-01        1.739578947368421113e+00        7.115578947368420559e-01
3.400000000000000244e-01        1.758526315789473715e+00        7.204526315789473445e-01
3.499999999999999778e-01        1.776095238095238171e+00        7.290428571428571036e-01
3.599999999999999867e-01        1.792285714285714260e+00        7.373285714285714443e-01
3.699999999999999956e-01        1.809047619047619015e+00        7.458047619047618593e-01
3.800000000000000044e-01        1.826666666666666661e+00        7.545666666666667188e-01
3.900000000000000133e-01        1.844478260869565123e+00        7.625260869565217980e-01
4.000000000000000222e-01        1.862739130434782675e+00        7.686130434782609822e-01
4.099999999999999756e-01        1.881000000000000005e+00        7.747000000000000552e-01
4.199999999999999845e-01        1.898083333333333345e+00        7.779500000000000304e-01
4.299999999999999933e-01        1.915166666666666684e+00        7.812000000000000055e-01
4.400000000000000022e-01        1.931119999999999948e+00        7.838199999999999612e-01
4.500000000000000111e-01        1.946320000000000050e+00        7.860200000000000520e-01
4.600000000000000200e-01        1.961407407407407266e+00        7.882222222222222685e-01
4.699999999999999734e-01        1.975481481481481394e+00        7.904444444444445050e-01
4.799999999999999822e-01        1.989555555555555522e+00        7.926666666666667416e-01
4.899999999999999911e-01        2.003571428571428559e+00        7.946428571428572063e-01
5.000000000000000000e-01        2.017500000000000071e+00        7.962500000000000133e-01
5.100000000000000089e-01        2.031428571428571139e+00        7.978571428571428203e-01
5.200000000000000178e-01        2.044599999999999973e+00        7.990000000000000435e-01
5.300000000000000266e-01        2.057266666666666577e+00        7.998333333333333961e-01
5.400000000000000355e-01        2.069933333333333625e+00        8.006666666666667487e-01
5.500000000000000444e-01        2.081937499999999996e+00        8.015062500000000867e-01
5.600000000000000533e-01        2.093500000000000139e+00        8.023500000000000076e-01
5.699999999999999512e-01        2.105062500000000281e+00        8.031937499999999286e-01
5.799999999999999600e-01        2.116705882352941437e+00        8.038764705882353034e-01
5.899999999999999689e-01        2.128470588235294336e+00        8.043176470588234706e-01
5.999999999999999778e-01        2.140235294117647236e+00        8.047588235294117487e-01
6.099999999999999867e-01        2.152000000000000135e+00        8.052000000000000268e-01
6.199999999999999956e-01        2.164285714285714146e+00        8.038000000000000700e-01
6.300000000000000044e-01        2.176571428571428601e+00        8.024000000000000021e-01
6.400000000000000133e-01        2.188857142857142613e+00        8.010000000000000453e-01
6.500000000000000222e-01        2.199358974358974095e+00        7.982743589743589441e-01
6.600000000000000311e-01        2.208076923076923048e+00        7.942230769230769205e-01
6.700000000000000400e-01        2.216794871794872002e+00        7.901717948717948969e-01
6.800000000000000488e-01        2.225512820512820511e+00        7.861205128205127624e-01
6.899999999999999467e-01        2.232384615384615412e+00        7.838999999999999302e-01
6.999999999999999556e-01        2.238025641025640944e+00        7.828999999999999293e-01
7.099999999999999645e-01        2.243666666666666476e+00        7.818999999999999284e-01
7.199999999999999734e-01        2.249307692307692008e+00        7.808999999999999275e-01
7.299999999999999822e-01        2.256372093023255587e+00        7.809744186046511105e-01
7.399999999999999911e-01        2.264046511627906710e+00        7.815093023255813565e-01
7.500000000000000000e-01        2.271720930232557834e+00        7.820441860465116024e-01
7.600000000000000089e-01        2.279395348837208957e+00        7.825790697674418483e-01
7.700000000000000178e-01        2.286909090909090558e+00        7.820090909090909870e-01
7.800000000000000266e-01        2.294181818181817878e+00        7.797818181818182426e-01
7.900000000000000355e-01        2.301454545454545197e+00        7.775545454545454982e-01
8.000000000000000444e-01        2.308727272727272517e+00        7.753272727272727538e-01
8.100000000000000533e-01        2.315999999999999837e+00        7.731000000000000094e-01
8.199999999999999512e-01        2.320999999999999730e+00        7.719125000000000014e-01
8.299999999999999600e-01        2.325999999999999623e+00        7.707249999999999934e-01
8.399999999999999689e-01        2.330999999999999961e+00        7.695374999999999854e-01
8.499999999999999778e-01        2.335999999999999854e+00        7.683499999999999774e-01
8.599999999999999867e-01        2.340959999999999930e+00        7.673280000000000101e-01
8.699999999999999956e-01        2.345759999999999845e+00        7.669679999999999831e-01
8.800000000000000044e-01        2.350559999999999761e+00        7.666079999999999561e-01
8.900000000000000133e-01        2.355359999999999676e+00        7.662479999999999292e-01
9.000000000000000222e-01        2.360160000000000036e+00        7.658879999999999022e-01
9.100000000000000311e-01        2.364981132075471670e+00        7.655849056603772906e-01
9.200000000000000400e-01        2.369886792452830182e+00        7.655094339622641186e-01
9.300000000000000488e-01        2.374792452830188694e+00        7.654339622641509466e-01
9.399999999999999467e-01        2.379698113207547205e+00        7.653584905660376636e-01
9.499999999999999556e-01        2.384603773584905717e+00        7.652830188679244916e-01
9.599999999999999645e-01        2.389509433962264229e+00        7.652075471698113196e-01
9.699999999999999734e-01        2.394105263157894736e+00        7.652789473684210586e-01
9.799999999999999822e-01        2.398666666666666725e+00        7.653666666666666396e-01
9.899999999999999911e-01        2.403228070175438713e+00        7.654543859649123316e-01
1.000000000000000000e+00        2.407789473684210702e+00        7.655421052631579126e-01
1.010000000000000009e+00        2.412350877192982246e+00        7.656298245614034936e-01
1.020000000000000018e+00        2.416949152542372747e+00        7.657169491525424032e-01
1.030000000000000027e+00        2.421694915254237301e+00        7.658016949152542940e-01
1.040000000000000036e+00        2.426440677966101855e+00        7.658864406779660738e-01
1.050000000000000044e+00        2.431186440677965965e+00        7.659711864406779647e-01
1.060000000000000053e+00        2.435932203389830519e+00        7.660559322033898555e-01
1.070000000000000062e+00        2.440677966101695073e+00        7.661406779661017463e-01
1.080000000000000071e+00        2.445359374999999780e+00        7.661156249999999668e-01
1.090000000000000080e+00        2.449890625000000099e+00        7.658343749999999561e-01
1.100000000000000089e+00        2.454421874999999975e+00        7.655531249999999455e-01
1.110000000000000098e+00        2.458953124999999851e+00        7.652718749999999348e-01
1.120000000000000107e+00        2.463484374999999726e+00        7.649906249999999241e-01
1.129999999999999893e+00        2.468015625000000046e+00        7.647093750000000245e-01
1.139999999999999902e+00        2.472546874999999922e+00        7.644281250000000139e-01
1.149999999999999911e+00        2.476545454545454383e+00        7.639227272727272533e-01
1.159999999999999920e+00        2.480484848484848293e+00        7.633924242424242612e-01
1.169999999999999929e+00        2.484424242424242202e+00        7.628621212121211581e-01
1.179999999999999938e+00        2.488363636363636111e+00        7.623318181818181660e-01
1.189999999999999947e+00        2.492303030303030464e+00        7.618015151515151739e-01
1.199999999999999956e+00        2.496242424242424374e+00        7.612712121212121819e-01
1.209999999999999964e+00        2.499971830985915577e+00        7.608070422535211375e-01
1.219999999999999973e+00        2.503211267605633950e+00        7.604971830985916004e-01
1.229999999999999982e+00        2.506450704225351878e+00        7.601873239436619523e-01
1.239999999999999991e+00        2.509690140845070250e+00        7.598774647887324152e-01
1.250000000000000000e+00        2.512929577464788622e+00        7.595676056338028781e-01
1.260000000000000009e+00        2.516169014084506994e+00        7.592577464788732300e-01
1.270000000000000018e+00        2.519408450704225366e+00        7.589478873239436929e-01
1.280000000000000027e+00        2.522648648648648351e+00        7.587324324324324909e-01
1.290000000000000036e+00        2.525891891891891561e+00        7.588945945945946292e-01
1.300000000000000044e+00        2.529135135135134771e+00        7.590567567567567675e-01
1.310000000000000053e+00        2.532378378378377981e+00        7.592189189189189058e-01
1.320000000000000062e+00        2.535621621621621635e+00        7.593810810810811551e-01
1.330000000000000071e+00        2.538864864864864845e+00        7.595432432432432934e-01
1.340000000000000080e+00        2.542108108108108055e+00        7.597054054054054317e-01
1.350000000000000089e+00        2.545351351351351266e+00        7.598675675675675700e-01
1.360000000000000098e+00        2.548499999999999766e+00        7.598900000000000654e-01
1.370000000000000107e+00        2.551625000000000032e+00        7.598774999999999835e-01
1.379999999999999893e+00        2.554749999999999854e+00        7.598650000000000126e-01
1.389999999999999902e+00        2.557875000000000121e+00        7.598525000000000418e-01
1.399999999999999911e+00        2.560999999999999943e+00        7.598400000000000709e-01
1.409999999999999920e+00        2.564125000000000210e+00        7.598274999999999890e-01
1.419999999999999929e+00        2.567250000000000032e+00        7.598150000000000182e-01
1.429999999999999938e+00        2.570375000000000298e+00        7.598025000000000473e-01
1.439999999999999947e+00        2.573024096385542414e+00        7.596939759036145379e-01
1.449999999999999956e+00        2.575554216867470103e+00        7.595614457831325605e-01
1.459999999999999964e+00        2.578084337349397792e+00        7.594289156626505832e-01
1.469999999999999973e+00        2.580614457831325481e+00        7.592963855421687169e-01
1.479999999999999982e+00        2.583144578313253170e+00        7.591638554216867396e-01
1.489999999999999991e+00        2.585674698795180859e+00        7.590313253012048733e-01
1.500000000000000000e+00        2.588204819277108548e+00        7.588987951807228960e-01
1.510000000000000009e+00        2.590734939759036237e+00        7.587662650602410297e-01
1.520000000000000018e+00        2.593179775280899158e+00        7.590988764044944714e-01
1.530000000000000027e+00        2.595539325842696865e+00        7.598966292134832212e-01
1.540000000000000036e+00        2.597898876404494573e+00        7.606943820224719710e-01
1.550000000000000044e+00        2.600258426966292280e+00        7.614921348314607208e-01
1.560000000000000053e+00        2.602617977528089988e+00        7.622898876404494706e-01
1.570000000000000062e+00        2.604977528089887695e+00        7.630876404494382204e-01
1.580000000000000071e+00        2.607337078651685403e+00        7.638853932584269701e-01
1.590000000000000080e+00        2.609696629213483110e+00        7.646831460674157199e-01
1.600000000000000089e+00        2.612056179775280818e+00        7.654808988764045807e-01
1.610000000000000098e+00        2.614723404255319128e+00        7.662340425531914967e-01
1.620000000000000107e+00        2.617595744680850878e+00        7.669574468085106345e-01
1.629999999999999893e+00        2.620468085106383072e+00        7.676808510638297722e-01
1.639999999999999902e+00        2.623340425531914821e+00        7.684042553191489100e-01
1.649999999999999911e+00        2.626212765957447015e+00        7.691276595744680478e-01
1.659999999999999920e+00        2.629085106382978765e+00        7.698510638297871855e-01
1.669999999999999929e+00        2.631957446808510515e+00        7.705744680851063233e-01
1.679999999999999938e+00        2.634829787234042708e+00        7.712978723404254611e-01
1.689999999999999947e+00        2.637702127659574458e+00        7.720212765957445988e-01
1.699999999999999956e+00        2.640525252525252498e+00        7.726888888888888696e-01
1.709999999999999964e+00        2.643151515151515252e+00        7.731333333333333391e-01
1.719999999999999973e+00        2.645777777777778006e+00        7.735777777777776976e-01
1.729999999999999982e+00        2.648404040404040316e+00        7.740222222222221671e-01
1.739999999999999991e+00        2.651030303030303070e+00        7.744666666666666366e-01
1.750000000000000000e+00        2.653656565656565824e+00        7.749111111111111061e-01
1.760000000000000009e+00        2.656282828282828135e+00        7.753555555555555756e-01
1.770000000000000018e+00        2.658909090909090889e+00        7.758000000000000451e-01
1.780000000000000027e+00        2.661535353535353643e+00        7.762444444444445146e-01
1.790000000000000036e+00        2.664161616161615953e+00        7.766888888888888731e-01
1.800000000000000044e+00        2.666799999999999837e+00        7.771942857142857264e-01
1.810000000000000053e+00        2.669466666666666654e+00        7.778419047619048454e-01
1.820000000000000062e+00        2.672133333333333471e+00        7.784895238095238534e-01
1.830000000000000071e+00        2.674799999999999844e+00        7.791371428571428615e-01
1.840000000000000080e+00        2.677466666666666661e+00        7.797847619047619805e-01
1.850000000000000089e+00        2.680133333333333479e+00        7.804323809523809885e-01
1.860000000000000098e+00        2.682799999999999851e+00        7.810800000000001075e-01
1.870000000000000107e+00        2.685466666666666669e+00        7.817276190476191156e-01
1.879999999999999893e+00        2.688133333333333486e+00        7.823752380952381236e-01
1.889999999999999902e+00        2.690799999999999859e+00        7.830228571428572426e-01
1.899999999999999911e+00        2.693466666666666676e+00        7.836704761904762506e-01
1.909999999999999920e+00        2.696071428571428452e+00        7.841000000000000192e-01
1.919999999999999929e+00        2.698660714285714413e+00        7.844750000000000334e-01
1.929999999999999938e+00        2.701249999999999929e+00        7.848500000000000476e-01
1.939999999999999947e+00        2.703839285714285445e+00        7.852250000000000618e-01
1.949999999999999956e+00        2.706428571428571406e+00        7.856000000000000760e-01
1.959999999999999964e+00        2.709017857142856922e+00        7.859750000000000902e-01
1.969999999999999973e+00        2.711607142857142883e+00        7.863499999999999934e-01
1.979999999999999982e+00        2.714196428571428399e+00        7.867250000000000076e-01
1.989999999999999991e+00        2.716785714285714359e+00        7.871000000000000218e-01
2.000000000000000000e+00        2.719374999999999876e+00        7.874750000000000361e-01
2.009999999999999787e+00        2.721964285714285392e+00        7.878500000000000503e-01
2.020000000000000018e+00        2.724474576271186166e+00        7.882644067796610310e-01
2.029999999999999805e+00        2.726932203389830445e+00        7.887050847457627301e-01
2.040000000000000036e+00        2.729389830508474279e+00        7.891457627118644291e-01
2.049999999999999822e+00        2.731847457627118558e+00        7.895864406779661282e-01
2.060000000000000053e+00        2.734305084745762393e+00        7.900271186440678273e-01
2.069999999999999840e+00        2.736762711864406672e+00        7.904677966101695263e-01
2.080000000000000071e+00        2.739220338983050507e+00        7.909084745762712254e-01
2.089999999999999858e+00        2.741677966101694786e+00        7.913491525423729245e-01
2.100000000000000089e+00        2.744135593220338620e+00        7.917898305084746235e-01
2.109999999999999876e+00        2.746593220338982899e+00        7.922305084745763226e-01
2.120000000000000107e+00        2.749050847457626734e+00        7.926711864406780217e-01
2.129999999999999893e+00        2.751508474576271013e+00        7.931118644067797208e-01
2.140000000000000124e+00        2.753983999999999988e+00        7.935455999999999621e-01
2.149999999999999911e+00        2.756463999999999803e+00        7.939775999999999501e-01
2.160000000000000142e+00        2.758943999999999619e+00        7.944096000000000490e-01
2.169999999999999929e+00        2.761423999999999879e+00        7.948416000000000370e-01
2.180000000000000160e+00        2.763903999999999694e+00        7.952736000000000249e-01
2.189999999999999947e+00        2.766383999999999954e+00        7.957056000000000129e-01
2.200000000000000178e+00        2.768863999999999770e+00        7.961376000000000008e-01
2.209999999999999964e+00        2.771344000000000030e+00        7.965695999999999888e-01
2.220000000000000195e+00        2.773823999999999845e+00        7.970015999999999767e-01
2.229999999999999982e+00        2.776303999999999661e+00        7.974335999999999647e-01
2.240000000000000213e+00        2.778783999999999921e+00        7.978655999999999526e-01
2.250000000000000000e+00        2.781263999999999736e+00        7.982975999999999406e-01
2.259999999999999787e+00        2.783755725190839581e+00        7.986435114503817045e-01
2.270000000000000018e+00        2.786274809160305121e+00        7.987885496183205758e-01
2.279999999999999805e+00        2.788793893129770662e+00        7.989335877862595581e-01
2.290000000000000036e+00        2.791312977099236647e+00        7.990786259541984293e-01
2.299999999999999822e+00        2.793832061068702188e+00        7.992236641221374116e-01
2.310000000000000053e+00        2.796351145038167729e+00        7.993687022900762829e-01
2.319999999999999840e+00        2.798870229007633270e+00        7.995137404580152651e-01
2.330000000000000071e+00        2.801389312977099255e+00        7.996587786259541364e-01
2.339999999999999858e+00        2.803908396946564796e+00        7.998038167938931187e-01
2.350000000000000089e+00        2.806427480916030337e+00        7.999488549618321009e-01
2.359999999999999876e+00        2.808946564885495878e+00        8.000938931297709722e-01
2.370000000000000107e+00        2.811465648854961863e+00        8.002389312977099545e-01
2.379999999999999893e+00        2.813984732824427404e+00        8.003839694656488257e-01
2.390000000000000124e+00        2.816439716312056696e+00        8.004858156028368255e-01
2.399999999999999911e+00        2.818638297872340104e+00        8.004148936170212281e-01
2.410000000000000142e+00        2.820836879432623956e+00        8.003439716312056307e-01
2.419999999999999929e+00        2.823035460992907808e+00        8.002730496453900333e-01
2.430000000000000160e+00        2.825234042553191216e+00        8.002021276595744359e-01
2.439999999999999947e+00        2.827432624113475068e+00        8.001312056737588385e-01
2.450000000000000178e+00        2.829631205673758920e+00        8.000602836879432411e-01
2.459999999999999964e+00        2.831829787234042328e+00        7.999893617021276437e-01
2.470000000000000195e+00        2.834028368794326180e+00        7.999184397163120464e-01
2.479999999999999982e+00        2.836226950354610032e+00        7.998475177304964490e-01
2.490000000000000213e+00        2.838425531914893440e+00        7.997765957446808516e-01
2.500000000000000000e+00        2.840624113475177293e+00        7.997056737588652542e-01
2.509999999999999787e+00        2.842822695035461145e+00        7.996347517730496568e-01
2.520000000000000018e+00        2.845021276595744553e+00        7.995638297872340594e-01
2.529999999999999805e+00        2.847204081632653150e+00        7.994952380952380366e-01
2.540000000000000036e+00        2.849244897959183564e+00        7.994476190476190736e-01
2.549999999999999822e+00        2.851285714285714423e+00        7.993999999999999995e-01
2.560000000000000053e+00        2.853326530612244838e+00        7.993523809523809254e-01
2.569999999999999840e+00        2.855367346938775253e+00        7.993047619047618513e-01
2.580000000000000071e+00        2.857408163265306111e+00        7.992571428571428882e-01
2.589999999999999858e+00        2.859448979591836526e+00        7.992095238095238141e-01
2.600000000000000089e+00        2.861489795918367385e+00        7.991619047619047400e-01
2.609999999999999876e+00        2.863530612244897799e+00        7.991142857142856659e-01
2.620000000000000107e+00        2.865571428571428214e+00        7.990666666666665918e-01
2.629999999999999893e+00        2.867612244897959073e+00        7.990190476190476287e-01
2.640000000000000124e+00        2.869653061224489488e+00        7.989714285714285547e-01
2.649999999999999911e+00        2.871693877551020346e+00        7.989238095238094806e-01
2.660000000000000142e+00        2.873734693877550761e+00        7.988761904761904065e-01
2.669999999999999929e+00        2.875775510204081176e+00        7.988285714285713324e-01
2.680000000000000160e+00        2.877738853503184480e+00        7.987694267515923485e-01
2.689999999999999947e+00        2.879585987261146229e+00        7.986929936305732225e-01
2.700000000000000178e+00        2.881433121019107979e+00        7.986165605095540965e-01
2.709999999999999964e+00        2.883280254777069729e+00        7.985401273885349704e-01
2.720000000000000195e+00        2.885127388535031923e+00        7.984636942675158444e-01
2.729999999999999982e+00        2.886974522292993672e+00        7.983872611464968294e-01
2.740000000000000213e+00        2.888821656050955422e+00        7.983108280254777034e-01
2.750000000000000000e+00        2.890668789808917172e+00        7.982343949044585774e-01
2.759999999999999787e+00        2.892515923566878921e+00        7.981579617834394513e-01
2.770000000000000018e+00        2.894363057324840671e+00        7.980815286624203253e-01
2.779999999999999805e+00        2.896210191082802421e+00        7.980050955414011993e-01
2.790000000000000036e+00        2.898057324840764171e+00        7.979286624203821843e-01
2.799999999999999822e+00        2.899904458598725920e+00        7.978522292993630582e-01
2.810000000000000053e+00        2.901751592356688114e+00        7.977757961783439322e-01
2.819999999999999840e+00        2.903598726114649864e+00        7.976993630573248062e-01
2.830000000000000071e+00        2.905445859872611614e+00        7.976229299363056802e-01
2.839999999999999858e+00        2.907138554216867732e+00        7.975030120481927387e-01
2.850000000000000089e+00        2.908765060240964040e+00        7.973644578313252573e-01
2.859999999999999876e+00        2.910391566265060348e+00        7.972259036144577760e-01
2.870000000000000107e+00        2.912018072289156656e+00        7.970873493975902946e-01
2.879999999999999893e+00        2.913644578313252964e+00        7.969487951807229242e-01
2.890000000000000124e+00        2.915271084337349272e+00        7.968102409638554429e-01
2.899999999999999911e+00        2.916897590361445580e+00        7.966716867469879615e-01
2.910000000000000142e+00        2.918524096385542332e+00        7.965331325301204801e-01
2.919999999999999929e+00        2.920150602409638640e+00        7.963945783132529987e-01
2.930000000000000160e+00        2.921777108433734949e+00        7.962560240963855174e-01
2.939999999999999947e+00        2.923403614457831257e+00        7.961174698795180360e-01
2.950000000000000178e+00        2.925030120481927565e+00        7.959789156626505546e-01
2.959999999999999964e+00        2.926656626506023873e+00        7.958403614457831843e-01
2.970000000000000195e+00        2.928283132530120181e+00        7.957018072289157029e-01
2.979999999999999982e+00        2.929909638554216933e+00        7.955632530120482215e-01
2.990000000000000213e+00        2.931536144578313241e+00        7.954246987951807402e-01
3.000000000000000000e+00        2.933147727272726879e+00        7.953113636363636774e-01
3.009999999999999787e+00        2.934624999999999595e+00        7.954250000000000487e-01
3.020000000000000018e+00        2.936102272727272755e+00        7.955386363636364200e-01
3.029999999999999805e+00        2.937579545454545471e+00        7.956522727272726803e-01
3.040000000000000036e+00        2.939056818181818187e+00        7.957659090909090516e-01
3.049999999999999822e+00        2.940534090909090903e+00        7.958795454545454229e-01
3.060000000000000053e+00        2.942011363636363619e+00        7.959931818181817942e-01
3.069999999999999840e+00        2.943488636363636335e+00        7.961068181818181655e-01
3.080000000000000071e+00        2.944965909090909051e+00        7.962204545454545368e-01
3.089999999999999858e+00        2.946443181818181767e+00        7.963340909090909081e-01
3.100000000000000089e+00        2.947920454545454483e+00        7.964477272727272794e-01
3.109999999999999876e+00        2.949397727272727199e+00        7.965613636363636507e-01
3.120000000000000107e+00        2.950874999999999915e+00        7.966750000000000220e-01
3.129999999999999893e+00        2.952352272727272631e+00        7.967886363636363933e-01
3.140000000000000124e+00        2.953829545454545347e+00        7.969022727272727646e-01
3.149999999999999911e+00        2.955306818181818063e+00        7.970159090909091359e-01
3.160000000000000142e+00        2.956784090909091223e+00        7.971295454545455073e-01
3.169999999999999929e+00        2.958261363636363939e+00        7.972431818181818786e-01
3.180000000000000160e+00        2.959972972972972904e+00        7.972675675675675588e-01
3.189999999999999947e+00        2.961918918918919008e+00        7.972027027027026591e-01
3.200000000000000178e+00        2.963864864864865112e+00        7.971378378378378704e-01
3.209999999999999964e+00        2.965810810810810771e+00        7.970729729729729707e-01
3.220000000000000195e+00        2.967756756756756875e+00        7.970081081081080709e-01
3.229999999999999982e+00        2.969702702702702979e+00        7.969432432432432822e-01
3.240000000000000213e+00        2.971648648648648638e+00        7.968783783783783825e-01
3.250000000000000000e+00        2.973594594594594742e+00        7.968135135135134828e-01
3.259999999999999787e+00        2.975540540540540402e+00        7.967486486486486941e-01
3.270000000000000018e+00        2.977486486486486505e+00        7.966837837837837943e-01
3.279999999999999805e+00        2.979432432432432609e+00        7.966189189189188946e-01
3.290000000000000036e+00        2.981378378378378713e+00        7.965540540540541059e-01
3.299999999999999822e+00        2.983324324324324373e+00        7.964891891891892062e-01
3.310000000000000053e+00        2.985270270270270476e+00        7.964243243243243064e-01
3.319999999999999840e+00        2.987216216216216136e+00        7.963594594594595177e-01
3.330000000000000071e+00        2.989162162162162240e+00        7.962945945945946180e-01
3.339999999999999858e+00        2.991108108108108343e+00        7.962297297297297183e-01
3.350000000000000089e+00        2.993054054054054003e+00        7.961648648648649296e-01
3.359999999999999876e+00        2.995000000000000107e+00        7.961000000000000298e-01
3.370000000000000107e+00        2.996116751269035650e+00        7.950289340101522884e-01
3.379999999999999893e+00        2.997233502538071193e+00        7.939578680203045469e-01
3.390000000000000124e+00        2.998350253807106736e+00        7.928868020304568054e-01
3.399999999999999911e+00        2.999467005076142279e+00        7.918157360406091749e-01
3.410000000000000142e+00        3.000583756345177822e+00        7.907446700507614334e-01
3.419999999999999929e+00        3.001700507614213365e+00        7.896736040609136920e-01
3.430000000000000160e+00        3.002817258883248908e+00        7.886025380710659505e-01
3.439999999999999947e+00        3.003934010152284451e+00        7.875314720812183200e-01
3.450000000000000178e+00        3.005050761421319994e+00        7.864604060913705785e-01
3.459999999999999964e+00        3.006167512690355537e+00        7.853893401015228370e-01
3.470000000000000195e+00        3.007284263959391080e+00        7.843182741116750956e-01
3.479999999999999982e+00        3.008401015228426179e+00        7.832472081218274651e-01
3.490000000000000213e+00        3.009517766497461722e+00        7.821761421319797236e-01
3.500000000000000000e+00        3.010634517766497265e+00        7.811050761421319821e-01
3.509999999999999787e+00        3.011751269035532808e+00        7.800340101522843517e-01
3.520000000000000018e+00        3.012868020304568351e+00        7.789629441624366102e-01
3.529999999999999805e+00        3.013984771573603894e+00        7.778918781725888687e-01
3.540000000000000036e+00        3.015101522842639437e+00        7.768208121827411272e-01
3.549999999999999822e+00        3.016218274111674980e+00        7.757497461928933857e-01
3.560000000000000053e+00        3.017101449275362057e+00        7.750405797101449501e-01
3.569999999999999840e+00        3.017439613526569975e+00        7.751758454106280061e-01
3.580000000000000071e+00        3.017777777777777892e+00        7.753111111111111731e-01
3.589999999999999858e+00        3.018115942028985366e+00        7.754463768115942290e-01
3.600000000000000089e+00        3.018454106280193283e+00        7.755816425120772850e-01
3.609999999999999876e+00        3.018792270531400757e+00        7.757169082125604520e-01
3.620000000000000107e+00        3.019130434782608674e+00        7.758521739130435080e-01
3.629999999999999893e+00        3.019468599033816592e+00        7.759874396135265640e-01
3.640000000000000124e+00        3.019806763285024065e+00        7.761227053140097309e-01
3.649999999999999911e+00        3.020144927536231982e+00        7.762579710144927869e-01
3.660000000000000142e+00        3.020483091787439456e+00        7.763932367149758429e-01
3.669999999999999929e+00        3.020821256038647373e+00        7.765285024154590099e-01
3.680000000000000160e+00        3.021159420289854847e+00        7.766637681159420659e-01
3.689999999999999947e+00        3.021497584541062764e+00        7.767990338164251218e-01
3.700000000000000178e+00        3.021835748792270682e+00        7.769342995169082888e-01
3.709999999999999964e+00        3.022173913043478155e+00        7.770695652173913448e-01
3.720000000000000195e+00        3.022512077294686073e+00        7.772048309178744008e-01
3.729999999999999982e+00        3.022850241545893546e+00        7.773400966183575678e-01
3.740000000000000213e+00        3.023188405797101463e+00        7.774753623188406237e-01
3.750000000000000000e+00        3.023526570048309381e+00        7.776106280193236797e-01
3.759999999999999787e+00        3.023864734299516854e+00        7.777458937198068467e-01
3.770000000000000018e+00        3.024488687782805663e+00        7.780009049773756180e-01
3.779999999999999805e+00        3.025303167420814621e+00        7.783357466063348662e-01
3.790000000000000036e+00        3.026117647058823579e+00        7.786705882352941144e-01
3.799999999999999822e+00        3.026932126696832537e+00        7.790054298642534736e-01
3.810000000000000053e+00        3.027746606334841495e+00        7.793402714932127218e-01
3.819999999999999840e+00        3.028561085972850453e+00        7.796751131221719699e-01
3.830000000000000071e+00        3.029375565610859855e+00        7.800099547511312181e-01
3.839999999999999858e+00        3.030190045248868813e+00        7.803447963800905773e-01
3.850000000000000089e+00        3.031004524886877771e+00        7.806796380090498255e-01
3.859999999999999876e+00        3.031819004524886729e+00        7.810144796380090737e-01
3.870000000000000107e+00        3.032633484162895687e+00        7.813493212669683219e-01
3.879999999999999893e+00        3.033447963800905089e+00        7.816841628959276811e-01
3.890000000000000124e+00        3.034262443438914048e+00        7.820190045248869293e-01
3.899999999999999911e+00        3.035076923076923006e+00        7.823538461538461775e-01
3.910000000000000142e+00        3.035891402714931964e+00        7.826886877828054256e-01
3.919999999999999929e+00        3.036705882352940922e+00        7.830235294117646738e-01
3.930000000000000160e+00        3.037520361990950324e+00        7.833583710407240330e-01
3.939999999999999947e+00        3.038334841628959282e+00        7.836932126696832812e-01
3.950000000000000178e+00        3.039149321266968240e+00        7.840280542986425294e-01
3.959999999999999964e+00        3.039963800904977198e+00        7.843628959276017776e-01
3.970000000000000195e+00        3.040778280542986156e+00        7.846977375565611368e-01
3.979999999999999982e+00        3.041592760180995114e+00        7.850325791855203850e-01
3.990000000000000213e+00        3.042450643776823949e+00        7.853330472103003945e-01
4.000000000000000000e+00        3.043351931330471771e+00        7.855991416309012765e-01
4.009999999999999787e+00        3.044253218884120038e+00        7.858652360515021584e-01
4.019999999999999574e+00        3.045154506437767861e+00        7.861313304721030404e-01
4.030000000000000249e+00        3.046055793991416127e+00        7.863974248927039223e-01
4.040000000000000036e+00        3.046957081545064394e+00        7.866635193133046933e-01
4.049999999999999822e+00        3.047858369098712217e+00        7.869296137339055752e-01
4.059999999999999609e+00        3.048759656652360484e+00        7.871957081545064572e-01
4.070000000000000284e+00        3.049660944206008750e+00        7.874618025751073391e-01
4.080000000000000071e+00        3.050562231759656573e+00        7.877278969957081101e-01
4.089999999999999858e+00        3.051463519313304840e+00        7.879939914163089920e-01
4.099999999999999645e+00        3.052364806866952662e+00        7.882600858369098740e-01
4.110000000000000320e+00        3.053266094420600929e+00        7.885261802575107559e-01
4.120000000000000107e+00        3.054167381974248752e+00        7.887922746781116379e-01
4.129999999999999893e+00        3.055068669527897018e+00        7.890583690987124088e-01
4.139999999999999680e+00        3.055969957081545285e+00        7.893244635193132908e-01
4.150000000000000355e+00        3.056871244635193108e+00        7.895905579399141727e-01
4.160000000000000142e+00        3.057772532188841375e+00        7.898566523605150547e-01
4.169999999999999929e+00        3.058673819742489197e+00        7.901227467811158256e-01
4.179999999999999716e+00        3.059575107296137464e+00        7.903888412017167076e-01
4.190000000000000391e+00        3.060476394849785731e+00        7.906549356223175895e-01
4.200000000000000178e+00        3.061377682403433553e+00        7.909210300429184715e-01
4.209999999999999964e+00        3.062278969957081820e+00        7.911871244635193534e-01
4.219999999999999751e+00        3.063178137651822119e+00        7.914469635627530142e-01
4.230000000000000426e+00        3.064068825910931437e+00        7.916817813765182343e-01
4.240000000000000213e+00        3.064959514170040755e+00        7.919165991902834545e-01
4.250000000000000000e+00        3.065850202429150073e+00        7.921514170040485636e-01
4.259999999999999787e+00        3.066740890688259391e+00        7.923862348178137838e-01
4.269999999999999574e+00        3.067631578947368709e+00        7.926210526315788929e-01
4.280000000000000249e+00        3.068522267206478027e+00        7.928558704453441131e-01
4.290000000000000036e+00        3.069412955465587345e+00        7.930906882591093332e-01
4.299999999999999822e+00        3.070303643724696663e+00        7.933255060728744423e-01
4.309999999999999609e+00        3.071194331983805537e+00        7.935603238866396625e-01
4.320000000000000284e+00        3.072085020242915299e+00        7.937951417004048826e-01
4.330000000000000071e+00        3.072975708502024172e+00        7.940299595141701028e-01
4.339999999999999858e+00        3.073866396761133490e+00        7.942647773279352119e-01
4.349999999999999645e+00        3.074757085020242808e+00        7.944995951417004321e-01
4.360000000000000320e+00        3.075647773279352126e+00        7.947344129554656522e-01
4.370009999999999728e+00        3.076539352226720592e+00        7.949694655870445104e-01
4.380010000000000403e+00        3.077430040485829910e+00        7.952042834008097305e-01
4.390010000000000190e+00        3.078320728744939228e+00        7.954391012145749507e-01
4.400009999999999977e+00        3.079211417004048545e+00        7.956739190283400598e-01
4.410009999999999764e+00        3.080102105263157863e+00        7.959087368421052799e-01
4.420010000000000439e+00        3.080992793522267181e+00        7.961435546558705001e-01
4.430010000000000225e+00        3.081883481781376499e+00        7.963783724696356092e-01
4.440010000000000012e+00        3.082774170040485817e+00        7.966131902834008294e-01
4.450009999999999799e+00        3.083664858299595135e+00        7.968480080971660495e-01
4.460009999999999586e+00        3.084555546558704453e+00        7.970828259109311587e-01
4.470010000000000261e+00        3.085420687022900843e+00        7.972975229007633891e-01
4.480010000000000048e+00        3.086260381679389209e+00        7.974921793893130495e-01
4.490009999999999835e+00        3.087100076335878018e+00        7.976868358778625989e-01
4.500009999999999621e+00        3.087939770992366384e+00        7.978814923664122594e-01
4.510010000000000296e+00        3.088779465648855194e+00        7.980761488549618088e-01
4.520010000000000083e+00        3.089619160305343559e+00        7.982708053435114692e-01
4.530009999999999870e+00        3.090458854961831925e+00        7.984654618320611297e-01
4.540009999999999657e+00        3.091298549618320735e+00        7.986601183206106791e-01
4.550010000000000332e+00        3.092138244274809100e+00        7.988547748091603395e-01
4.560010000000000119e+00        3.092977938931297910e+00        7.990494312977098890e-01
4.570009999999999906e+00        3.093817633587786275e+00        7.992440877862595494e-01
4.580009999999999692e+00        3.094657328244274641e+00        7.994387442748092099e-01
4.590010000000000367e+00        3.095497022900763451e+00        7.996334007633587593e-01
4.600010000000000154e+00        3.096336717557251816e+00        7.998280572519084197e-01
4.610009999999999941e+00        3.097176412213740626e+00        8.000227137404580802e-01
4.620009999999999728e+00        3.098016106870228992e+00        8.002173702290076296e-01
4.630010000000000403e+00        3.098855801526717801e+00        8.004120267175572900e-01
4.640010000000000190e+00        3.099695496183206167e+00        8.006066832061068395e-01
4.650009999999999977e+00        3.100535190839694977e+00        8.008013396946564999e-01
4.660009999999999764e+00        3.101374885496183342e+00        8.009959961832061603e-01
4.670010000000000439e+00        3.102214580152671708e+00        8.011906526717557098e-01
4.680010000000000225e+00        3.103054274809160518e+00        8.013853091603053702e-01
4.690010000000000012e+00        3.103893969465648883e+00        8.015799656488549196e-01
4.700009999999999799e+00        3.104733664122137693e+00        8.017746221374045801e-01
4.710009999999999586e+00        3.105573358778626059e+00        8.019692786259542405e-01
4.720010000000000261e+00        3.106413053435114868e+00        8.021639351145037899e-01
4.730010000000000048e+00        3.107228194945848454e+00        8.023173862815884405e-01
4.740009999999999835e+00        3.107986317689531042e+00        8.023751480144404313e-01
4.750009999999999621e+00        3.108744440433213185e+00        8.024329097472924222e-01
4.760010000000000296e+00        3.109502563176895329e+00        8.024906714801444130e-01
4.770010000000000083e+00        3.110260685920577917e+00        8.025484332129964038e-01
4.780009999999999870e+00        3.111018808664260060e+00        8.026061949458483946e-01
4.790009999999999657e+00        3.111776931407942204e+00        8.026639566787003854e-01
4.800010000000000332e+00        3.112535054151624792e+00        8.027217184115523763e-01
4.810019999999999740e+00        3.113293935018050629e+00        8.027795379061372083e-01
4.820020000000000415e+00        3.114052057761733217e+00        8.028372996389891991e-01
4.830020000000000202e+00        3.114810180505415360e+00        8.028950613718411899e-01
4.840019999999999989e+00        3.115568303249097504e+00        8.029528231046931808e-01
4.850019999999999776e+00        3.116326425992780091e+00        8.030105848375450606e-01
4.860019999999999563e+00        3.117084548736462235e+00        8.030683465703970514e-01
4.870020000000000238e+00        3.117842671480144379e+00        8.031261083032490422e-01
4.880020000000000024e+00        3.118600794223826966e+00        8.031838700361010330e-01
4.890019999999999811e+00        3.119358916967509110e+00        8.032416317689530239e-01
4.900019999999999598e+00        3.120117039711191254e+00        8.032993935018050147e-01
4.910020000000000273e+00        3.120875162454873841e+00        8.033571552346570055e-01
4.920020000000000060e+00        3.121633285198555985e+00        8.034149169675089963e-01
4.930019999999999847e+00        3.122391407942238573e+00        8.034726787003609871e-01
4.940019999999999634e+00        3.123149530685920716e+00        8.035304404332129780e-01
4.950020000000000309e+00        3.123907653429602860e+00        8.035882021660649688e-01
4.960020000000000095e+00        3.124665776173285447e+00        8.036459638989169596e-01
4.970019999999999882e+00        3.125423898916967591e+00        8.037037256317689504e-01
4.980019999999999669e+00        3.126182021660649735e+00        8.037614873646209412e-01
4.990020000000000344e+00        3.126940144404332322e+00        8.038192490974729321e-01
